-8.42067             9.66704           -0.569475
9.51628            -5.96881             6.96341
-7.23289             8.73074            -6.12293
6.87796              5.0502            -6.52181
7.24326            -5.36973            -8.02423
0.242012             4.19019            -2.09754
-9.44731            -8.20368             2.46376
-4.26099            -1.63335             6.72903
8.29493            -2.56569            -9.26603
6.36494              1.2598            -9.63591
5.41734          -0.0656148           -0.975677
-6.17389             4.31013            -1.16489
4.44166             5.19395            -9.87854
3.94116             5.58367             9.62767
4.18958             4.59609            -3.57341
3.62529            -4.79751              5.4564
-1.47588            -2.86081             5.07767
0.207831            -1.79327             4.14991
6.61763             2.97983            0.463271
-9.70122             7.71874            -9.08719
-5.88244            -6.30604              7.0748
-0.246895            -4.50362            -4.78286
6.68722             2.08075             9.58678
-9.98932            -3.08298             6.71194
4.64766            -6.71072            0.894192
8.2757             8.18567             -1.7423
-7.86554             4.14991            -1.23447
7.4749             5.34654            -9.72289
4.31471             7.29453            -3.33872
9.50774            -5.33738             8.11487
-4.15296             2.41585            -5.03311
-0.348216             3.74401            -4.00586
1.45787            0.632344             4.78286
-3.51573           -0.146489            -7.62139
-0.530717            -8.49116            -1.47221
-6.15741            -3.57494            -4.82833
1.77557            0.133671             8.49055
-5.03555            -9.82604             9.36064
2.49275             2.53151             5.17716
-0.747703             3.13761             -4.7908
9.97986             9.11771            -7.13553
3.15043            0.814234             7.95709
9.34355             2.08747             2.10425
5.42467            -5.99261            -5.78478
-7.67693            -5.92486             -1.2186
-4.78896             2.02612             2.55989
-0.954314             0.58504             -7.8515
0.773949            -3.24717            -0.88992
1.42216            -8.50032            -9.06796
3.48033             2.34199             3.12571
2.66671             -1.3712            -9.26603
0.583514             5.54582             7.15262
8.1402             6.88833            -3.10373
-9.2993            -4.52193            -7.42332
8.02362             8.26533              -6.545
-4.2964             9.45585            -5.17777
0.0915555             7.07327            -2.06824
-0.938749            -2.73415             7.20115
4.02264             8.55098             8.00867
-1.43956            -7.93512             6.47786
6.58345            -4.60616             3.89172
5.85253             5.88427             6.94845
8.5757             -9.3469              -4.738
-6.46107             9.56938             4.50972
-4.60158            -1.45543             8.89615
9.39756             3.93139              3.6961
-4.86312             3.29325             7.26279
-7.41417            -6.26514           -0.344859
-5.55681             -4.5146             -8.0166
8.91964            -9.38261             1.28666
2.27088             4.49507             1.48778
6.93045             4.09009            -8.90164
0.334483            -9.21079            -5.72954
-3.7196             1.14719            -7.55638
-8.59523           -0.651875             6.04663
8.91018             6.94266            -6.68355
-9.82849             6.64541            -2.37526
6.83309             2.94565             7.86279
3.20536             2.32185            -8.26563
9.37803            -7.74133            -6.95914
-3.15317            -7.71203             5.56413
9.56633             3.45378            -3.40098
-5.85253            -5.24735           -0.930204
-4.93118             6.82424            -3.32041
-0.719626             2.61849            -5.34989
-4.7206            0.373547             7.73888
-0.807825             6.68844             7.04154
-7.22892            -2.23853              7.5576
4.36048             9.26145            -2.86203
9.45006            -5.61846          -0.0152593
-1.02145             -1.6953            -4.74349
-6.94815            -1.61596             2.78695
1.69317             8.88424            -7.08182
3.68114             3.79681             -8.2342
-1.9892            0.260933             9.62065
-5.65355           -0.314646             7.77215
6.91122            -2.45582             9.45006
-5.03983             1.18778            -1.09348
0.0122074             -1.2891            -6.53859
9.01486             -5.5211             3.37199
-5.18632            -6.21509           -0.994293
6.21723            -7.38853             1.79022
4.54024            -4.31623             8.22962
9.80773            0.992767             -7.0571
2.8724            -9.80499            -1.66662
-5.71612             6.82638             2.23029
-9.28343              4.9266            -2.80007
4.138            -2.13813             -6.4275
-0.698263             5.44908             6.56789
-7.91345             2.32398            -1.09012
-1.78014            -4.79385            -7.35252
9.32707            -6.10981             -7.6751
2.13477             1.59673            -8.76339
3.37535             7.89972            -4.16272
6.11408            -2.29133             9.90722
6.8923             6.61061             9.92218
4.12671             9.48027               3.361
5.36607             2.99417            0.424207
8.45546            -4.60372            -6.81509
9.06705            -8.08954            -1.37791
2.37373             6.01764            -2.55043
-3.48369             5.31236            -2.26356
-0.129704             7.28233            -7.84326
2.28797             9.02402             8.24793
8.35231             1.50212            -6.28529
-0.363475             4.46425             3.30729
-7.88781            -2.17841             6.12384
6.09729             8.96664            -2.33528
-0.259407            -5.51622             8.29707
2.3838             3.59355            -2.28217
6.07379             9.69298            -5.15702
0.888699            -9.05484             8.27204
-5.07492             9.50011            -2.12897
-0.314951             1.18503            -6.34693
0.372936            -6.27979           0.0482192
2.94229            0.659505            -6.31489
-3.91888             9.42381            -6.87826
0.846889            0.231941            -2.33772
7.83135             3.14096             5.17472
-0.177923            -1.86987             1.64464
-7.90155             6.99149             7.32963
-4.93118            -6.95547            -9.35911
-2.82876             7.05191             5.46098
7.07389             6.49464             6.11164
6.64632             2.81869             8.17469
3.87982             -6.2627             1.16062
3.7022            -9.24924            -3.45958
-2.17719            -5.27299             3.35185
6.67867           0.0201422            -6.99789
-9.15372             6.13086              1.7365
-9.69451             3.32713            -9.41893
6.65426              3.9787            -3.22825
-1.86316             1.64525              -5.721
-6.77877            -8.10327             2.58553
2.92642             8.07276             6.52333
-7.31132            -8.10541             6.51967
-3.08115           -0.398267             -5.1912
-2.33283             6.08661            -5.06638
5.07736                6.18             8.50307
2.52632             8.82321             5.80432
-9.33164             4.08094             2.60292
-7.43278           -0.638142             6.29231
3.455            -4.78164            -1.78716
4.52773            -9.89166             3.47056
-7.44774              5.1973             6.43696
3.66192            0.926542             1.99499
-6.15314            -8.73257            -9.40306
-6.45833           -0.216681             -2.7955
2.61238             8.15241             8.60775
-4.88083            -1.55705            -4.79995
-0.974761            -2.58827              8.7933
7.66289             1.74078            -3.02683
-6.86514            -2.49062            -8.50551
-3.85144             6.44704             1.34831
-7.81396            -2.20801            0.752586
5.63402            -7.35038            -4.40504
-7.77856              5.6032            -8.62026
-4.11481             -6.9393             6.70675
-9.1818            -1.92846            -1.66326
8.05872             -8.4933            -4.06598
-4.50575             3.34696            -6.43422
-3.06253             6.34388            -9.49614
8.56532             8.23695             6.21693
-3.39579             7.18863            -8.76064
3.37352            -2.01178             2.27332
7.13462             8.08924            -6.18397
1.30406             5.89038             -2.8135
-3.43089            -2.11951            -5.32517
0.213935          -0.0711081             7.80145
5.0853             9.67711             7.97143
7.67632             -7.4102             8.82626
-6.23707            -3.49467            -4.84664
1.62481            -3.15775            -4.84603
-0.252693            -9.62401            -8.71792
2.87637             1.89428            -7.91192
2.98563             -6.3686             1.45512
-2.34046           -0.696432             9.24802
7.76879             9.57945             7.33634
-3.57768             -4.0846            -6.56392
-7.04306            -7.10349            -1.68279
0.903653            -7.63909             -9.4113
-7.64946            -8.80734            -3.10068
-5.7625              9.6231            -2.09021
8.78689             -2.6664              5.3267
0.828578             9.72808             4.25306
9.70061            -3.21787             7.29972
3.50963             7.43828            -9.20225
-4.5848            -7.44407            -3.75378
9.43571            -5.73931            0.233467
-1.17679            -6.13788             9.67528
3.42845             5.20005            -7.40684
-3.3723            -7.26463            -6.58376
-1.55156              5.1323            -2.15552
-3.13578            -3.00546            -3.08481
-4.42061            -8.77438            -6.38661
9.26084              5.3148             2.68899
0.261544             4.54604            -7.42027
-6.41438             7.18284             4.82376
7.46696            -1.62114             1.55461
-3.62346             9.63866             6.44856
-1.89673             -1.5833            -8.42921
3.1785            -9.06156            -8.04529
5.11612            -5.07492             6.97348
5.08805            -6.90542            -5.19242
-7.44987             9.31608            -2.81686
-4.97208             5.66515             1.71361
-5.37065             5.43321             7.82434
-0.879543            -2.13569             8.77651
7.60277             9.95117             6.20411
3.20963             2.92154            -2.53365
-9.65606             8.80795             9.61516
7.9458            -9.07102              7.2219
3.55571             1.09348            -7.15751
3.04666            -7.80023              7.2869
-9.55504             9.66277            -6.31397
-7.30735             0.87466            -7.36076
-0.844752            -3.04575            -9.04263
-6.56789            -2.50038            -9.01761
2.00415            -3.97992             4.59578
0.0665304             5.85528             4.41969
8.33369            0.578021             8.46248
6.22639             7.87927             -5.5034
-7.63146            -2.99722            -6.39058
-8.51619            -7.89331             9.48668
-9.57091             7.60979            -4.96048
-4.47829            -8.30134            -3.44737
1.92663             8.44234            -6.91794
0.779443             6.26453             8.79086
8.69686             8.23969            -1.68615
-0.543229             5.10758             6.83309
3.93231             -5.2147           -0.400403
-2.42683            -4.54634            -5.73717
-8.08771             2.55898              1.7011
-0.232856            0.878018            -2.87362
2.13996             2.44362            0.637837
-3.50108             -3.2902             1.63396
9.92859            0.688192             9.61821
-9.78179            -1.68981             3.99884
-2.28309             8.86258             8.63216
4.38856             6.15558             6.04694
-8.89615            -3.47575            -3.26029
-9.62065             9.54527             9.31364
-6.70949            -3.43699             4.45204
-8.97885             4.18317            -2.72103
-8.14447             3.28959             5.02762
-9.02951             -2.1659             -3.9668
-0.0253304            -7.18711             5.52385
-8.54427            -7.90643             2.00659
5.77807            -3.35093            -7.65709
7.60521            -2.33863            -9.86847
0.696738             -7.1337             8.53267
-4.78195            -1.97607             5.72588
4.00159             9.03287             4.06507
-4.48469              3.9967            -6.19037
-3.29234            -8.31538             -7.1276
-5.45061            -1.99774             5.41856
8.13196             -9.5761             5.95965
1.25706            -7.22861            -3.09153
1.06113             4.80697             2.61299
1.04495            -8.25861             9.90509
7.66076            -3.64696           -0.909146
9.50957             9.40031             7.10196
-3.52977             5.68133             9.81811
5.94287            -6.03992             3.10068
-6.55782            -7.18528             2.55684
8.93216            -4.57747             1.60436
8.8049            -6.84774             5.32517
-2.45979              7.1984             8.02637
-4.99619            -6.96982             3.66558
6.93503            -8.43745           -0.853603
-5.27116              4.7087           -0.254524
-1.25401             2.70241             7.94214
9.69481             8.34803            -6.68325
5.70025            0.853298            -0.96408
2.37251             2.56935             4.78378
6.51601            0.816675            0.550554
5.05783            0.562456            -1.51555
7.6165            -3.34788            -6.31214
5.16037            -5.73931            -6.59291
-9.38017            0.614032            -6.20594
2.30567              8.1109              5.1915
5.02731             3.58989             4.78164
2.30049             6.26209           -0.424207
-7.99585             5.51134             6.05884
-8.78109            -1.57964            -3.11411
5.23667            -4.13678            0.298776
2.2251            -3.21238           -0.943327
-7.6986             -6.5096             1.08615
-4.6147             6.38966            -6.57643
6.70309             7.59728            -6.08692
-7.11478            -9.49675             6.08661
9.71374              9.8294            -7.93329
8.94833            -2.88461             6.23859
7.36259             5.41002             7.08243
9.40153              -1.095             3.08481
1.83477              8.6285             2.51137
-2.89041            -6.21174             6.24714
1.02115            -2.42286            -4.94797
0.47853             9.68169             4.35255
9.51079              3.4901             7.28721
1.40019              9.4171            -8.68709
-2.74789            -4.45967            -4.12152
6.30512              4.5616             5.42375
0.780358            -1.36448            -3.19926
1.28483             8.20826            -3.05277
-9.21018             1.06296             2.33711
-9.59197             4.86465             2.13111
3.49528            -7.66076            -2.14393
7.49626           -0.809961           -0.426954
4.88907            0.600909            -4.05683
3.25724             7.92383             9.20591
-8.25953            -1.16367            0.961333
4.91775             1.35655            -7.05374
-0.110477              9.9237           -0.248726
-4.83993            -4.79019             7.49504
5.53575             6.47816            -2.86721
7.82525           -0.257576             6.99332
1.82989            -5.75793             2.95267
6.55629            -8.80917            -1.97668
0.345164             3.67199            -7.25852
-4.21216            -9.97223            -8.54671
-3.1077           0.0299081             8.06604
0.690023             8.20276            -7.76605
-3.00302            -9.82177             3.84014
-7.16636            -9.63225            -4.13678
-2.21564             6.29841            -4.79019
-5.00168             8.59218             6.29353
9.3289             2.13385             2.00354
0.481887            -6.95029             8.33644
-7.30888             9.49004            -5.17747
-7.84265            -6.40126            -8.85067
-8.76278            -7.33879            -1.39592
0.70101            0.850246            -3.72326
-7.5988            -6.12201            -2.20832
7.66808             9.07346             9.68413
3.83465            -7.04184             4.61928
2.7662             3.25907            -9.26115
6.97378            -7.20267             9.84588
6.62709            -3.04453             5.82751
-9.41557             3.71654            -7.99646
1.47343            -3.49254            0.880764
0.991546           -0.993377             3.49712
2.92734            -5.40819             5.86077
5.18967             -7.0336             1.33976
-5.91601            -3.68145              8.9642
-3.19468            -7.82128            -4.32417
1.65197              -0.206             4.78133
-9.79247             5.20554             2.66213
-9.10062            -8.66726             2.39967
1.67364            -4.13068            -5.83941
8.72463             5.28886            -7.17826
0.0387585            -1.04129             8.76705
-9.93011            -8.80734             3.91858
1.82653            -7.96197            -6.22333
-7.70318            0.677816            -5.89068
-3.69457            -7.39402            -7.65282
9.73418             9.13053            -6.37928
-6.2447            -3.03995             -4.8027
4.09772            -4.37147             8.34681
9.21323            -1.69012             3.67504
0.540483             3.27525            -4.70077
-7.66503             -3.6668             6.12812
6.89077             6.52608            -7.76269
-0.886563             4.23048             1.39561
7.27134            -5.65203            -3.12723
-5.92853            -7.60125           0.0820948
1.95441             -7.9577             1.39225
2.84555             9.94598             9.06491
1.04984            0.265206            -2.51198
4.87716            -9.11374            -1.46611
-7.05008             3.89447            -3.01859
-0.338755            -8.29798             7.66655
-5.815             9.63317            -7.30857
-0.130619             -9.4055             7.49199
3.09427              8.9227             1.86682
1.74078             1.01321            -6.46901
5.41551             2.24097            -6.95486
-3.68145             6.57735            -6.62465
-1.38737            -4.06018              5.1326
9.71801             2.33589             1.01779
3.38633            -1.97211            -1.34251
6.24073             2.33894             7.20817
1.48137            -1.89673            -6.31062
4.99008             1.48625            -4.50575
2.58583             7.94183             5.05325
-3.27708             7.64061             9.31639
9.38169            0.738853            -6.51326
-1.13102             2.01605             8.46034
6.88375            -8.18445          -0.0524918
-5.68651             4.42061             8.26044
0.769066            -3.69396           -0.961638
3.83892             7.74438             -3.6848
2.08747            -5.62426            -1.52898
1.02329            -5.65416            -3.19773
8.92911             -3.6375            -7.84326
3.11747             9.96368             7.39128
8.29554             9.76714            -6.56453
6.24104           -0.887173             9.27396
2.07282            -9.99176            -1.71789
1.80517            -5.60198            -7.46117
0.860317            -2.55501            0.323496
7.8695            -9.45006            -6.73696
-9.74456             8.26106             -8.6639
8.89004             1.03122            -9.77447
2.15888            -1.81707             9.45311
0.575274            -8.52992             5.46281
-2.99326            -8.25953            -5.34745
1.04495             -1.2067            -9.54009
-1.34312            0.753807             7.37144
0.0350963            -8.29951             8.32911
-8.00836             1.96509             9.21018
0.827357             8.82443            -2.56996
-4.2732            -6.89871             1.14322
-1.06479             1.27842             1.87109
-7.89117             6.94174            -1.94983
4.97147             3.18796            -7.43156
0.809961             8.98434             4.62386
6.9393             8.12586             7.66472
-2.266            -6.26362             3.49803
1.2183             3.47087              4.4145
-1.6596             5.16068              7.5576
0.841395             7.04001             2.86508
9.40825            0.883816             8.66695
7.12027             6.05579            -2.25532
-1.95624           -0.995819            -5.32334
5.37919             8.96542             3.34696
-0.575884             -5.3798              -3.661
-9.25077            0.648518             8.55007
-3.77117           -0.702231            -9.01273
1.10141             5.78265            -7.87683
-1.24271            -3.01431            -4.64278
6.26728            -4.84756             4.79598
-4.73403          -0.0180059            0.524918
9.96216             3.67748             6.75893
-8.90744             -1.0538            -5.53301
4.2555            -1.85614             2.00323
4.9559            -4.19263             2.37098
-4.65712             8.87234            -3.39335
2.17322            -2.27363             7.23746
7.79748            -1.02878             7.80633
9.43937            -9.50072             6.87155
-9.78301             7.90613            -2.17902
-0.789209              3.5963            -5.48784
-5.19913            -5.93707             1.01749
8.16584             1.73528            -4.43678
5.74389            -9.65819             1.20243
1.32969            -7.79351             9.48424
1.3184            -9.64049            -4.56282
1.04556            0.106204             5.61663
1.35502             1.29032             3.15104
8.20978            -9.19279             -8.5229
6.42506             1.85339            -2.72958
9.91852              9.9881             6.60604
-6.07318            -5.30961             2.88308
-4.71908            -9.32707            -8.80337
4.53261            -7.69585             3.67138
4.79263            -2.95328             2.89712
7.79077             9.92615            -5.09903
-3.76293            -3.45897             7.59606
-9.64568             2.70913              3.1016
-6.50899              -7.528            0.762658
7.13858             9.90173            0.546281
2.99753            -3.92834             6.96188
3.3488             3.83282            0.119327
3.02011             9.10764             1.25828
-4.22803          -0.0753807             4.19568
-4.04798             1.24516            -4.21064
-2.18543             1.02329            -1.09897
-1.46916             2.46986            -6.43117
8.7698            -8.75027             3.83007
0.494705            -8.88272            -1.28391
8.25465             9.20835              2.5837
3.25541             5.32456             2.42561
9.51353            -3.12998             2.47902
-4.31806            -2.69112           -0.252693
-1.47252             5.25437             9.12198
-4.27961              6.3332            -9.16959
-3.93689            -3.99854            -3.14005
-5.48662            0.885342             7.11417
-6.92953             9.64904            -6.98202
-7.54784            -6.04144             1.32908
-4.13038            -1.81951            -9.22025
-4.37819             5.53026               1.077
-5.78112             7.57164            -9.68322
0.329905            -4.15845            -0.22248
-9.80621              1.4536            -9.14121
1.71911             -1.4716            -1.52501
-3.11472            -9.04935            -6.27979
3.0549            -1.61992               1.377
-4.37849             7.67418             8.53908
-5.73351             3.64483              -9.841
1.22318             2.88095            -8.33918
2.13111            0.876186             7.41783
-5.04349            -8.67183             8.50124
1.18198            -8.69747              8.2812
1.72918             4.01959              -6.545
3.88043             2.83792            0.977813
-2.80374             -9.7351            -3.27372
9.9884             1.87017             3.09183
-4.99161             9.09757             2.86966
-1.77435            -3.92193             7.31407
-3.37016            -4.29395             5.88214
-8.13135            -5.06638            -4.04767
-0.236824             9.78484            -9.25077
4.15693             1.63091             1.31596
4.87899            -4.51521            -5.09598
-8.49452             7.05039             -7.6043
-4.85061             8.66787             8.70663
4.6437            -2.10547             8.60073
3.3668             8.63338             2.18238
4.36323              -1.713            -5.85314
-6.26453            -7.33268            -9.83245
-2.38441             8.08649            -5.37309
-1.93182            -7.21061            0.878933
3.249             5.34196            -8.46309
-4.88083             1.34526           -0.613422
4.37605            0.726035             6.74551
4.52834             5.50859             9.02982
-5.7384             8.83023            -9.79888
-1.46794             1.81249             2.49062
-7.01498             3.68358             8.20215
0.325327             4.16059              5.3151
9.04386             -5.7683             8.40144
7.46818            -8.21253           -0.617084
9.07285            -2.94168             9.89319
9.56938              5.3325             9.52208
-9.95422              2.3484            -1.02084
-1.64953             2.18299             1.24699
-3.28867            0.787072             8.45149
-6.88864             6.55995            -9.78149
-6.8627          -0.0253304             8.38618
-1.5482             6.95456            -2.18543
-8.76003            -7.38456            -6.01398
-2.97708              -9.447             -5.2205
5.5681            -6.86758            -4.90097
-3.12662             2.11188            -7.24815
1.32054             8.38893            -1.13834
-0.59389            -5.41856            -7.45872
8.53084             8.53664             9.45372
-7.09861             8.38252           -0.657369
4.09955             2.02857            -1.30192
-5.81774             5.70818             9.39238
2.27302            -4.83505            -9.52666
-5.34684             2.12287            -2.32063
-5.43596             4.10016             1.67089
0.489822             7.77337             4.69802
-2.61299             2.75582            -5.79546
5.87909             4.20759             -9.9234
6.35121            -4.30799            -9.82421
6.79037            -5.32334            -6.50136
2.41798            -1.97516             9.40275
9.75555             2.99509             -8.7759
-4.75509            -2.39326             1.12339
9.87793             4.14838             8.63765
1.56224            -3.72356             9.09543
8.42586            -6.06433             5.35356
-8.5815            -7.48253             4.41664
-9.53246           -0.936308              7.9516
3.78338            -8.97122           -0.412305
-4.9147            0.410779             5.46403
5.03189            -9.09543            -2.75826
-6.74306            -7.26646            -1.06937
-0.117191             6.87094            -4.11359
-7.29301             5.78326             2.98013
-8.12616             3.25541            -8.83694
6.17237             5.96423              4.0791
3.60424             9.39116             6.02863
7.86889           -0.855129          -0.0796533
-1.73681            -2.12867              9.8001
-0.435194             2.00964            -8.55922
4.95224            -3.07505            -5.52446
-6.54378             6.91519             4.92386
0.300913           -0.641194             1.15787
-7.13706            -5.18204             2.39357
-3.84289            -3.87127             4.77248
-1.76122            -8.76308             -7.7163
-4.39528            -8.50368            -4.45936
-4.5967            -6.63076            -8.80917
5.5736             5.96332             6.00146
-7.49474             7.50359             1.07639
3.36192              1.0828             8.42097
-7.20481             6.55995             2.07099
7.71325            -0.54384             -8.9285
9.70397            -4.91836            -5.67003
2.17231             7.56157            -8.20551
6.34297             5.21348            -3.27921
-6.47053             5.46709            -5.55284
0.705588            -4.11023             7.02811
4.71694              9.8175            -2.52937
7.8106            -4.34828             4.69649
7.45354            -1.71697             4.50087
-4.8912             6.10248             4.49599
-0.70864            0.465102              3.2902
1.69103              1.3834            -6.05213
-0.512101            -7.62871             2.10791
-4.22437            -7.08579            -8.24885
8.38649             3.49467             7.40135
-5.59954             -3.4138            -1.25431
3.35032             6.80441             2.42805
-6.97043             5.99261             5.31114
0.206915            -5.94348            -5.52141
-7.24235            -3.27067            -8.95108
3.59569           -0.653706             3.35429
-8.07642             7.09525           -0.516678
-3.7141            -4.04431             7.36564
7.23441             4.82589              5.3737
4.01196            -1.50517            -1.04221
4.65651             7.30949            -3.35032
-4.7676            -2.28095             8.28608
8.10785            -9.71801            -2.90689
0.545671            -7.21763            -9.82116
-5.00809            -2.89102             6.59993
-5.32823             8.79269            -6.81082
-0.446791            -2.69234             2.81686
7.89117            -3.23435             9.77966
4.60097             5.21714             7.77062
2.97464               5.562             7.82434
2.09174            -7.74377            -5.57573
2.26203             3.01828              9.2169
-7.47948           -0.335398            -9.18332
4.35224             6.82943            -1.08371
1.34465             2.24494             7.22434
6.05914            -2.80038             4.14258
-6.50777            -1.97058            -7.70562
-9.73144            -4.16181             9.75219
-0.119022            -1.25248            -5.20493
4.11847             -1.5833             2.01544
-0.905484             2.67556            -0.04944
0.86642             1.62572             8.63857
-7.96594             -9.1757            -2.10547
6.22974             2.33711             1.90985
-4.50117             2.81442            -4.57045
9.3466            -9.48943            -6.83493
2.91635           -0.995514            0.751671
5.61144            -5.32304            -8.29188
-3.1492            -2.06519            -5.51012
7.61773            -9.90173            -4.43342
0.0817896           -0.222785             9.08231
-8.03125            -9.48271           -0.598163
4.74258             3.13059           -0.616779
-9.87152            -2.97891            -8.01233
3.93994            -5.78204            -8.24946
-1.25736            -2.83456            -5.80615
0.262459            -2.33985             8.08344
4.98154            -6.74154            -4.58113
-5.25437             5.00717            -2.37861
9.53093            -7.80816            -6.17267
9.29868            -6.83798            -3.73699
8.68313             9.33287             8.66909
-8.5577            -4.94003             3.42509
2.7427             2.45827            -9.34324
8.48048            -3.03873            -4.42366
-7.17246             -6.9631            -2.24555
-1.13895             9.11649            -9.56633
5.00809             3.49834             3.00699
6.2566            -6.04022             8.51833
-9.3234             6.01306             2.16071
-9.476            -2.02704           -0.566424
-2.32093            -2.08228              1.2946
2.4601             -4.6794            -9.50346
-9.70458             2.73385            -4.79202
4.03974             8.44325             8.55373
3.97809            -8.28272            -5.09659
-6.09394             1.92389             -3.5493
9.58251             8.98434             2.58614
8.4225            -9.79186               -7.64
-7.46208            -5.19517            -3.49834
-9.77752             -5.2797            -7.04001
8.10358             7.43858             -2.1836
3.7141             4.76943           -0.830714
-1.46489             8.61141            -8.51711
-4.29273             6.90756            -4.97269
-0.835902             4.70565             -8.8113
-4.07392            -6.38356             7.65587
6.74978            -3.19254           -0.321665
-1.66417            -8.13349             6.17817
7.86676             5.79577            -6.63198
-4.42793            -2.60353           -0.958892
9.52513             1.08829            -5.13657
0.209662              8.0401             6.29139
-8.63124            -8.37245             9.74151
6.23554            -2.81564             6.28773
-7.03146              3.9317            -2.99905
0.00488296            0.831019            -4.41725
5.67461           -0.225532             3.49284
2.25898             7.26493            -2.31513
-0.0207526             4.15052             7.57653
2.19184             -1.6483            -4.42213
-4.52162             8.40876           -0.845973
6.27247            -1.67333              5.7384
-1.81616            -6.53493            -5.21622
-0.575579            -5.53606            -6.79281
-1.85064             -3.4669             3.41807
8.65322            -4.22132            -9.08292
8.64406             5.99506             5.42283
8.94284            -9.23673            -2.00049
-9.15433             7.20939             1.93274
-3.78735             7.07816            -4.85763
0.921659             2.44575            -9.94873
2.53822           -0.505387             1.30497
-4.07453             7.44438             5.75091
0.228584             9.67406             4.49416
-0.18952            -8.76186            -2.68563
-7.14225            -4.63424            -5.93677
-6.60512             8.13318            -6.16871
9.55168             5.89496            -5.50859
1.37486             2.73263             -7.5454
-4.18104             2.86599           -0.598773
2.34016             8.38527             3.17545
4.82986             2.39296             5.32334
-5.07797            -8.96237             6.51234
-5.31114            -2.39509            -2.21839
9.96521             8.74355           -0.354625
4.68429            0.195929            -5.18632
9.55962            -1.64434             5.06516
4.91226             2.63527              9.8941
5.16892             8.18751              7.6165
3.83282            -6.80532            -2.62703
7.12973            -4.15784             -7.1453
3.92987            -7.44499            -6.96707
-8.1753            0.301218             6.45039
6.08234            0.970794             5.88366
4.61318            -6.41346            -6.86392
-3.50139             7.99707             1.16398
-7.06931             2.03558            -7.38548
-0.699789             7.32841            -8.73928
2.58827             5.89221            -9.13663
1.80548             5.98041            -3.74065
-4.11451             3.50749            -4.34492
-8.09992            -3.08695             9.20896
-3.07871            -3.31278             6.42903
2.5721             1.82226            -3.56639
7.24815            -2.26997             5.58123
-5.78478             3.95703           -0.509354
0.393689            -8.86776             3.80596
8.68892             7.61681             7.09067
-3.93384            0.494705            -5.88275
0.47792              1.5009            -7.75292
-4.79934             -9.9588            -9.46623
-9.34385             9.44639           -0.122379
-9.57213            -8.50154             9.73693
-7.38578            -9.10001              8.7991
3.70647            -6.37776            -2.95358
4.14075             -8.7878             2.36579
7.64306             3.07016           -0.135807
2.52388             8.71944             2.70669
0.0701926             3.86578             -8.2345
-2.62368             7.68792            0.646077
-3.77819             3.98022            -2.71859
-9.05179             5.66454              4.2204
-2.67983             1.98553                3.82
-2.65023              7.3928              1.7655
0.946074             7.20634            -9.92767
3.54228             3.50993             7.72851
8.0343             7.25303              7.1334
-6.04968             5.12619           -0.924711
-7.93512             8.21284            -4.87533
-3.13669             6.39424             9.13175
8.48415            -7.45384              5.2974
5.00229             8.69594             6.64754
8.3282              3.7846              9.6054
9.51262            0.862453            -9.06034
6.33229            -8.09656            -9.53856
-7.58202             3.62224            -8.14814
-2.15217            -5.82873             7.43461
-0.604572             4.45235             5.87573
-8.57967             6.92404             5.39048
5.89343            -2.47353             6.07837
7.39036            -5.58763            -4.06476
6.02069            -3.19926             -1.8955
-2.00049             7.43553             5.88641
5.24583            -1.09348             2.58797
-3.54381            -1.69836             7.15323
-7.08304             5.26048             1.27598
3.24076            -7.34642            -9.92737
-7.79992            -1.41453             -1.6422
4.43617           -0.539567             9.02432
7.43797            -2.83639            -2.99661
-3.6198            -2.92703            -3.01187
9.1232             5.53667            -5.52873
2.43751            -2.29896             2.21564
-5.16892            -9.58281             7.37571
3.32926             5.16037             2.52052
1.09439            -0.76632            -8.49391
1.30772             1.20121            -2.54524
-2.35054             5.69536             9.56175
-4.71328            -8.64986             4.73342
9.59441           -0.299997             3.44584
9.83642            -3.33384            -9.38108
2.98257            -7.86187            -8.43165
-9.3173               9.223            -5.77837
-0.414747            -9.23612             2.66182
3.47179            0.509049            -7.80908
-5.23942            -6.26209             4.34126
-8.39534             1.15909             3.68877
1.83233           -0.610065            -8.43623
6.12842            -3.59691            -2.38197
-8.97336             5.80615            -4.15571
-1.56041            -9.98932             3.76476
-7.27836             -1.1359             4.60646
9.35423             3.76995             7.13797
4.40992             3.80016            -7.00674
3.26914             1.79235             4.42152
6.54286            -1.34129             4.89792
1.04984            -5.09293            -1.57476
-2.9725              1.2241            -9.20743
-1.82257             4.94186            -5.71184
-8.95199             9.78484             9.02097
-0.927763             6.90176             7.27042
6.17176            -9.81079            -1.76641
-0.577105            -5.22294            -7.71599
6.95669             6.04236             2.45949
4.89425             9.40153            -4.83505
3.50017             2.11158             8.93643
-6.04846           -0.271004           -0.978423
-3.567             2.15339           -0.889004
5.54735           -0.926237             5.88275
-5.26841             6.74276             1.23356
2.59713            -4.26435            -6.18519
-2.07312            -7.20786             5.16037
0.973846            0.296335            -9.70885
1.3187             5.98712             1.37303
-8.38649             8.80398            -5.26444
1.48808            -4.76638            -7.78802
9.03562             2.71126             9.36399
-1.55705             7.95495            -6.54317
2.29194           -0.926847            -1.10385
6.15162             7.80267            -6.87948
-9.33073             -2.6133            -6.80868
9.23734            0.476699             5.47319
-6.46321            -4.18378             8.06787
2.92978           -0.847499             8.44386
0.0189215            -1.96326             1.83813
-2.93771             8.92636             3.71838
-4.2082            -3.72021            0.497757
-4.45296             4.03455            -3.01584
-1.69744             7.36412            -4.46364
8.16675             5.15275            -5.60808
-7.90674             1.30039            -1.39836
1.82318            -8.72005            -7.53594
5.51439            -4.46791            -5.43901
-4.53352              9.7174            -6.28956
6.62343            -1.20914            -8.47682
5.23331            -9.37895            -8.41823
7.70867            -3.10678            -4.61776
9.42473             4.61653             -2.3075
-8.11945             2.97006            -9.73876
5.93402              1.4536             6.75161
7.76391             1.58391             1.83233
4.12            -8.68099            -4.15906
4.94522              1.8186             5.82171
7.98517             9.85076            -1.56346
-2.36091            -3.56151            -9.97772
-3.28959               2.837              9.2526
-9.30204            -2.86447             1.25278
3.22947             7.76543            -2.09082
2.32154            -5.98529            -4.99008
-3.80535             7.42271             8.72097
-6.36067             9.88708            -1.82073
7.92901            0.529191            -4.98917
4.72518             1.47832            -2.41035
3.80688            -8.73531              6.5157
-0.726341             4.69069           -0.249031
4.49507             4.16456              7.4221
-7.39006            -3.65154             5.21348
-7.95953             7.01224              4.2259
5.73321            -7.97205            -7.35618
-6.75741             3.33079            -1.96905
-7.90582            -8.75393             2.59499
9.841            -3.01981           0.0555437
-0.259713             7.62078            -0.89114
2.20222            -8.35475             4.28419
-4.40382             -2.1128             4.40596
7.39372            -5.44481            -5.40086
2.75155            -5.40544            -9.23704
-9.62493            -6.03168             9.44731
0.252998             2.79763           -0.916471
2.38227            -6.27461             7.45842
-7.13797             7.97174            -2.15766
5.62548             3.87982            -7.94427
9.86877            -4.93942            -2.59835
-9.79156             6.35151            -1.31291
-0.32899             3.09702            -5.78906
-8.39259             -2.5428            -7.21427
7.82342             -9.1522             9.61821
8.10175             -8.2931            -9.92859
5.98773            -7.13492            -4.05377
2.20893             6.02283                 9.7
-8.44508             2.48573             5.72039
-6.386             8.95993            -5.49028
4.25062            -4.58968            -3.68847
-1.11759            -4.43251            -3.33872
-8.09076            0.356151             6.19739
9.15403            -8.66512           -0.532243
-2.10181             -5.7561            -5.07309
5.18509            -8.95566            -5.43535
7.28477             -8.8815            -4.62477
4.89242             9.30601            -2.28614
4.07208             3.36375             6.04755
7.7987             3.70006             5.84704
4.90677             1.06601            -8.05597
-9.23307            -8.61263            -8.69076
7.96197            -4.16425            0.906095
-7.44011            -4.13587            0.425733
1.61748              5.2739             5.36088
8.68587            -2.69387            -9.49858
-5.26872             6.39302             1.75207
2.36457             6.79922             0.65157
-4.71267            -9.41923             8.39717
-5.87725            -4.07514           -0.919218
-1.01108            -9.05271            -4.40504
-1.63213            -9.95636            0.392163
-1.58605             9.32066            0.698263
-2.2309             7.40837             7.23472
2.63314            -3.94696             6.04633
0.919523            -9.91058            -5.73229
3.99915            -4.65285            -3.37443
9.02402           0.0469985             7.82281
2.67891             6.40736             6.79006
-6.55873            -2.64229             -8.8052
-0.332347             0.93173            -2.89987
2.76315             9.67406             -3.0311
4.92447            -5.64806            -2.36824
-6.2331             5.46709            -1.56468
-8.01874           -0.972625           -0.490738
5.81317             6.16199             7.33573
-8.65352            0.687277            0.114139
-9.77264             8.40205           -0.440077
3.33415             -4.2613              7.7456
8.2168            -9.86724             -3.2194
-0.765404             2.77413             5.43779
8.48354             9.92584            -7.80145
0.744652            -7.66778             8.24671
1.64312             3.52947            -4.21522
0.404675           -0.254219             0.97232
-6.45039             6.82241              1.1829
8.98923             5.94989             9.80499
-1.40477            -9.97772            0.542619
-5.79302              -6.816             5.59008
2.24952             2.79214             6.19922
-6.08478             5.47807             7.03696
-7.4752             2.82083            -5.78326
7.96014              9.0524            -5.46251
4.50911             5.52049             4.08338
-0.452895              9.6176             8.96176
-0.450148             2.31727            -8.02484
1.05411            -4.27808            -4.36354
-9.75372             6.89291            -9.80132
-0.338755            -9.21262             1.30222
-3.38786             3.60485             3.91888
3.92468            -4.53688            -5.39659
5.97339              -6.039            -1.66021
8.72433              6.6039              8.1869
-5.46373            -9.48363            -9.08506
2.65694             7.73705             1.33457
-0.351878            -9.89959            -8.36604
5.91266             6.61672              2.9252
-8.38191            -4.93484             3.29936
-8.75759             1.85553            -5.76189
4.59273            0.996735             -4.4554
6.9805            -2.96274             2.56142
1.47435            -5.56871            -3.90759
-2.66671             3.14402             2.20344
-6.27918            -7.10257           0.0460829
6.27705            -3.48796            -5.87909
6.43422             7.18284             5.89465
7.29331             4.27747              3.4312
-9.70916            -2.48634            -5.84033
6.16413            -2.70363            -9.55199
-7.60949            -8.62148             2.05695
-1.25553            -3.38054             8.13135
4.6382             5.43413            -9.31944
-2.17963              5.0444             2.12714
-8.80459             5.12619            -1.70629
6.51662             9.87243            -7.12485
6.37257            -1.72246            -3.06833
-1.81799             7.28233            0.530107
-2.52297             4.35743             1.34678
0.101627             8.06269            -6.32527
5.64409             8.74111            -1.16642
-9.10611            -3.54137            -8.77102
-2.58736             2.28431            -5.76342
-4.5851            -4.44075             8.62087
-1.71056              9.9414            -4.58113
-2.17231             1.34495            -3.55052
-6.07746            -1.12125            -2.95602
-7.03574             9.59502            -1.87384
-7.11539            -4.30982             1.50334
5.98926             2.13874             6.44734
-5.51958             6.50472             1.36143
-1.10294            0.693686            -5.21592
7.54418            0.546587             3.56304
7.47978             4.71999            -7.37144
-7.27134            -6.09577             -2.7955
1.94067            -5.47685           -0.834376
-5.21714           -0.638142             3.85907
-5.17289            -5.01846             8.97885
-7.03177             6.79617            -9.55657
8.64437            -3.68236             3.43608
-9.25474            -2.51198            -7.74499
-0.600909            0.658895             6.72842
8.42006             2.76376             9.12656
-3.90027             6.85659             4.56862
-1.45177            -6.46077             2.30476
-3.62011             3.75042             4.27076
-5.5562              1.4182            -4.90707
-5.5266            -2.47749             3.99884
0.901517            -5.02518             5.45946
8.84304            0.330515            -8.85891
-5.5855             9.62065             -6.4275
-9.59716            -3.33476              5.3264
5.90289             1.01932           -0.636311
5.37584             9.91211             6.46107
2.07953             -7.2161            -7.46544
-9.83428             8.09931             8.02301
6.59017            -3.38908            -7.94671
7.04123            -3.56151            -1.27445
5.25559            -0.13123            -5.51103
2.9603            -4.02142            -3.08512
6.72567             5.58977             7.80114
5.27726            -3.95276             9.31639
9.94842            0.204474             1.02054
4.69161             7.69768             4.48958
-8.08679             6.17054             7.90674
1.89886            -5.82904            0.785241
-7.27409             3.94543            -9.89074
-6.06586             -4.8381            -3.63353
5.89038             6.25324            -9.57884
3.914             0.31312            0.882595
-0.92288             7.40654             7.59117
4.78774             4.98001             8.95383
-8.68862             3.59569             4.30616
-7.57164            -1.50334             3.77331
-4.01929             9.35575             -8.3993
1.283            -2.07465            -7.90735
1.17435            -7.92047             6.51082
3.84075            -8.79147             9.38322
-7.48344             9.93774             8.16553
-4.14747             6.89444             3.50383
3.33842             7.20267            -3.43211
-2.50191             3.33995            -7.71447
5.83605             -7.0098            -4.05469
4.67452            -2.19245            -2.57637
-4.40443            -9.60417            -8.08161
-7.03696             -2.1601            0.365917
1.38279             7.34245            -9.69604
-5.15732             6.55477             7.97571
4.99405            0.736106            -6.19709
-7.50877             8.22138             3.95337
2.71279             4.87045             9.17905
0.64333            -7.87988            -1.88055
-5.94745           -0.944243             3.14463
3.61766          -0.0344859            -5.10392
8.45302             3.18064             8.33949
8.83755              2.4247             2.40883
-7.24357            -2.29865             1.69286
-5.11948            -9.14884            -1.72735
2.2129            -4.42793              6.7629
-7.83288            0.356761           -0.714438
5.45488             9.98047             6.60726
-1.7951             8.98923           -0.240791
9.6588            -1.86254             8.95108
-6.36525             3.74462           -0.762352
-3.17392             7.74743            -6.99667
0.158086             3.48613             3.43822
-3.65368             8.15973             8.08557
6.27277             7.92962             8.96512
-8.85281             2.17383              2.3545
-9.08963            -8.92422             8.69228
8.40236            -6.73574            -0.82522
-1.84942             2.21229             5.87207
0.48677             5.34288             3.22428
-1.58177            -7.45079             1.17649
-8.53664             8.24152             -6.5801
-5.78143            0.794702             7.09586
-1.58605            0.684225             2.43446
4.78988            -5.68377             1.79266
4.0791            -9.41923             9.68902
6.35304            -9.91241             5.66362
2.86752             1.64769             7.83624
5.56413            -6.85507            -4.49538
-7.22617            -6.50838              7.9516
-5.60991              2.0951             2.98379
-8.10907            -7.89056             -2.4836
-3.66436              9.9234            -2.69448
1.88055           -0.391552            -5.94195
3.1663              3.4962            0.611896
7.60033             -8.6758            -3.19102
-9.83367             4.10077            -9.43297
-1.88025            -5.66607             6.54439
5.3441             5.22355         -0.00549333
-7.62841             8.16431             3.40861
-0.92288             2.22541             1.01566
8.85159            0.826441            -9.15128
4.3318             4.61196            -2.45369
-9.43724             2.28828             1.35075
9.2581            -1.41942            -8.78719
-5.63066            -1.75176             7.95831
7.05069             7.37754            -6.37257
6.09516             1.89459            -9.31639
8.42616            -4.46883             8.73898
-6.19129             5.67736             8.79238
-8.41548             6.58315            -4.14777
0.713523            -1.84515             5.13627
-2.68136           -0.365001             -3.6375
8.01019            -7.84478              7.9165
8.67641              9.3643            -5.71795
4.44716            0.761437            -1.69134
-2.14728            -7.44346            -7.35954
-7.81213            -8.01386             1.24058
-9.53215             -7.3394            -1.08432
-7.71752             1.10172            -5.42985
-1.00986            -7.55638             6.12018
6.63442             9.02707            -7.38334
8.69747            -1.65532            -8.93155
-3.10007             4.25764             9.82879
-0.883816            -4.71938            -6.28498
-5.14115              4.6086            -3.01523
-7.61803            -8.59523             -3.5493
-3.30454           -0.356761            -4.73251
-6.54653              6.6689            -3.45042
-5.13169            -8.59493             3.92987
2.01575             6.69179              7.2457
2.69204               7.463            -7.51061
-6.21723             2.76376            -2.48177
-8.17652              2.7723           -0.269478
9.95422             1.28086            0.431837
-5.76647             9.85321             6.96615
-3.5786             6.67776              3.1962
7.32109             5.52019            -9.35301
7.1099             7.43736            -6.57277
-1.07334           0.0686666             5.93829
3.72326             7.30735            -1.37547
2.79122             -8.4402            -4.53475
3.94024            -7.22159             4.18775
3.94818            -4.42274             3.53069
0.212409             6.34846             9.80193
7.64336             -3.1605             3.54045
4.43159            -2.18513            -3.08908
-6.54958             6.64968            -2.91025
-5.43596             5.96179            -8.99747
4.28877             5.50707             4.71053
-1.11759             7.06565             7.04855
8.61446             9.38902             5.60656
-1.46062            -4.98062             2.36091
-7.84021             9.22056             4.59059
6.05518            -5.61052          -0.0726341
-7.37388            -8.18781             8.25373
-3.5551            -7.08701            -5.38438
7.20664             6.41469             5.30931
2.44301             4.46699            -8.48445
-0.0668355             7.71172            -2.71096
3.57646             -9.3994             3.64086
-9.88403            -6.96158            -5.17716
-6.57552            -6.07715             5.98773
7.48955            -4.84695             5.50157
5.40941             -4.9086            -9.22758
1.37181             3.98633            0.946074
4.81216             6.51296            -3.91278
2.01331             8.38832            -7.50206
-9.64141            -7.19779           -0.354625
-5.15793            -7.66564             -5.1677
5.25681             9.19126            -3.82061
-8.52107             -9.9942            -9.82543
-9.66643           -0.885037            -3.76812
4.20576            -4.51369            -7.08304
-8.83206            -0.40376             -4.6614
1.68188            -6.10004             6.83279
-6.39912             6.22822             4.68642
-9.88495            -4.34309            0.490432
-9.43113             7.60491            -1.66784
-8.01782             5.47502             2.21168
3.79315             -1.3242             3.95001
9.27793             2.09174            -7.01956
7.846             6.38417             9.17844
6.18976             2.11188             9.05728
2.34382             0.34608             -7.0629
-6.80715            -6.69576             8.25282
-9.14609             7.07358             4.56954
3.94482            -8.13593             9.89502
2.76894            -1.25156            -4.81491
-1.11148            -4.20606             5.13565
-8.20643            -6.92007             5.49242
5.16068            -6.42079            -7.58354
7.05405              1.4011           -0.177007
-3.11747             7.32658             8.10572
-3.06406            -8.75881            -7.59606
-5.42558              7.5985             3.03415
9.04447             -4.5262             1.15146
-6.23768            -8.56807             6.38356
-0.797449             2.13141            -4.92508
9.59136            -1.15299            0.680258
1.77953             7.47917            -4.26405
4.63698            -9.20133            -9.86297
5.61052            -7.78253           -0.184332
-9.73479             5.28184            -7.64519
-3.75225           -0.208747             8.39473
-0.500198            -1.19999             2.03101
-3.81054             1.46977               7.051
6.96921             5.21409             7.53044
1.27781            -7.39494            -3.62102
6.24561             4.35865            -7.36808
5.37187             8.03339            -1.72491
-5.53911            -4.67666            -4.77859
9.1702             5.17899             4.77371
-2.61086             5.77319            -1.65166
6.76504            -1.64922            -5.90869
2.63894           -0.186468            0.534684
6.89901            -1.43406             4.38307
8.56258              3.8728            -8.61171
4.74502             3.22001            -8.39564
2.39082            -2.86874             -5.9508
2.42958             3.00211             4.71023
-3.95306             4.19141            -1.36876
-5.78356             0.82461             7.46208
7.42088             7.47795             3.86914
0.921354              8.3459            -3.54564
-0.874355             9.06247             2.09754
0.834376             4.17676              1.2476
-6.46931             3.31309             4.82223
0.47853            -9.04599             -3.4669
-4.63668              8.4286            -8.34712
0.11536             -9.0228              8.3105
1.47618            -6.71957            -8.28669
2.13965             8.58425             9.23856
0.315867            -3.95245            -9.46135
-7.60155            -2.41798              5.5446
2.57332             9.85504             5.12772
6.29139             1.84881             3.04575
5.80401              -3.614            -1.53386
9.90905            -4.82131             5.65081
4.42671             5.41551             2.17383
2.69814            -3.80078             2.24799
-7.30003             8.98587            -4.33607
9.26328             9.94232             1.34404
2.36274            -2.00598            -4.85702
6.32954            0.736412             9.33744
-8.18232            -2.36885             8.65322
5.23576            -8.27906              8.4875
-1.71911               9.841            -8.85586
6.17847            -2.58705            -8.79269
-7.19565             5.98315             7.47124
4.93912            -5.28733             5.33738
8.8522            -1.46611            -6.68325
-9.25321            -9.68963           -0.517594
-6.89108           -0.390942             9.44639
6.36433           -0.113834           0.0933866
-7.2454             7.18894           -0.148625
-6.93472             2.46681            -4.54451
-8.26014             4.35377            -8.09809
4.55184             5.83514             3.93292
7.1514             9.89837             4.64248
-5.88214             7.45933             6.69851
-2.49428             3.29234             5.16404
-5.28275            -7.13584            -1.72246
-2.20679            -8.97183             6.16718
-0.679647             8.13715             9.90387
-5.81591              -8.558            -1.54851
-5.974            -6.36708             7.59362
1.45787            -7.94977            -7.06565
0.406201             3.93719               0.824
-8.30714             4.68337             4.31043
-8.47224            -3.92254            -7.56767
0.233161            -5.66637            -1.37608
6.3213             5.96118              6.5215
2.68349               6.816             3.12082
-3.42662            -3.86639            -6.42109
-8.30134             5.52721             5.75457
2.84738            -2.76955           -0.821253
3.94818             5.50981             4.63332
0.93173            0.752586            0.974151
-8.75057            -2.61513              6.8984
9.04691             4.71175              5.0737
-5.85833            -1.07089             8.19819
7.12882             -8.5757             6.99484
-6.03137             3.32041             1.41514
-2.76833            0.227363              -2.996
-5.14756             4.63942             1.36692
-1.44963             7.78375             1.90039
6.59505            -7.17307             9.06735
4.66109             2.56081            -4.28449
-9.44151            -8.19849             8.61446
-4.19477            -1.29948             0.45381
0.564287            -5.57451            -5.33494
-4.23658             0.32075            -6.68355
9.79858           -0.695822             -1.7246
9.1287             5.48143             5.62761
7.88415             7.10654              -4.232
-5.17106            0.324717            -1.19938
-3.8197             2.46773             5.27268
0.78341             6.96066             -1.8366
-7.37297              4.1139            -7.31346
2.03223            -6.16871           -0.145573
-0.26307             5.14725            -5.64104
1.15818             1.30039             2.72103
-2.13141            0.241401             9.81262
-5.6212           -0.953703            -2.70882
-1.09531             9.25291            -7.01132
5.49669             4.40321            0.664388
9.72869            -3.61644             9.84222
9.11191            -7.61406            -7.71996
1.92785             6.63869             2.76284
-1.83844            -2.61361            0.242012
0.614338             5.36271             1.60344
2.18146            -5.27543            -8.32179
-6.76473             -9.9939            -5.72192
4.026             2.44819            -2.77841
3.19346             8.13562            -8.53359
5.31693            -5.09201            -8.21772
-8.00745             6.58193            -5.69323
-2.85379              5.8919              4.2085
-8.99228              4.3611             7.33085
1.48137             3.98694            -4.18897
-7.64916             8.40663            -7.71661
-5.05356             2.19855            -3.42509
-6.36494            -8.87417             8.80093
7.33634             9.74731             4.57228
0.598773             5.98865              9.4821
4.79568             2.13355             3.30454
-6.17145            -5.63311            -6.45344
1.19663              5.8974             8.37672
6.07318            -7.94549            -1.34373
7.39952            -5.59343             1.59215
-7.86462            -3.20902            -8.78933
-9.91668            -9.80102              4.7383
7.98822            -3.55785              -7.369
-9.93713            -8.54427            -3.84289
9.42473              8.7286             6.22028
-1.88513            -2.41859             7.38945
0.29664           -0.512711           -0.857875
-8.42006           -0.211798            -5.59557
-9.5819            -4.96292            -8.55281
-8.32362            -3.16691            -3.83892
8.20276            -5.01053            -2.77627
-6.25446             6.46626            -5.97613
5.75671            0.248726             3.97473
0.0723289             8.30958             3.94421
1.19205             6.42048             6.53401
-3.65551            0.329905            -9.91363
6.16657            -5.92883            -5.48662
-2.05206              6.3216             7.56615
-8.81771             3.67718             7.54936
2.70302             5.55925             1.15543
-9.5233            0.996735            -5.70818
2.58858             8.66634             5.99384
-5.17502             5.60076             -1.0361
7.73125            -4.22315             3.27403
0.770898             8.64284            -6.00513
-9.78851              9.4174            -6.82669
3.00913             2.33192              6.4507
-5.7384            -4.22834            0.844447
6.29536            -4.37361            0.865505
2.15308              2.1662            -6.99973
-3.3842           0.0668355             2.03528
-6.50258             7.72149             7.99066
-7.04123            0.408032              3.4724
-5.61937            -7.65313             3.64208
-1.86071              6.2804            -7.90033
-7.09159             6.30573             6.47786
2.97983             -6.0271            -3.40007
4.21155            0.558184             7.45567
-7.11142            -7.62505             1.07456
0.455641            -4.01532           -0.547197
7.36045            -8.56807            -2.38197
-6.49586             8.88974             8.29768
2.91665            -7.69372           -0.969573
-2.79061            -3.97809           -0.673238
-4.18439            -4.75204            -9.07773
-5.02152            -4.40687             7.66167
9.47966              6.8337             8.68862
9.35545             9.70916            -3.43577
-7.34031             7.02994            -8.78567
0.94058             7.51732             7.73888
4.98764            -1.19602              8.6227
3.43638              6.9686             9.69268
-4.83505             4.63668            -9.03134
-0.987579            -5.08286             1.74718
-3.37443            -3.21574            -5.76891
8.14325             7.12638             -8.2403
6.56301              4.0379             6.97409
9.01212             -4.5732            -5.22172
9.20408           -0.699789             7.20847
5.72375             7.96503            -7.15171
9.04416             8.46187            -9.56633
-9.24863            -3.00607            -2.94443
5.62365            -6.72018            -1.18198
4.08643            -2.86386            -9.97436
5.57482            -1.19694             2.40577
-3.51329              4.1084            -1.21067
-6.3216            -7.49168             2.20283
-5.21653             4.29945            -8.98282
5.22629             2.34962             8.21497
-9.51292            -2.13813            0.111698
-7.42515           -0.430006            -5.63738
5.17594             2.59743             2.66579
-9.12687            -3.74584           -0.887783
-2.45399             5.80493            -5.52629
0.276803            -9.56847           -0.201727
0.369884            -5.87939            -9.64415
-7.46696             1.66204             6.04114
-7.14377            0.723594             5.50676
-1.02878           -0.526749             1.80242
-9.77508             2.13538            -6.19465
-5.66729            -2.08106             4.00464
2.76101            -3.84289           -0.744652
7.99005            -2.22236            -7.16239
7.80541             9.36613            -9.58251
3.13883             8.14875            -6.19404
7.49657             8.28303            -3.81054
-2.66488            -7.49962           -0.671407
-7.51762            -4.72427            -4.37605
3.08451            -4.52986           -0.797143
-5.23942             -2.0188             -6.8453
-5.42131            -9.87945            -2.89529
-8.83145            -8.60408            -3.94177
6.7687             8.34468            -8.71517
1.50395             8.85434             2.40059
-1.72399             8.60561            -4.18287
1.45726              4.6025             4.29884
0.698874            -1.37364             5.69445
0.783105            -5.11093             7.10959
-9.87426             -9.1818            -1.80761
7.22037             1.30222            -2.52663
0.155339            -3.22153            -1.58971
-2.51198           -0.485549            -2.87484
-6.18702             1.58208             -4.0849
-1.46458            -6.80593            -6.91031
-7.50511            0.122379             2.69112
7.83654              6.4977             5.26933
-8.55159             3.32713            -9.89471
-8.22901            -1.96234            -1.01108
8.73714             9.08292             8.05567
4.36598           -0.977508             3.82427
-4.30433             9.60784            -7.05496
-8.87692             3.22214            -8.85189
-6.6628             -2.0365              5.7796
-1.10477             -2.0246            -3.90576
3.35917            -7.65191              7.9809
8.87387            -1.05899            -3.40098
-4.20728            -9.71435           -0.152898
-0.745567            -9.87548             4.85641
2.52632            -7.51183             6.06403
2.39479            -4.89547            -5.54613
6.24134            -9.90143             5.62639
1.51463           -0.120853             -4.0965
-1.96112             6.46901            -1.21433
-9.45341            -0.46968            -5.74419
-3.38298             9.78179             8.53389
5.75335             -6.7098            -1.86926
-9.68169            -9.23673             7.99738
-5.23362           -0.581072            -5.53209
6.21052            -7.04978             2.50526
7.42668            -8.16858            -6.31642
-5.08438            -1.15268             4.80819
-6.32252             5.15366             1.09165
3.32194            -9.47966            -8.51283
5.74694             5.49089             3.57494
-7.40867            -6.54775            -7.51823
-3.51878             1.55004              6.0506
1.68218            -7.63756            -5.47533
-7.09433            -5.11643             2.58248
-0.0726341             9.47569             6.03137
-5.9151             1.08219             -5.7091
2.6896            0.428785             2.37465
2.42836               -5.45             9.27244
-6.8334            -8.99564             7.18741
5.93585            -2.64443             9.88159
-2.40455              8.1637            -7.80938
-2.37556            0.350352             9.85595
-0.692465             6.19312            -2.45216
0.0180059             9.41893             6.53645
9.3759             2.82693            -7.92749
7.17826             8.03156             7.87103
1.5009            -5.12528            -3.82885
-4.62844             9.58098             3.42784
8.50185              0.2472            -8.67641
3.69518            -8.80917            -4.68856
3.18705             4.88083             6.43056
-2.29408             6.94815              9.8999
-4.36293             3.84442            -3.30699
-6.64205           -0.134587             8.16462
6.55416            -4.93912            -1.14872
-7.34703             2.50618             6.05457
2.46773            -4.64797             1.06906
-6.25385            -2.35054             9.12168
-8.58089             1.01932             5.85986
6.0564             2.75491             1.47252
-1.8421            -7.27378              -8.034
9.56603             3.60637            -0.35371
4.16272             3.60546            -8.60103
0.847499            -5.80248            0.671102
-7.40837            -6.54164             5.98498
-7.48985             7.37175             7.83441
1.23447            -6.33168            -1.15848
3.2899            -1.15604            -7.48619
-5.58153            -4.42915            0.314035
4.88296           -0.983917             8.82138
-5.20463             6.42201              6.5041
-5.53941            -4.13984             5.56993
-1.53264            -2.04199            -2.85501
-5.78997             8.67214            -6.54225
3.64971            -4.36689            -8.51375
4.92752           -0.878018             7.18955
1.54241            -6.29353            0.598163
1.04892            -7.48558            -6.15284
7.19413            -5.02518            -7.41081
-1.3831            -4.78378             7.51122
-8.89615             5.97583            -6.22333
-0.450148             9.57457             1.64586
7.52373             7.33879             9.37162
-2.37129            0.487381             6.56301
6.74703             6.91702            -1.38249
-6.62862            -9.25382            -8.41273
-8.46248             4.85092             3.72265
-5.04074             6.14734            -6.05914
6.39241           -0.904263            -8.67794
-2.88736             8.29005            -1.12857
1.05411            -4.20911            -6.18091
0.266732          -0.0708029            -3.27616
4.39558             8.06696             3.26579
-2.1305            -7.84783             1.66601
8.58669             3.84655             1.55858
8.27326            -2.59743             9.16746
6.99484            -7.39952           0.0289926
-9.0997             -0.5356            -6.70644
2.49306           0.0256355             -4.3852
0.526444              9.1644             2.90139
5.23301             5.12375             7.25303
-3.09458           -0.984832            -9.75341
-5.07065            -2.43171            0.871914
-7.58751             -5.5092             0.01648
-9.24986            -5.56383             2.74026
3.37626             8.40266             7.22404
9.9527            -6.50746           -0.664388
-7.60338           -0.932646            -6.37318
-5.1677             -4.2317            -3.31004
4.4264             9.53368             3.31217
-6.27338             -4.7087            -1.81707
5.13749           -0.569781             5.09781
3.01828             7.80694             3.60698
-3.26151             5.47136            -3.30607
-7.45933            -3.87951            -7.42698
-5.01389            -2.59987              8.6993
9.13663            0.696432            -5.16953
-5.98468            0.753807           0.0524918
-0.589312            0.922575             7.36717
0.871303            -1.33518            -3.55083
-1.46794            -2.86752            -1.68645
5.7622              8.1811             3.25297
7.25791              3.9613             3.55235
-3.11136            -2.12836            -8.92178
1.22318            -8.63338             1.38401
9.41557              7.7926             6.27888
-1.87841             1.17496             2.18055
-5.92914             9.03226            -7.74834
-9.31639            -1.08676             -2.4781
4.81094             3.44462            0.191961
8.36787            -4.50056             1.38279
8.1109            -1.14902            -1.32847
-1.02634             1.86529             2.63131
-6.24042            -5.42161             9.66399
-1.14505            0.381787             7.72027
-7.2924            -8.61476            -5.13291
-7.32109           -0.932951              -8.352
9.9765            -2.51839           -0.472732
-1.38615             4.75967             9.96735
-2.35969             4.14045            -7.91375
6.2743            -6.07318             5.26933
-7.19077             2.03436              3.2728
-4.46821            -4.48592            -3.61736
3.68206            -1.06815             1.30284
3.02347             6.77328            -5.22935
-6.42354             1.11667             3.31858
-9.54375             2.35237               -4.55
-5.86413            -3.85846            -2.08777
-1.69469            -2.19214            -1.14048
-2.79275            -7.88476            0.835902
-7.1807             7.91833             5.29191
-2.70699            -1.96448             4.34767
-7.74163            -7.89789            -5.51286
-6.12598            -5.78112             1.72277
6.00787            -1.32847             2.31697
-9.06095             3.01675            -3.64116
-4.13007             1.06082             3.62651
5.20707            -9.58037            -3.27158
-4.29945             -2.3072             7.81793
9.26267             6.26637           -0.434278
9.81017              8.7936             7.26493
0.325327             6.49617             4.59761
-7.44011            -1.51158              4.3852
-6.84103            -2.21564            -4.95193
-3.90606            -9.32035             9.95331
1.31046            -0.82461            -6.46107
-7.20511             6.44154            -6.04053
5.17899               9.382            0.643025
4.07361            -0.66744             9.63805
3.24381             5.55773           -0.173345
3.79742            -9.08292             4.04584
-3.82275            -4.12214            -8.44844
2.44789            -6.56178            -9.74517
7.03421            -9.41008            0.270699
-6.57125             7.48009           -0.944243
-0.119327             4.46913            -9.05362
-7.63054              4.2201            -4.55458
-7.04367             -2.6896           -0.646382
-4.38948             8.41884            -1.25584
-0.876797             3.89996             5.32029
6.14795             3.72539             9.83001
2.94992           -0.458083             8.82687
1.54424             3.41227            -2.27088
3.72906             -5.9917             2.08014
-1.82134             3.66863            -4.63668
-8.03858            -6.41011            -8.07825
0.182501             5.17563            -3.38145
-2.89743            -5.88794            -5.47929
-6.48274            -2.74911             5.29344
-1.10416             5.91418             -2.0365
5.1735            -6.77145             7.38334
9.03317             9.52239            -9.05942
0.475173             2.02033             7.38517
4.15571             1.65075             1.54149
2.35389            0.626545            -2.18879
7.828            -6.53157            -8.76919
6.37989            -7.46605             6.78426
3.10648            0.286874             8.36482
6.09027            -9.59258            -6.38661
7.08487             7.79839             4.08368
4.39863             7.59667             5.60991
3.64483             3.62224            -5.52202
-7.09616            -7.24784            -7.08762
6.93197              3.5612            -7.42851
-2.83639             5.75335             4.06873
9.46318             2.64351             8.85434
6.43788            -9.62523            -3.49284
2.86569            -3.02591             9.08963
-2.11951            -1.80548            -4.10962
-5.04044             7.93176              9.5645
-6.67287             5.55254             4.62172
6.31886             1.42247              9.8001
5.78478              -2.931            -5.83483
-0.163884            -4.84878             -2.4012
-6.05121             7.79412             4.63881
-2.4311             5.43535            -8.19147
6.87918             8.16614            -2.60018
-8.37275            -6.95059            -9.17234
-6.72323             2.17933            -4.21308
9.71679            -2.95572             5.29221
-3.20963            -6.41102            -5.74725
-6.51906             6.05914            -2.27821
2.88675              6.9097             -1.3535
1.31169             8.08466            -3.26914
-9.87426            -2.58156               4.897
7.62749            -2.43141            -7.95526
9.81597            -9.22636            0.152287
2.49489             7.32627           -0.590228
-2.51717            -1.59307             4.75295
4.2436            -3.46477             3.90728
-9.70244             1.62969            0.875576
4.15998            -7.91498            0.803858
9.74792            -4.86221             4.34156
-4.45845             4.37483             1.02786
-5.25407             4.83779             9.84222
-6.93808              4.2027            -7.11722
-8.15027             9.01639            -9.63439
-7.79473              9.2819             3.88348
-6.98508            -9.66979            -2.51961
-5.64837            -3.05521             9.96307
-8.3343            -1.49907             5.48357
-3.14676             6.14704            -9.65972
-5.13108             5.04074            -8.28822
8.7701             4.18775             9.74364
-5.45579            -2.75552             7.81487
5.95599             3.99335            0.248421
2.13416            -4.26344            0.293893
2.61971            -6.37776             1.93609
2.6487            -9.68871            -2.00903
6.81356            -5.84704            -7.17063
-6.63289            -6.82974            -8.84335
4.92599            -5.49791            -6.75039
0.803247          -0.0704978            -8.41395
-8.6755            -5.84277            -4.01379
4.88815              7.8753             1.76733
-7.48375            -5.30015            0.522477
-3.13089             2.60353           -0.921049
-4.8793             3.92346             6.08203
-0.594806             2.50282             0.19715
2.5779             6.89291            -1.03824
7.95099             2.30476             9.55046
-5.14908             6.57643            -1.93457
-9.0054             7.15964            -3.18705
-2.8663            -7.84387             3.96558
-8.13684            -5.91906            -2.96915
1.77557            -7.04215             6.51326
-6.30665            -5.24918            -9.62127
-9.4058             6.85476              2.5898
-0.662252             7.03238            -1.89825
-3.15958             3.43364            0.532548
-0.193182            -9.17295            0.845058
-7.50847            -4.93515             8.03888
-4.68032             5.58397            -9.32859
-6.90664             8.20276            -5.83209
2.56417             5.98254             2.45766
5.12192            -9.01914            -2.17963
-1.57537             1.45817             8.49269
-9.65972            -7.39158            -1.36998
-0.28901            -8.83389            -8.69686
-3.41288            -8.96237            0.382702
-5.4265             6.84652            -4.53017
5.85833             3.10709            -9.55168
-4.97726            -1.42888             7.86493
4.24574             3.85296             6.33503
7.31773            -7.06626           -0.780358
2.60933             7.65557            -7.57317
-7.68883            -7.63482              2.2251
4.24512             8.57936             6.09027
1.93304             4.52528            -5.64074
2.86111             2.77474             3.47819
-9.5233            -3.46232            0.807215
-0.125126            -6.58589            -3.54778
9.87548             5.51653            0.929289
-4.06232             2.40181            -1.60405
4.02631              3.6021             8.56197
4.9794             9.76073            -4.54237
4.14289             4.53413            -7.69158
-4.50056            -2.41218             7.11234
2.35023             9.69054           -0.299081
-0.210578            -1.38829             1.73498
-4.2082             5.79485            0.380261
4.50056            -5.77044             4.28724
7.10471            -2.50801            -2.85165
-2.79855             3.10617            -7.49443
-6.12598            -6.65548             5.35875
4.67666              6.5276             8.29463
5.83544             5.28916             3.89508
-2.57973             1.80303            -6.94967
-2.1189             2.61086             4.65224
8.42097            -1.10538            -5.08011
0.0735496            0.330821           -0.869778
9.24253            -7.39586             8.41151
-8.07123             -8.5638           -0.893582
0.81698            0.299997             -9.1052
0.885037              6.0921             -8.4341
-3.70891            -7.42332            -3.34086
-2.36946            -6.04724             4.39772
1.171           -0.449538             3.59752
-6.86209            -6.96677             7.89117
-3.60515             -9.3936             3.05582
-4.52986            -1.09806            -8.30103
-1.33671             7.19626             3.01248
5.49394             2.92245            -7.02933
7.49779             6.82302             4.36659
7.04794             2.45613            -2.70638
-7.03604           -0.285043            -2.38594
-3.85479            -1.18839            -3.80474
-7.58599             9.90326            -1.32115
-8.90683             4.78713             3.76934
-4.34919             2.83639             3.27128
-9.54558            -7.18192             2.31361
5.54277            -6.73635             5.25346
-4.18561                6.61            -8.66146
8.57326             -3.5258            0.945463
7.82403             6.85995             4.48347
-1.18412             6.07227           -0.318918
4.20179             7.62108            -2.35115
-7.62688             5.11368            -2.57118
5.86993            -7.68517             5.92853
8.66054             7.48833            -6.70705
-6.62557            -5.09781             7.14133
-7.1981             7.75964            -1.00436
-0.108951           -0.393078              9.3994
-9.85137            -9.94751             8.71517
0.00427259            -4.07544            0.892056
-9.81323            0.558794            -3.93445
7.54784            -8.74599             4.26832
-9.66033            -4.67299             9.87487
-7.13797            0.975982            -4.87838
5.02152            -9.74059            -3.04209
-7.04459             9.46287             5.49089
2.88614            -3.27769             2.31513
-5.73351            -5.38621             -7.2103
2.88186             6.96036             2.86599
-1.46367             9.51353           -0.471511
7.36869             7.08396             -2.5544
-9.78851             -9.6646             2.75979
-7.93481            -6.13178            -4.06293
6.64266            -2.96396             7.28263
-3.08634             8.57173            0.900906
0.130314             1.06998              5.5269
5.8507            -2.22846            0.750145
8.11365             4.55794            -2.66366
-1.90283           -0.894192            -6.65792
7.55516             6.09638             -4.3852
9.94507            0.496231            -6.61855
-1.51921            -2.22571             3.24839
7.64397            -6.39912              6.3152
7.00156             1.70049             8.14539
-9.73907             9.51476             9.50011
7.65526             5.70696            -8.44783
1.19327            0.085757            -6.91855
6.19587             3.11594           -0.869167
8.76247            -6.54073            -9.08292
8.07794             3.47087            -8.43257
0.29603            -8.94833             1.79907
7.21             2.93069             3.38023
3.78033             8.57845             7.45567
-2.21747            -5.13047             5.64928
-8.75759            -3.12876            0.856044
-4.36445            -1.12766            -1.89734
-2.63497             7.60582            -7.17429
-1.93518            -1.52623            -3.31339
-4.72213             -9.8294             2.57698
-6.91824           -0.765709             9.73937
2.88461             3.40281            -6.53249
4.45235             9.67833            -9.30631
-2.72408            -5.91174             9.98444
-9.97955            -8.99442             3.03049
-8.43562             2.41005            -6.73025
9.60387               4.785            -8.92392
-9.19279            0.128483            -7.69372
2.07923             8.08771             6.35029
-6.34632             6.06433           -0.620136
2.33924            -6.46413            -4.91134
-6.10523            0.920438             2.27393
-2.83975            -6.18519            -9.25932
0.996429            -7.04123            -7.72942
-6.42048            -1.41606            -8.21619
-2.46773           -0.715049            -3.09793
9.18058            -2.42744             9.64263
7.80725            -6.84774             5.23057
-0.242012             9.70367             7.90582
-8.32057            -2.66976            -5.86291
3.49345             -6.1742             -4.8085
-3.69701            -3.19864            -9.56603
-0.72573             -6.8276             3.67992
0.945158           -0.792871            -5.98132
2.23395            -4.99008            -6.27613
-6.46748           -0.614948             8.39625
-6.21143            -8.79788             9.42015
7.97143            -9.38078            -4.01685
8.35353            -1.08951             -9.1934
0.297861             2.68532            -7.57286
-4.29456             2.37403            -1.20945
-7.05985             -2.7076            0.362255
6.021           -0.925932             2.32093
9.54558            -9.42137            -2.81808
-5.54064             7.67205             8.26624
-6.86209           -0.910672            -1.34098
1.0654            -7.61162            -9.52208
-8.0282            -8.15058            0.795312
9.01547             -5.3209            0.220649
-8.93033            -2.99997             3.92285
-5.58092           -0.856655            -8.68831
5.98956            -1.38218            -9.26634
-0.570391            -5.35905             9.18119
-5.27604             2.93558             1.24027
0.124821               -4.12             9.05179
-1.92053           0.0811792            -1.01382
9.81964          -0.0534074           0.0189215
-1.25889              9.7116            -6.09394
-1.95685            -3.64666             -2.8074
1.43864             5.79211            -1.22562
6.74306             7.83654             7.31742
-8.49696             7.37632             4.63118
-2.74483            -9.09452             1.99316
-0.398267           0.0451674             3.01828
3.8609            0.538347             2.41462
7.48039            -5.93768             7.39219
-4.18592            0.426344            -6.55904
-4.43342             4.48958            0.796228
4.90738              1.1127            -8.98587
-4.58388             9.07987             9.90173
4.97177            0.761437             4.56557
-2.10974            -0.18189             6.13056
-5.94714             4.03455            0.592669
-3.15836              -9.635         -0.00427259
-7.54143             9.86847           -0.451064
-3.87738             9.47661            -5.84124
9.87335            -5.56291            -8.64864
-3.39335             8.74905            -4.12214
8.05414             7.99371            -2.29957
4.01502            -8.94711             6.97897
0.216681             6.05396             4.22742
-0.636006             9.67315             9.62584
8.02576            -4.70717            -4.05194
7.74682            -6.78396             8.38466
-5.21622             1.51341              2.1601
-6.85446             2.12256             5.50768
1.05869            -2.45705             3.59447
0.722678             3.10099             3.52062
-8.07184             6.57277           -0.851772
-4.93301             8.14112             8.54366
-3.11197            -9.51567             2.66701
-3.05277            -6.58925             4.25977
4.33332              6.0802             6.26026
0.489212            -5.40361              7.1276
9.73846             2.01117            -9.52147
-5.07462            -5.95508           -0.315867
2.3542            -7.49229             -3.4724
0.894498            -8.90164             9.97436
8.73684            -9.72655            0.271615
7.05191             9.58403             4.00983
-7.74621             1.25278            -4.31532
-6.19068             6.94082             1.86682
-1.6483               5.356             9.87762
9.98199            -1.86102            -5.05173
-7.77886             1.34922             4.43922
1.58971             2.39601             -3.6491
2.54158              1.9068              8.6877
9.70672            -9.59166            -5.03342
6.65609             3.23099            -8.31233
6.24195             -5.1561            -8.63765
-7.51518            -7.93146             5.49242
-1.51097             6.95456            -6.31336
7.6101            -1.27842            -5.56078
-7.96045             -6.6982            -2.65084
-3.36589             5.28123             3.01492
-7.39708            -2.43233            -4.98428
2.74911            -3.01126            -7.09799
8.59188             2.72683            -9.83886
-8.85159            -9.06522            -6.78182
3.22092             6.14612             2.61025
6.59474            -2.22144             4.47188
-9.71801             4.82009            -1.49815
-6.98843            -4.50484            -3.31065
7.88171            -1.04312             6.42079
-4.25092             8.22138             0.87466
-3.37748             7.01376          -0.0680563
-1.8247             -0.3708              8.5519
-1.74688            -6.36525             -2.6484
-0.138249             3.38908              7.2512
7.49443            -8.26624            -5.48326
-8.12037             3.68786             -2.5193
-6.50716             6.84317              2.7018
-8.23145             6.20746             1.93945
-0.699484             6.74062             6.08264
7.37541             5.39781             1.05411
3.63842             6.04999             6.85324
-9.73815            -1.97211             7.28782
6.23829            -6.83798             1.25553
-8.6462             1.66753            0.651265
-3.67107              7.3513             5.13779
9.1583             -8.3697            -1.67791
9.64293             4.92477              8.0105
-7.5808            -0.52797             7.29118
3.4431           -0.891751           -0.143742
4.65926            -8.10144           -0.399487
9.86541            -4.68825             8.66054
2.11676             8.53298            -5.21378
-3.5316           0.0537126             1.38768
3.70342             5.74816            -3.80657
8.5522             8.05689            -1.80944
8.27601            -7.12516            -6.57002
3.04514             5.82629              5.9563
-9.86847              1.0596            -6.19892
-7.15415            -2.62703            -3.82366
4.49263             3.39702             7.89026
3.96924             2.52083             5.10788
-1.79601            -5.85864             3.86303
-6.55354             1.52959            -2.98166
7.91833            -4.93332             4.30708
-2.24891            -3.27494            -1.51677
0.209052            -6.74276            -5.71062
-8.89828             6.67562            -3.48674
1.13315             3.42174              7.4691
-7.79687             8.77438             6.85049
3.92895            0.778527            -4.95102
6.33076            -1.31809              1.5305
-2.70638            -6.72475            -8.08374
-0.615864            -7.63878            -4.36506
-0.836207             6.36921            -5.23911
6.30055            -2.87027            -0.59389
-0.0415052            -4.09009             9.02524
5.22141            -1.90405             6.21113
4.71175            -6.48396             9.73052
-8.14508            -1.90985            -8.17499
7.9458             4.19874            -9.94934
-0.551164            -6.03961            0.128483
-3.89142            -6.44215            -6.48579
0.625324            -8.31843             1.12827
-1.35624            0.729698            -9.34721
-7.55425              2.9368             5.22904
-2.67647             3.43272             8.66054
5.11185           -0.482803            -1.80792
-5.66759            -5.13108            -4.97818
1.63854            -5.31205            -1.54454
1.43468             9.96033             2.91543
-4.09497            -8.50307             2.19642
-3.09214             1.28727             8.61995
-2.17292             5.95141             3.03415
6.33168             8.40419              4.4908
9.72228            -7.33818            -8.20948
-8.49452            -1.76946             6.07196
-6.22639             5.24644             8.73531
-4.62477             8.87875            -2.37434
-2.03711           -0.835902             -1.3654
3.13395           -0.351268             8.35139
8.73135            -9.44731            -1.74566
-6.46748             7.58202             3.00607
1.61626             2.57607         -0.00488296
-9.7586           -0.485855             5.01572
6.26392            -8.08039           -0.729087
9.14762             7.81945            -5.95721
6.2862            -4.46516            -7.24876
7.47826            -4.42518             5.55467
6.62099            -3.96039             3.62163
-4.71053            0.891446           0.0155644
-6.60909              9.0289             7.87957
9.86785              2.6719            -9.78271
-1.38768             4.24085            -8.23725
-6.89566             9.03256             3.12357
9.8294             6.32679            -1.34098
-4.72427             8.45119             3.17606
-3.68114              5.9328            -9.45494
8.32789             7.58599            -4.59639
-6.96005            -1.43834            -3.03507
8.92483            -6.88864             8.08771
8.25648              4.3379             7.67327
-3.89935            -8.60805            -3.06619
-2.70547             3.45103              1.1063
6.81845            -3.58348             6.77633
6.1623            -7.82678             8.22443
-1.28239            -3.08145            -8.58577
2.89987             1.88757            0.905179
5.59191             2.26447             7.19321
1.13742             -7.4041             6.42994
-4.50575             3.93475            -2.32765
-9.15525             1.51708             4.31196
6.0445            -6.21265            -7.45811
