-8.36126            -1.18823            -7.59028
-6.6491            -6.12349            -7.27817
9.02558            -4.85754            -7.36449
-9.41033             4.79525            -5.73562
7.03695             1.21772           -0.599327
0.276716            -1.31755            -2.53947
-7.82972             4.67235             8.08478
6.64682            0.603231              5.8201
-5.74541            -6.00202             -5.4797
2.04807             7.28645            -8.18923
6.91117            -9.55165             9.72689
-6.33628            -6.11943           -0.705278
1.57205           -0.376868             0.24803
-7.63024            0.990977             6.34906
1.39177            -5.64002             1.83549
1.73852             -9.4748            -8.35176
-1.6282            -9.44301             1.93366
-3.55012             4.37606             1.91557
2.43142            -7.04082             2.77608
7.13006              5.1717            -4.73239
8.05639             8.00179             5.71133
3.03168             6.33689              6.5167
-3.35584             3.86428             8.44217
-3.96884             6.50932             6.86551
0.817376            -9.80437             3.50902
3.90734             -7.5457            -9.82338
-4.6654             -9.4526             5.75497
5.04262            -8.48631           -0.715277
0.353443            -3.53927            -7.26559
-2.3405            -9.12054            -7.22812
-9.83357            -8.68725             7.74136
-2.86008            -4.83733             8.80121
5.01985              2.0858            -8.75218
7.80989            -3.86698             8.95297
7.06482              7.2677             4.69095
9.64062            -4.49374             2.19277
-2.98864            -1.75418            -9.75098
4.27029            -4.42197            0.209163
-7.33588            -9.47323             9.40407
-5.65058             6.28785           -0.439798
-0.588945            0.964249            -7.24424
1.53374             5.76834            -6.57657
-5.80823             6.69829             9.84202
3.97293              2.0094            -7.12142
6.47278             1.93002            -5.13243
-1.7822            -6.26367             -5.4298
7.41092            -4.25264             8.25128
9.01885            -3.54006            -1.29038
-4.76366             -6.1603             6.72539
-5.68962             5.30021            -6.84109
4.70457            -8.26114             9.47174
-3.38547             5.30175             3.98361
3.30985             8.34105             2.35954
-3.80034            0.833875            -3.70069
1.35115              9.2527             6.81341
-4.4153             8.14472            0.806506
-6.68764            -7.59416            -3.98988
7.14434            -5.49964             -8.2375
-7.82593             6.78212           -0.151147
-4.58585            -4.92964             8.18937
4.46097            -1.64778            -1.88937
-0.0342055             4.84112             9.80126
-0.208201            -9.11436             2.90356
-2.62938            -4.73004            -5.56266
-5.17774             2.90476             4.52222
4.47388            -6.38919            -3.83678
7.35296            -2.83263            -3.06455
-6.57406             5.29335            0.344098
-8.06134             1.70995            -8.49202
4.89427            -1.09836            -6.96532
-8.88461             8.69183            -4.74425
0.0174425             1.32266            -8.26736
-2.51852            -6.04299             7.30552
2.98098            -9.09779             9.16311
5.83664            -4.90325             6.38656
3.7095             7.84381               5.786
8.69063             1.64397             8.18956
4.11807             9.37667             3.29512
-1.28534            -6.56797            0.996955
6.99369              6.0628            -7.37502
4.34185             -5.8374             4.50546
1.58104            -4.80794            -6.83488
0.415113             2.94455            -4.54175
-7.73796              1.2996             4.59584
7.36265            -2.98856             2.79082
2.47798             -4.3074             -8.1841
-6.66483             8.97694              8.6054
6.55362           -0.139368             8.58249
-5.95563              8.7156            -1.03609
0.911666           -0.903889             6.58792
4.70006             4.12779            -3.04886
3.59607            -7.17557            -4.10875
-5.55873             2.21771            0.597023
-2.01002            -9.55327             1.62353
-5.6699             5.62921             5.26165
-4.65071            -6.94511            -6.98941
5.79171             9.20674            -6.04134
2.78145            -2.68249            0.879614
6.88746             8.10296           0.0679128
-4.40853             2.71844             1.56213
-5.84717             8.59948            -2.56592
2.57696            -7.31087             -2.8683
-0.616171            -6.42933             9.40616
-2.02012            -7.53646             1.26671
2.96684            -3.99279             3.24244
0.626523             1.66573             9.87088
3.67671            -5.00682            -3.78962
9.53511             -8.8608             8.68969
9.03238            -3.27365            -5.82028
2.30864            -5.10502            -2.17333
3.43742            -9.52943            -5.72777
-6.40526            -2.31386             8.03029
3.55727            -6.87224             8.29257
1.34825           0.0385264            -7.27533
0.93083             4.15154             6.54996
-1.97277            -5.52734             6.87573
7.05197             9.50029            -2.25856
-0.658513             8.23171             -2.4123
8.58265           -0.898268            -7.20978
7.25299             8.89299             8.63766
-1.241             4.09658             9.44855
8.56331            -1.60215             8.90279
-0.148949             3.74785            -4.66517
9.11202             2.38146             4.59897
-2.93455            -3.91661            -4.38299
2.15322            -8.79436            -2.72104
-3.4489             4.50657             3.48994
-9.95439            -6.40983            -6.07713
5.48933            -1.77941             -6.9642
-6.60693             8.44716             1.52143
-1.64205             2.29842            -5.32814
-2.4611             6.06944             5.01835
-6.33993             9.72085            -6.70446
0.69377            0.508696            -3.05699
4.23476             4.61802            -5.10374
-3.79988             5.78964             -4.2614
-4.65112            -3.82544            -6.87567
6.62922             4.61636            -3.00265
3.52398            -1.08414             8.23598
-0.826016            -4.36697            -5.71456
-5.53559           -0.692209              4.0332
-6.54827            0.221771            0.121479
7.81755              8.4156            -4.46963
8.55727             6.51501            -7.58266
-6.92337             2.97816            -4.19181
-2.80244            -5.04458            -3.97866
6.96218            -7.65691             5.62321
3.14578            -4.58868               8.807
-5.54182             5.47597            -5.07312
3.40406             6.01116             4.37766
-0.892136            -0.91393            -2.73548
-3.81881             9.78253             2.17597
6.23435             9.93462            -7.88118
1.01168            -1.84148             9.74099
8.36947             -1.0189            -6.84155
3.10018            -1.74962             3.29787
-2.84503             5.95788            -3.67022
7.07183        -0.000529273            -8.75156
-4.6296              9.8245            -3.10888
9.78008            -7.02299            -8.51784
-4.74269             -6.5647            -5.96948
-7.77853             5.99796            -6.29092
-6.87051            -7.81862            -9.54352
-5.32176            -9.02889            -7.78361
6.03229             3.24808            -4.65294
5.47466             9.58484            -8.09836
-5.4505             2.94867            0.253949
-7.83987             6.07011             5.01733
2.2847             9.24223             4.09339
-0.892985             5.57506            -3.26603
-8.84048             9.67164            -7.10129
-2.44315            -7.08522             4.60544
-2.62274             7.75607            -7.35542
0.113928             2.95202            -9.98167
2.66987              6.2141             6.04408
-4.37489             2.40942             3.05276
0.783178             2.98547            -3.04477
1.63744             0.34998             2.27184
-8.04035            -1.99813            -3.85769
-3.37507            -8.90958             6.31653
2.74646             9.10339             -4.4892
-8.08522             -2.1932             7.08496
-1.74374             2.59098            -1.78191
4.12817             7.29869            -3.22883
-6.07862             7.78451            -9.40401
7.2813             2.54925             3.77935
2.34782             3.88816             2.97609
-2.93746            0.682808            -1.83928
-7.99306             -7.5477             7.78186
-6.24632            -2.12681           -0.259199
-4.41187             3.25697            -6.08589
-5.2933            -1.78355             2.67483
-5.61351            -5.94939            -6.12786
5.72611            -4.11766            -6.11904
6.79527             9.53397             5.18788
-3.03937             8.94435            -4.41435
7.95312            -7.24652            -9.29828
-5.83377             5.09573            -3.70001
4.52812            -9.01701             9.64122
-6.99797            -7.46206              3.8559
-1.80019             9.24515             4.77225
-1.37858            -8.73788             5.62742
2.61908           -0.212608            -9.68252
4.39943             -5.0063            0.849522
1.37252             9.43934             9.89489
8.76541            -2.75042            0.347761
0.299804             3.40969              5.6757
-5.83475             2.14151            -4.46362
-2.65722              -1.124             8.99751
1.23973             3.03177            -9.34423
3.03346            -8.59522             3.82017
0.484225            -3.15905             -3.3544
4.91395            -8.60003            -2.87892
5.16557             3.25235             9.11884
3.11079             7.48349             -7.5096
5.95491            -4.95579             -8.7752
7.93519             4.55864            0.894641
3.87396             1.37912             6.25839
-4.24732             3.29219             7.86957
-1.49771             8.42854             9.73251
-7.65095             8.59695             5.01094
-2.22767             5.60576             3.53812
2.09128             4.63355             1.02594
8.68182             2.76706           -0.073834
1.61591             6.11627            -3.78229
8.00515            -7.84673             2.25686
4.40328             5.20407             6.54373
-0.888968            -7.78543             7.39769
-1.72807            -0.15908             2.47899
-3.61547             9.27527            -1.21459
5.32414              8.1111             4.76871
-4.32499            -7.67065            -4.09999
-1.03458              8.9018             2.85683
-3.51678             4.68342            -5.16907
-6.30727             4.98011             6.68879
-2.14662            -9.08998             7.76016
9.09472            0.494316             4.41673
1.33817           -0.926617             4.90805
6.93626            -8.79488            -5.31959
-4.74386            -7.79311             4.47162
-2.03276             7.25167            -1.75247
-3.09079             6.66668             0.83604
9.50794             1.64991            -1.05257
7.30711            -5.92605             1.07032
5.07193             2.94023            -1.68338
7.94489            -7.03415            -4.23179
1.0177            -4.73056             9.66836
-7.7675             5.46803             8.48796
0.0093974            -2.30433            -3.23464
5.43254            -2.14175              2.5202
5.65877             2.81448            -8.04217
6.61401             8.48335            -4.03849
-7.69408            -8.97084             2.87781
-9.97491            -2.40982            -9.68949
-0.940673            -1.23534             2.99416
1.91491            -1.16105            -4.72299
