-0.217597             3.07077             1.46031
-1.06571             6.06647           -0.194708
-3.67565           -0.866115             5.70666
9.01425             9.40977            0.856655
-2.84616           -0.185858            -6.34449
4.03302              5.3795             4.38826
4.36567             9.98108             -1.8186
-9.27335             5.94989            -9.96673
7.27622             7.77093             2.50862
-4.15479             3.06009            -5.54979
3.25236             1.26682            -8.94803
0.451369            -8.13532            -5.99597
-2.19428               1.713            -1.44566
4.485             2.34321             1.78198
7.60399            -3.18644             5.90136
-8.54488            -5.72741             -1.4124
-9.93835            0.777917            -4.53047
2.88766            -8.67458             4.63393
-4.11756            -6.62099            -2.12043
3.97229             -6.2331            -2.40333
0.828883             2.35511             9.53093
1.25004             5.82232             9.51353
1.42705            -6.09424             7.75933
0.0958281            -3.09549            -3.04758
4.40229             7.52068            -9.17142
8.54152           -0.447096           -0.731529
-8.72433             2.65725             8.77956
-6.68233            -9.06308             3.96222
7.21946             6.35212             -8.9349
6.15986            -9.81567             -7.1102
2.68258              1.8717            -6.75497
9.24039            -1.91961             3.85968
1.94647             9.43846            -6.28986
-8.9996             2.34382            -9.09604
9.86724            -5.32579            -8.06818
-0.177313            -4.76852             -7.4514
-7.39494            -6.51418            -8.53084
-0.679952             5.66637            -3.31431
-6.82241            -9.12442            -2.19214
2.71187             8.05017             8.13623
4.20118            -8.16401             1.41972
6.37104             1.90466             -5.5034
5.02091            -7.78924             3.73943
3.47118             5.48936             8.91415
5.84307             1.52715             5.81622
1.6541            -4.83718             -7.7633
2.86477            -7.00827            -7.96716
-4.72365             1.15513             9.95575
-9.67315             5.94958             4.48164
0.856655             8.64467              1.0596
1.9248             3.66588            -4.43068
-2.17444            -9.82086             6.27461
7.65862            -9.50713             6.24897
-3.29539            -2.93161            -8.91903
9.60448             6.60146             8.46461
-9.26817              7.8103             3.92987
1.5183            -2.35023             9.74212
0.867031             3.69976            -3.25236
5.41856             6.52211            -5.18662
-3.92682             6.52547             8.20582
-1.94006             7.80358             3.83282
5.42741            -4.96902            -8.24702
-3.0726             8.51863            -5.70727
8.67519             5.83087            -2.19672
6.56697             -7.1511             7.02597
9.38871           -0.727866             3.25785
5.52934            -5.61235            0.233161
0.07416             9.49461            -9.24558
-6.44124             9.05667             2.95389
-7.97906              1.9071            0.646992
-5.25071            -6.77847            -7.75506
8.41517             9.86114            -7.66137
5.59435              9.5468            -4.17676
6.60115             8.05628            -9.49492
-6.80654               7.875             7.00095
-3.59966            -3.95764            -1.16459
-3.46629             3.49956             1.46611
1.72338             -8.4167            -1.13254
4.02844               8.923             -8.3517
-8.15394            -8.20734            -3.48918
-4.84695             3.57311            0.767846
-8.74599             2.07801             -7.4279
-8.90805            -6.17084             1.39683
-3.30332             3.94574            0.583514
7.0217            -7.51488             5.02731
5.2736             1.90222            -7.75994
-4.41603            -2.38105            -7.82464
9.05789            0.925932            -8.84793
8.81436            -9.78576            -3.06345
3.24168             1.90435            -5.62487
-8.43715            -3.77789            -4.33027
-4.23139            0.999176             2.84036
-1.21036             8.43837            -2.68502
-8.32148             2.77932            0.808435
1.00497             7.08975             5.23301
7.34764             -9.1583            0.899075
-4.25184             3.18827           -0.228889
0.0524918             5.25987            -8.05994
2.02643             5.13199             9.48546
4.35591             4.13129            -2.10639
9.88525             5.61296             3.71349
-1.13224            -5.99475             8.21009
-1.67943             4.35774             1.76611
4.10443            -5.71642            -3.04178
-5.45701            -7.41569             1.79235
9.3054             -5.6325            -2.66732
0.675985            -2.82022            -2.34321
7.50481             1.03793            -7.75536
-7.54265             7.69585             5.69781
-0.285653            -3.80169             7.22922
-2.57637            -1.98462             5.39201
-1.32328             6.92038            -9.40336
-0.789514            -5.16007             6.35609
-5.15549            0.671407            -6.14856
5.3383           -0.822169            0.457778
-2.54158           -0.558794             6.97897
-1.47435            -6.21052            -3.87097
0.668355             9.78271             2.39143
4.29701            -5.62853             6.75497
-4.21827            -5.68255            -5.58123
-0.447096            -4.85275            -1.55492
-5.90625             1.83538            -5.02457
3.75347              4.0025             4.97757
-8.79482            -6.38874            -3.65459
5.16495             5.35325             1.69988
3.71624             4.12244             9.66552
-9.36735              6.4214            -6.32557
-9.77691             5.84429             5.63768
-5.48784             3.59294            -5.27146
-0.373852            -5.29221             2.94198
-8.53603             3.85266            -3.41868
7.73705             2.03681            -3.46324
2.93893             8.04651            -2.72073
-1.90558           -0.133061             6.88986
-0.949736            -4.83749             2.79763
1.56529             7.76238             5.33921
-8.10358             6.32862              8.0932
-0.506302            -4.06537            -4.22803
-6.51112            0.484024             -3.6903
0.916166             7.04062             -5.2559
5.86169            -8.24488             -3.6259
9.49736             2.02521           -0.454726
-2.80313           -0.810572             2.73812
0.782495             5.14359            -1.65014
-3.14341            -1.28361             7.02445
0.249641             1.43376             3.69335
9.2996            0.869778             9.36613
-4.13465             4.42396            -8.67031
8.88577             -9.4882            -8.59798
-9.52696            -3.93323             8.23145
-0.49501            0.100406              1.4835
3.56578            -3.13211            -8.47407
0.888089             1.64129            0.448622
-0.665304             5.58092             2.68868
5.15458            -3.33598            -6.20808
-7.87774            -9.40977             7.99951
9.24986            -9.70855            -4.89822
7.04855            0.187689            -8.75088
3.86059             6.91122            -5.29099
-4.54421             7.64489             8.64711
1.07273            -3.46995            -4.33851
1.29765             5.49059            -1.40812
-2.04749            -8.30531            -9.94201
3.99426            -9.38017             -2.3075
-6.12781            -2.28217            -9.70031
-8.62636              6.8395            -6.63472
-0.715354             2.75674            -4.73373
-6.64449            -5.95691            -2.17841
-8.15973              -9.906             9.71618
7.79046            -8.09809            -7.44591
2.00354             5.28825             5.27726
8.62697            -5.08744            -1.79846
1.52715             3.33689             8.17774
8.0755             4.43251            -4.27381
1.81616            -1.57964             -9.3524
-7.14438             8.53847            0.745262
-7.86248            -1.58055            -1.36448
5.75457             6.68752            0.597247
6.68752            -6.12568            -6.18427
-1.39103            -3.11563            0.430921
2.43629             5.30412             2.83883
-8.45729             2.02765            -9.75951
-7.07022            -1.11728             3.55113
-9.97894             2.13935             8.43165
4.91958             3.30302             7.78924
-0.885952           -0.539872             3.91766
-4.23994             4.48134             7.41386
0.804163            -9.59136             4.78866
4.22437             6.72597            -4.11328
0.318003            -2.47658            -1.06052
-2.99783             0.51973             3.74798
-4.29395            -4.12732              8.7228
2.11768             6.98691            -2.42775
5.33097              -5.833             -1.0242
-7.36381               1.583              7.2747
5.96698            -5.14267             9.19401
-5.28916             8.30836             2.18818
-6.18427            -8.94375             6.45619
1.44292             4.21644            -6.77114
-9.25169             8.07154             7.74682
0.564592           -0.830714             6.11255
-0.304575             -7.7871             9.65209
2.65908             8.21619            -1.65288
-4.49141            -1.11393            -7.07816
-2.95419             5.22599           0.0927763
-1.30192             2.68136            -1.21342
-9.53429             2.03345             9.50987
5.08377           -0.578631             3.76659
-1.21403              4.7499            0.780053
-4.95865            -4.06629            -1.45756
-1.21006            -2.96426            -9.28953
-6.68111             7.02322            -8.59706
-0.620136            -5.67766             8.03613
0.631123             2.05206           -0.517594
-0.894803            -5.56108            -9.81109
0.397961              -9.382             2.92245
-7.63665            -2.05267            -4.43281
-1.49663            -9.42595             8.07489
-0.42024            -6.70339            -8.29981
5.96088            -9.27488             4.49812
-6.16108             5.69048            -8.99167
-2.08686             2.80282            -8.65261
8.1048           -0.769982             8.62789
-5.7326             2.67251              1.2241
0.0457778             7.37327            -7.34916
-6.54347             1.60955            -3.41868
-7.09891            -3.34178             -3.9494
-5.55742            -1.11972             6.23859
1.57231            0.174261             5.53392
-6.03229             9.58769            -4.42793
-6.41133             6.88009            -3.41929
-3.35887            -9.68932             2.79275
0.570391           -0.849025             9.54588
8.76003             8.50063             2.24097
-1.79571            -6.81417             7.67815
1.42705            -3.86761            -2.35206
3.87127           -0.227363            -7.92383
-1.01932            -8.74172            -2.86264
8.68984            -1.47618            -2.79763
3.33842            -2.55196            -4.35377
-9.77783             -8.5519             -9.4879
2.71279             6.51723            -4.93362
-4.38948             4.32264            -7.37053
1.43742              9.3466              1.0654
-7.24387            -6.68996             3.44523
-5.78234            -2.30415            -3.11197
-1.6541            -1.87628             2.42775
5.8272             9.34935            -5.97736
-4.44685            -9.16684              4.0492
-8.98984           -0.262764             8.58486
-0.920743            -5.82995             8.88241
0.795923             -3.6137             9.16654
6.44368            -9.94934            -6.99149
7.47978            -3.29295             2.64687
-3.3198            -2.74728            -2.17383
-9.62889             8.47346            -8.07276
6.59322              6.9219             9.72533
-0.567339            -3.42418            -4.28236
1.68035              9.7998             8.81222
3.72936            -1.91748             7.12119
1.44017            -5.99414            -2.89865
-6.1858            -2.22571             7.68639
1.71117             9.97406             4.49965
7.00095            -4.20637            -4.62935
3.74065            0.768761              5.0911
5.42924           -0.920133            0.668966
0.54384             -5.1915             8.52596
-1.41423              4.9086            0.440077
3.31858            -8.72066             8.03522
-5.63402            -4.89608             9.87396
-4.82681            0.774865            -4.11634
-4.70901             3.55632             2.70943
-0.44557            -9.81109            -4.51582
5.43077             2.29926             3.74798
5.55834            -9.70061              -9.429
6.1568            -6.09882            -7.29728
1.42491            -8.48537             6.13453
0.207221            -1.39531             9.20927
-1.84576           0.0704978            -8.88028
1.33152            -4.34339            -8.18934
-1.07059            -4.98459            -3.12052
-1.41881             6.38844            -2.93558
0.777306             4.25062             9.49156
1.82104            0.574358             2.39479
1.76855            -6.91153             3.38359
8.18323             6.38569             3.22764
5.59313             3.09946              1.9425
0.814234            -4.53475             7.75231
3.80779            -6.98782            -2.99081
-4.59822             7.19199            -3.36833
9.34812             -3.7376             1.01993
0.509964            -4.95621             7.08274
6.66799            -7.94214             5.25712
-1.22196           -0.625324             2.42958
6.24714            -4.28632             5.14664
-2.27485              2.8312             7.13095
5.95141            0.460219            0.636921
-4.14777            -1.03946             -4.4554
-7.84631             4.01929               9.682
5.49547             8.60927             5.72466
5.64898            -5.14542             4.60402
-0.113529            -3.74035            -1.96051
6.30238             2.35847            -3.67748
6.05823           -0.504166            -5.59893
-0.422071             4.41328             5.70605
-1.08829             4.98459              4.6849
1.86285            -5.15915            -4.77889
-0.396435             6.10614             8.31507
7.59575             5.27024           -0.983917
6.76534            -8.24854             9.53948
-6.77999             1.71392             1.95868
6.04053             4.47951            -6.71407
3.54076             8.90835           -0.941191
8.40144            -6.45283            -2.67769
2.83914           -0.918607            0.769066
4.60952            0.936003             -9.3469
4.14594            -8.04987             1.25187
2.44667             4.83322             9.63988
4.68825          -0.0372326            0.802332
-8.18354             1.67455             5.30869
-4.05072            -7.98853            -3.39396
-7.3928            -4.14106            -4.49293
-6.15406            -4.49873          -0.0433363
-4.98886            0.466628             2.92795
-4.34217            -2.25623            -1.39561
-2.28156             8.86624              3.9198
-1.73498             2.16865            -5.80737
-5.34104              4.5851           -0.733665
-3.39213            -8.85708             6.88437
0.313425            0.164495             7.18162
0.458083           -0.531327              6.9451
-3.77544            -2.15461            -4.15052
0.528275            -8.00592            -9.62065
-5.98926            -8.18171            -7.90002
4.28602            0.218818             7.00644
-8.31141             8.11945             6.34999
-7.22495            -7.30735            -5.71215
-9.22483             3.45714            -8.59188
-8.26167            -3.32377             3.04636
2.77718              1.0065             6.70461
5.49883             5.31388           -0.686361
4.87686             2.09967             3.89508
-4.57869            -9.93866            -9.76623
3.14402             7.68456             5.27024
-8.20276             9.40214             9.61821
1.11576             4.41816            -3.42387
-7.76818             1.34922             3.67046
3.79772            -8.29005            -6.74825
-0.896939             8.89889            -1.49205
5.08255             1.69866           -0.191656
3.18094             3.33354             6.93472
-4.69253             8.52382             2.35145
-9.99573             9.40397            -9.99451
9.27122           -0.811487             5.53453
-5.96301             7.98883             5.66515
-5.31755             1.49449             3.02377
6.86361            -9.23704             7.91345
7.06687             1.33976               -6.48
-2.70363             -7.5341             2.24036
-6.42079             6.30146             2.43812
2.56417             3.95459             7.34581
0.886868             4.91409             6.49159
-2.94748            -8.52443             6.42598
5.42192            -5.54277             3.22459
2.93466             9.86785            -2.88675
1.35411             1.44047            -5.53179
2.75979             9.90997            -4.94034
-6.45619            -8.93826            -4.85275
8.68313             2.50435                   0
-0.940275            -1.91382           -0.378124
-7.52525            -3.38145             4.17066
0.982086             5.25071            -6.61367
-0.191046             -0.9476            -5.74725
-0.526444             2.49702             1.13102
-6.17756             9.43907            -5.71825
9.89624            -9.69848             4.13831
1.71331             3.99274             4.07056
-2.30415            -9.55962            -4.84939
-4.03821             7.61956            -9.46196
3.08451             9.03958             2.88766
4.65621             9.05576             2.81289
-7.46544           -0.358898            -2.25379
-6.45955            -4.32356             3.83312
-7.36076              1.5247             7.05222
-4.62752              9.7766             4.66475
2.11493             9.05698             -8.4341
-0.452284            -6.67592             7.98029
8.71029             3.89599            -7.29881
1.94372            -3.24717            -9.22208
-9.84283             2.75124             3.49651
6.49434             5.85894             5.51836
-9.79888            -2.62581             5.80584
0.281381             2.81075             8.34712
-4.39131             7.21915             4.09162
-7.69494             8.35719             4.54787
-8.66451              -1.583            -2.01758
-3.15836            -7.35954             2.01727
0.863674            -7.04978            -1.75726
-8.51802            -8.54854             3.62926
9.54314             3.31004             7.55943
2.93863              3.0784            -6.84927
8.8995              9.8645             9.01669
0.237739             1.08097            -8.40358
1.75695             6.10187             3.75256
2.04108            -8.56563             4.48439
-6.26087            -9.30204             9.16562
5.32365            -6.47298             8.54274
-7.61223               4.073            0.161443
1.04343            -9.26969             -2.0304
6.27064             6.46413           -0.691549
7.93603             8.37001              9.7235
-5.23118              2.4012            -7.61681
-3.37016            -2.17994            -1.73528
-7.53197            -4.50301            -2.25929
2.72408             5.90564           -0.303354
-7.2692             4.93301            -4.14411
1.24516            -6.71102             2.08991
-9.3701             6.04236             9.19492
9.11222             9.59136             7.39647
-1.44414             6.34053            -7.24509
2.60842             2.71187              7.5454
1.43681             8.11762             7.41844
-3.2609             4.18165              2.0249
-3.82275            -6.01733            0.961333
-3.67016             1.54607             9.02676
-0.911588            -4.32325             5.75152
4.89303             -6.9509             8.04682
0.795923            -5.89862            -1.16092
6.80258             1.17191             2.43965
-5.73717             8.85403            -2.54158
1.16733             4.81399            -4.53597
0.684225            -9.39665            -7.48558
8.44661              1.1655            -7.35038
7.32749             2.12958            -7.54143
-4.79507            -8.73531             6.30848
-0.909757             3.63536             5.39445
-6.72964            -8.62453            -3.02835
-1.18778             2.68715             4.97757
8.57753            -8.86013             2.28034
-1.67119            -2.17353            -6.74612
3.47606            0.884426            -4.04248
8.88211            -5.03189             8.75179
-3.56059             8.80337             6.34663
-2.06122           -0.404065              2.3484
-0.298166            -5.99384            -2.59255
-9.7821             8.13227              5.7036
-2.98807             2.53975            0.464492
9.56236            -0.81637             4.92386
3.45988             6.87521            -9.76806
6.04328             4.24635             7.88263
-9.24406            -2.32765            -4.63393
8.85861            0.310068             5.91662
7.19474            0.119327             2.92032
9.24009            -2.76833             9.75646
5.97003             1.10355            -3.45683
0.901822             6.74642            -4.59181
-0.169683              5.3444            -1.33518
2.09632            -8.78292            -1.30192
2.54707            -7.78985             3.97076
-8.17133             6.92404            -2.85012
4.78256             6.05853            -7.39341
-3.75408            -1.01138            -2.91086
3.12754            -8.94772            -4.43464
-7.05588            -3.17209             -4.2085
3.97351             7.96442             5.40757
-2.013             8.84457             3.04941
7.40532            -5.21836            -8.76186
-3.31095            0.739769           -0.374767
-5.25071            -5.64287             5.32182
0.979644            -3.13883            -4.61013
-5.31114             5.98254            -6.28437
1.51372             3.17728             3.85968
-6.60573            -3.55205            -3.46324
7.56737            0.475173            0.891446
2.82357             0.68392            -1.53661
4.46089             7.88934          -0.0592059
-4.01227             2.28217            -7.53075
-5.27696            -5.56078             -7.1453
1.0773           -0.249336             3.74798
-3.44646            -9.05576             7.25028
5.19425             5.99902            -8.00867
8.70449             1.45878             8.62606
5.96301             7.04154           -0.725425
-5.35508          -0.0994903             7.93054
9.3524             2.01941             -3.1962
-7.2042            -2.34535             1.08463
-0.399792            -6.78823            -6.82394
-7.50908            -2.89682             9.94659
7.53166             8.45058           0.0357067
-1.15543            -8.46644            -4.63759
-6.47511            0.919828            -9.68139
6.20777            -5.90716            0.842006
3.32652           -0.834986             7.93085
-9.25871            -7.99249             6.95486
9.63073             2.75399            -5.41337
9.89532              8.4228            -3.86883
-8.59951            -3.73638            -7.73705
-0.307321             5.45579            -6.70095
2.0896            -5.96698            -6.95303
-2.89407            -3.11563             9.09207
3.91034             8.20276             3.12021
7.87011            -1.45482             3.16813
-7.7102             8.78536             5.21958
0.64333             4.07361             8.03339
-8.34071            -1.04892             -6.4626
1.3184             3.31919            -3.03659
-5.44939            -2.34046              7.8106
-2.37922             2.51015            -5.28764
8.39656             6.89199            -6.50838
1.6419             1.41453            0.204169
-3.63018             6.61946             4.89669
-2.19092            -7.34306            -5.54491
0.68453            -8.87509             9.93439
-5.4857           -0.783105            -9.61638
-2.19611            -2.45033            -7.01651
4.39833             2.81533            -9.46562
-8.04376             9.02493            -4.03424
5.8446             2.80374            -1.03916
5.14237             2.96121            -4.44746
4.17798            0.364391            -6.83737
3.8197             -4.1731             2.70425
2.86203             6.55507             3.71471
-0.307321             2.95022            -2.85073
-9.38536             6.90786            0.456862
3.97504             8.38038             2.91665
3.15592             -4.5793            -7.82495
8.72066             9.60021             4.87136
4.5027            -6.74795            -9.16898
-1.71606             7.80511            -3.86761
1.1243             2.72225             3.71776
0.681478            -2.98105            -2.38319
-2.65419             9.27641             3.50536
4.32722            -8.94803             5.99139
-0.655232             8.74691             4.81887
-0.771813             9.77599            -9.06491
-6.62618            -9.66491              2.3603
6.90085             6.21479             2.02216
0.689413            -9.40153             5.17533
-8.97427            -8.66268            -7.99768
4.82711             4.73403            -4.13434
-2.64748             9.73296            -7.29667
3.06406            0.632954            -7.56432
0.0967437           -0.798059            -3.96741
-3.12723            -1.18381            0.791345
-4.4792             9.35789             1.48015
-6.08203            -0.63509            -3.10587
-8.68374            -3.83526             5.16465
-8.51497             8.37733              8.2635
7.54387             5.81133            -8.90866
-2.23914            0.409864            -8.31904
-1.6007            -2.91177            -3.96191
5.50645             2.85806            -1.63915
-7.4102            -4.88235            -9.72869
-3.55144             1.54271            -0.55208
-5.48723            -7.05222             -1.4655
1.24668             6.79891            -8.57662
-3.58104            -5.63494            -9.02829
2.91482            -5.86749             7.73614
-1.25462              4.4142             5.52171
-0.240791             7.55943             9.37376
3.02835            -8.55678             6.14093
-4.93973             6.71651            -3.38481
-2.82754            -4.82253            -6.86666
-4.6498           -0.547197             7.13889
3.43242             -4.5848            -1.31565
-4.69436            -6.43757             2.79275
-2.30628            -3.02408            -3.11014
-1.09012            -2.56569            -6.49648
-0.818506            0.950652              1.9364
-7.79717             9.87121             1.35746
8.74752             1.10294             5.23972
-9.87854             7.83868            -4.26313
-1.27476             4.77676             5.47868
0.292062             8.46797           -0.970489
-2.74087              3.4959            -6.32862
7.64916              3.8966            -0.53621
-1.43834            0.365307             1.39378
-1.75085            -4.74258             5.41185
-3.97717            -3.03934            -7.13981
9.29441             9.51689             3.62865
-7.44011            -1.11606             9.10611
-0.0277718            -1.74413            0.684835
-3.99182            -1.49052            -8.31416
0.153508             1.89825            -7.28904
6.9921            -2.01147             4.30952
1.12186             7.23533             1.23203
-1.26926             2.95969            -3.82427
-4.3968            -5.26505             3.64605
-4.31043             -3.6024           -0.754723
-2.56569            -7.26463            -7.96472
0.902432            -3.68877             5.38896
0.5356             -8.0813            0.310678
2.55318            -3.44005            -9.71038
-3.79192            -8.82199            -9.04904
-5.98529             6.61611             2.52907
-0.000915555            -1.06662             5.07736
-3.46965             5.88275            -4.28632
-1.90832             6.26301              -9.382
2.93619            -4.16181            -7.95892
9.72686             3.20383            -6.65975
8.94009             6.22181           -0.812403
6.32038            -1.19083             9.69604
-7.93085             7.67693            -2.99203
-4.66933            -7.91589             4.90036
-4.10047           0.0589007            -4.45082
0.638752           -0.482498            -1.23142
6.63778             6.98599             2.66091
1.21311            -6.61153             8.88852
-6.73635            -3.87738             1.23539
-5.31175             2.14545            -6.91214
-4.44197            -8.46889             5.22477
7.38884            -1.77862              6.4275
-2.63222             7.74041             -3.7257
-9.41343            -3.69793             4.96109
9.34416             5.11124             5.76312
0.842311            -6.81906             3.28623
1.56682             6.05609             -2.4604
5.03372             2.75124             5.89801
4.72213             6.96921             8.53725
-0.502945             4.80422            -5.67309
3.64055            -7.34855            0.399182
2.7018              4.4908            -8.85037
-4.14563            -5.47807              7.8106
2.87423             3.34971            -4.37086
0.620441            -8.96634             2.54189
-1.28208            -5.73595            -8.12037
5.42619           0.0482192             1.81036
8.89187             7.78558             3.96893
-1.99499             7.67357            -7.90826
-0.781274            0.271615             5.94134
6.09638            0.384228             9.52635
2.28858             9.81903             5.63128
-0.422071            -2.05451             6.06952
-1.50121             5.13627            -2.36579
-7.49809            -2.96152            -5.02152
5.39842             3.86944            -6.83432
-6.25813             7.67632             5.42161
-7.97876             2.55348            -8.21741
-9.67589             5.10331             8.95901
3.33903             8.27113             6.51936
5.85833           -0.936308            -5.37736
-1.1475            -7.19779             2.04718
4.2552              5.0914            -2.01514
2.51198                3.52            -9.08963
3.33293             2.54585            -9.67925
7.16086             3.47636              7.0333
7.49901             1.74963             9.88098
-4.35682             4.76608             5.69262
-0.448927             -6.5746            -3.00668
6.3097             2.52235            -8.75668
0.72573            -1.93915             4.52803
0.295419           -0.726341            -6.22669
4.36232            -6.00177             8.07642
0.478835            -3.57891            -9.79492
0.278329            -9.39817              1.4359
8.80734            -6.21418           -0.505997
7.87194             0.70925             -5.4152
2.57424            -9.46776             2.07038
-4.23383            -3.36894             7.46178
0.567034            0.466323             2.02429
1.87719             8.85067            -2.99905
-6.36006               0.824             2.88858
8.03461           -0.448622             -9.0405
-2.59224            -8.46248            -2.75399
4.73556            -7.53868              7.9397
-0.143742            -8.79391             5.60533
6.23615             8.09748            -5.40757
7.32719               7.416            -2.41585
8.19514            -3.78826             7.41173
2.74789           -0.870083            0.861538
-2.55531             3.24595            -6.52821
7.60735             5.63097           -0.662557
-4.6028             1.64739             1.00467
5.20249              9.5645             9.32127
-5.40635               4.438           -0.418104
3.44127            -5.90991            -5.60656
-5.06699            -6.45863             1.69042
6.5978             8.59645            -1.85064
1.11026           -0.944853            -9.55168
1.54424            0.697653              7.1334
-3.26426             2.18696             -7.5869
-7.53563             -6.2917             8.07703
-1.97272             7.29179             1.03214
-3.5667              1.1539             8.43989
-4.579             2.75338             -1.7127
9.61577            0.874355            -9.26267
-1.40843             6.62862            0.228278
3.94726            -7.33634             -4.2317
5.262             3.30515            -1.92114
-4.39436             7.33879            -6.43452
-3.30424             1.38981             2.54707
-3.33506            -1.68554            -9.01639
-1.29734            -2.37037            -8.18995
0.252693            0.593585            -9.70397
-7.8106             4.67483             3.04178
-8.51619            -2.99997             3.93384
1.66265           -0.825526             9.46715
-0.614643             4.56404            -9.71465
0.743736            0.787072             8.54274
-4.7795             3.08359             5.55925
5.67003             8.61751            -7.25455
-1.94678            -1.93365             7.15964
8.79025             8.37489            -1.98737
1.66265            -3.25877             5.11521
-9.08078             5.17808             8.11548
4.98428             4.22346             1.29948
7.69768            -4.60219            -3.65459
-8.01569             2.93008            -1.53233
-8.67183             4.46577            -2.29652
-7.61437             6.88711            -3.42418
-5.6444             3.79772             8.97214
7.31468             7.38548            -6.79464
9.95209             -0.5768             0.65096
2.85897            -9.11588             6.19037
-8.96939            -9.01028              7.5988
9.17173             7.02231             7.00735
7.70562             4.85611            -7.04886
0.392163             3.03446            -4.78042
2.4543             9.91119             3.46232
-7.9696             5.19028             7.62566
-4.05835            0.452589              -8.464
5.03037             -1.9834            0.809351
1.34526            -5.48601            0.442518
4.56648             6.83096              6.2804
3.7495            -5.25285              9.9234
0.631123             -2.5663             4.92904
-7.29728             4.94522             3.38389
2.00079             5.10849             1.63884
1.29887             9.12992            -6.50899
-2.84341           -0.159001            -9.05606
5.43321             5.29588            -9.13083
-1.14109             8.21406            -1.73986
-9.75555             6.44826             9.59655
9.13724             2.55806            -4.16944
-4.70565             9.01242            -7.26798
-7.21183             3.53526            0.235298
5.7152             9.75799             9.51903
-9.56267            -1.46519             4.61104
8.74447           -0.239265             5.25681
3.1373             1.37547            -3.98389
0.29725            -5.61846            -1.84606
6.66341            -6.49129            -4.82772
9.38017            -2.97189              7.6516
-0.639668             5.41215            0.426344
0.763573            -8.48994            -9.46287
7.99066             1.36296            -9.49156
-0.0323496             -9.6411            -4.08765
5.02731             2.07831            -8.18598
2.47047             3.62651             7.63634
9.65239             7.02963            -2.93741
1.14872             3.54991            -5.72527
-4.61226              6.0625            -9.32768
-5.84002             4.91317             4.25886
-4.33393            -1.34831             8.85525
4.87899            -3.59386            -4.83749
0.694296             4.10321             6.71407
-8.03919             8.57875              2.4543
-2.22938          -0.0405896            -6.16993
-1.17924            -4.70443            -7.23167
-9.05026             4.27747             4.90036
-4.05194             -8.7286            -7.73492
8.32118             8.60378            -2.05542
2.52785             2.45125             2.18909
-8.86105             2.96091            -7.99677
-6.83493             5.62792             6.89596
-4.44349            -9.86969            -8.01202
9.43999              -5.244            -9.61333
0.0228889            -6.65304            -2.94473
-1.2421            -2.67953            0.838038
9.56999             6.89352             9.94629
3.9729             2.56783              9.0698
-4.77035            0.852992             1.64006
1.40568             3.02866             8.50093
-6.75985            -5.86322             8.19727
3.40831             2.69295               0.412
4.55428            -3.17423            0.340281
6.26331             1.73376             4.09803
-0.203253             8.71487            -8.43623
1.29307              8.2934           -0.672933
-8.11426             2.88278             9.79614
2.91421             4.44288             4.84024
-0.801416           -0.142521             9.38597
-8.03583             3.41136            -6.91702
1.67516             4.05225            -4.54024
2.49947             8.51039              1.3358
3.71838             -8.6935              8.2934
-8.23817            0.213324            -9.73327
7.21427             4.51582            -4.77828
-8.28547             -7.4926              7.8515
6.34358            -6.62709           0.0930815
-6.95486             8.96023              7.0632
-9.72961             7.80999              9.3112
-0.641804            -4.96048             -4.6263
0.102542            -8.23572            -1.20029
2.06488             9.64354            -3.04758
9.45067           -0.290841            -2.93069
-8.60591            -8.56594             9.42381
4.55275            -1.30741            -3.86975
-4.94369             8.71792             1.57933
-9.92859           -0.617389             -6.7272
2.71004           -0.298166            0.507828
7.20084             1.42308            -2.05878
-6.62404            -9.36857            -9.25169
7.94183            -3.78185            -4.74319
8.77255            -3.87219            -8.23511
7.48131            -3.76995             4.73189
1.63335            -8.75027             7.38762
-6.15589             6.88009            -5.41185
7.32688             -5.1793            -7.44469
8.33277             2.16407            -7.54387
6.69393           -0.638142             7.84051
-4.47462             8.80795             1.21982
8.38954            -6.74581            -7.83807
3.8081             9.96857            -8.83999
-6.47206             6.92557             2.24982
1.02145             1.07089            -5.02915
6.24134             2.12989            -4.53566
6.16016            -2.59011           -0.909146
3.56883            -6.40614            -9.44395
8.68465             1.89398             6.49617
-3.91888            -1.20029            -5.99445
-0.83224             6.24928            -2.42927
4.93362             4.28144            0.669271
-8.16767            0.819422            -7.02719
-2.1015             2.22785            -1.47801
2.80404             2.70455             3.04117
-1.89306             0.82461            -7.34855
3.48308            -5.98254            -6.70553
2.07709            -1.73467             5.26353
-2.71432             4.62325            -5.98926
-5.9801             2.64443            -1.03519
-0.821863             1.24668             1.62908
-7.47978            -8.03156              9.7763
-6.21265            -1.28269             -9.7647
7.74926             4.98459            0.272225
-6.74093            -5.39415              5.0969
4.48408             9.38688            -4.83535
4.9678            -9.29136            -4.69253
-0.771203             8.49452            -4.02478
-6.6036           -0.550554             1.07669
5.14389             2.75979             -5.2031
-2.77627            -8.01813             5.39598
7.99036             8.90988             6.38813
-9.21384            -2.03864              3.4019
3.56212             4.03882            -3.61888
5.2028             4.41511            -5.07645
2.62734             3.08298             2.24921
8.57662             6.84317             9.12168
-9.5822             -5.7213            -1.51189
-6.19709             6.92251             2.54952
-0.829493             9.79736             8.59554
8.72555             2.87606              9.4525
-9.68413             2.97128            -4.57656
-0.117496            -3.14249            -7.97082
8.23817             8.80154            -1.15268
2.55531             6.23432             6.76656
9.7763             3.99518             5.39689
2.60506            -0.97293            -8.19086
7.67479            -6.51051            -1.04556
-0.595416             8.62728            -1.04678
9.5706             5.66881            0.310984
-8.7405             -7.8811             7.67785
-0.124821             1.79662            -1.16214
0.660115            -2.17078            -4.25947
-3.22428            0.358898             2.70241
-1.92511            -8.01233             5.94195
-6.21326            0.321665            -6.91488
4.31959            -3.73424              -6.068
5.94134             4.87259             9.90081
-1.92236              1.8189            -7.40318
-0.350963            0.838649            -1.08341
1.11972             6.01978             9.33561
1.21555             7.47063             5.88702
-5.49486             7.89483             4.63668
4.7499            -1.90405             7.42698
-6.49892            -7.57317             8.85006
8.41029             3.88806            -6.98569
-8.07917            -1.70232            0.934782
5.48387            -2.43873            -2.75185
-4.32783               8.905             1.70751
5.35203            -8.29554            -2.73171
-9.93133           -0.887173             3.12418
-7.79138             4.57289             2.12714
0.0201422            -6.91305             -2.7955
5.63616           -0.137333             9.10337
-5.18296             1.85583            0.571917
2.80343            -2.21473            -6.92953
5.14634            -4.79385            -3.80993
-5.32334             2.78878             6.30238
-7.24723              7.3159             1.32389
-2.88278             -3.7785           -0.406507
-9.48607            -9.62859             9.24406
-8.72066            -4.96506             -8.2754
-9.00571             9.45677             1.30619
-7.76635             2.50984              0.4532
1.46214             4.83291             7.78985
7.93023            0.823389             6.15986
-1.22105             8.46492            -7.53197
-8.69381              2.8486            -4.27412
2.89193             9.65911             2.58583
-5.85589            -9.69268             -2.8428
7.6101            -1.05777            -1.24973
-2.71401             6.25996            -4.63485
-8.98953            -2.93283            -8.74966
-7.35618            -1.36967           -0.821863
0.0112918             8.72555            -1.97211
4.35347            -4.98062            -2.38014
-9.55992             3.22062            -1.63335
8.22413             7.92199            0.552385
-2.09235            0.363475              8.3169
6.83554            -7.10929            -4.90799
2.32551            -2.60567             4.23994
-6.69301             7.92627            -1.47282
5.02518             8.99411            -6.60512
0.037843             -1.4832             5.29099
4.31471             6.26789            -7.23624
7.14469             4.09253             2.89193
-3.57463            -7.24998             3.15104
7.37724            -5.77837             1.72674
-2.25623            -5.05051         -0.00061037
0.713523           -0.198675            -6.92618
-6.03473            -1.32023            -1.17924
8.8049            -6.26881            -2.01117
-7.91589            -3.20292            -6.14704
-2.47383            -8.28394            0.676901
6.44673             8.03949            -8.30805
-2.10486             2.68227             2.71493
9.30937            -8.48811             1.95318
9.89502             2.02948            -9.83306
-2.54494            -4.80605             5.53789
9.68047            -6.59566             7.75811
3.73516             6.83767               1.142
-2.25318            -7.27165           -0.885647
-7.85852             7.02536             3.68145
3.0137             6.79647             6.06372
3.55907             8.74905              4.4438
-5.6914             5.57817             4.14594
1.41118            -2.75369            -8.17225
-1.99347          -0.0601215             2.98379
0.689413             9.60448            -7.38517
3.60668             1.83081             4.74715
3.4611             9.24375             -8.1869
-1.2891           -0.773339            -5.18021
-0.682699             1.10721             4.73403
7.05954            -1.74963             3.82763
0.705588            -1.06418             1.02725
0.964995             -7.8399            -3.65032
2.41676            -6.01642            -5.04654
-4.89029            0.292673             7.07358
-9.40214             4.49751            -7.68822
3.51939            -2.31239            -4.58602
4.26374            -3.36863            -3.74493
8.22932            -6.87643             2.81289
9.83428             7.88659            0.556352
4.53963             4.18378            -2.75124
2.70852             6.37928            -8.17072
-9.08994             8.34712             6.84957
0.563372             -2.6307            -9.17814
-9.15403             1.77404            -7.06626
-4.34553           -0.204169            -3.04697
-7.72973            -5.64501             6.21998
5.90442             -4.5143            -5.02548
1.47496             2.15583             3.08664
7.18894            -1.75237             9.79095
-8.47072            -5.09781            -9.06644
5.05722           0.0500504             1.20914
-9.21659            -6.04877            -2.06641
-2.23914            -8.73867            -8.10511
-8.66115           -0.278329             2.80953
6.34266            -7.53594             8.06757
0.67568             5.62731             1.28605
-1.24241            0.158696             3.29936
-0.473647             5.36912             7.80908
-4.96628             7.50023           -0.571917
-6.26514            -8.67367             5.34288
-1.57506             5.38347             7.76727
-0.218513            -5.96484              -8.699
-7.76116             2.23273            -8.48781
-1.78106            -7.51793            -3.08145
4.19691             4.04614           0.0625629
-4.86648              8.2577            0.590228
3.33598            -9.08536            -5.22507
-5.60289            -6.19953            -9.85992
-5.6093              3.9256          -0.0103763
0.465712             2.53609            -2.31941
1.07456            -7.22678             6.31855
6.99881             4.28907            -9.83123
-9.75127             8.99899              3.2899
2.13996             1.93884             3.93872
7.41752             2.54494             3.47514
7.73919             0.80813             7.93756
0.777612              4.8619            -3.92987
-0.357982             2.39967           -0.629902
-2.86843            0.379345             5.12345
4.19263            -6.68538            -6.29292
2.65389            -3.69793             8.14875
3.15775            -4.72152           -0.233467
8.15973            0.774865            -9.40672
-2.1015            -9.18119             4.65255
6.50136              5.9856             7.98273
-9.01639            -4.71694             6.57674
-3.01553             5.94043            0.552385
-1.21799              6.7275            -9.64812
1.6364            -1.13193             8.13379
0.0531022            -2.35176            -5.79058
-5.9508             4.60341             4.56099
1.99438            -7.61345             -2.4839
1.23936            -4.22071             4.47981
0.249947             5.83239            -7.80389
-8.54244             2.94565             5.14603
1.50731            0.953398             9.77416
-8.58882             1.05869            -7.68242
8.38008            -1.56835            0.198065
2.61055            -6.81112             5.86718
-0.811792             3.38359             7.21335
-4.79659            -8.71151            0.328074
0.330515            -5.95508              6.6155
3.74798             4.86587            -9.39085
0.9064              9.9118            0.768151
-3.99152             3.71563            -1.04404
-0.509049             9.90722             6.90359
-9.63408             7.40806            -9.81964
9.49889            -2.37037            -5.07309
-6.8749             5.15397            -4.02264
7.0159            -2.08625             1.18625
-6.57033           -0.504776             -9.0228
5.76098             -3.9024             3.72204
8.59584            -4.78072             7.39525
-0.276803             1.75542             5.04898
2.68075           -0.154424             2.91025
-5.25956              2.9191            -1.14322
1.88025             1.38554            -8.88882
-9.82116            -7.20115              8.0221
1.20304            -6.14887            -8.58394
-2.25043            -4.97055            0.742821
-1.35105            -1.58361             2.20771
-8.88577           -0.657674             2.55623
2.32032           -0.336009             8.30653
-1.52165             5.95965            -9.00296
-9.97711            -4.21888             2.57424
1.54576            -5.67644            -5.67064
-6.96341            -8.96298             -1.2244
-6.97714             5.14695           -0.228889
-3.58715           -0.566729             4.86618
-2.04901             -7.8695           -0.464492
1.02206            -3.78582              8.7817
9.14518            -1.37272             1.62511
-4.39161             7.52831            -2.79153
1.04434             4.97208            -9.68291
-3.40861             1.64159             4.76089
8.79971            0.942412            -3.39213
9.44151            -5.99567            -2.53395
8.39351            -7.16117             8.51497
6.39912             7.15903            -5.89434
-8.88333           -0.608234            -3.52855
4.96841             1.58574            -9.30998
7.25089             3.55937            -8.82412
-1.70446             8.30653            -3.97656
-1.9187             4.08765            -2.03131
-2.54067            -9.92065            0.271615
-9.10367             5.87512             1.98675
0.697653            -9.45555             5.41856
-5.09507             5.55193            -4.17371
7.97357            -3.64757             2.19794
4.45204             5.10178            -2.53456
2.24067             -1.6541            -9.18027
0.216071            -8.52718            -7.55638
-8.92972             3.38664              7.4044
8.82412             2.22785            -9.78393
6.54347            -4.79324            -9.02249
-0.704062            -3.64177            -2.61238
2.15003            -9.78912            -6.31581
-8.81069            -8.88333              9.6408
-8.50002            -1.35533             1.00772
2.8367            -3.65978            -1.26011
6.2508            -8.89615            0.136723
7.80511            -8.86685            -3.77026
8.93002               6.433            -2.19886
3.41166             9.23673             3.38572
1.02268            -7.99066             2.05603
-6.13971            -6.48976            -8.31568
-7.17307            -3.70342             1.47893
-1.02664            -3.83343              5.8449
-9.17447            -4.11786           -0.422987
-5.30229             2.67312            -9.35606
-3.46294            -2.04962            -8.44539
3.15592            -1.23234             3.67321
1.45207             2.47505             2.33772
-0.924406             4.73708            -7.29026
-4.52803             2.51167               1.301
6.21937             4.08429             8.19147
1.07791            -6.84896              1.0828
-4.22468           -0.817591              7.3336
0.851161            0.257576            -9.69268
-0.823695            -6.93014             1.69012
-8.4405             9.29228            -5.84735
-6.5978            -4.85214             8.31477
9.02676            -1.26286            -3.42357
-9.3704            -2.13141            -3.38664
1.97607             1.22593             7.16788
-7.03421             3.06558              6.9628
7.65099            -8.38343             2.98532
8.211             2.15125            -6.33747
6.18397              -3.155            -6.53188
7.06137             7.90155             9.86816
-0.190435            -6.50838             -2.8431
-1.54393             6.61702             9.99481
2.69997             5.18479            -3.57982
2.89132             -0.3296            0.307627
-3.2548             1.48808             3.41105
9.2349            -7.60765            -8.09809
-5.38072            -5.52599            -9.34019
-9.46135            -6.47176             2.12104
-3.72021            -2.51381             2.65847
5.74969            -1.60009             6.58101
5.3267            -9.17356             8.93796
6.05762            -9.47783            -7.82311
3.137            -2.64351            -3.28043
-2.39235            -1.51585            -1.18778
-6.78335             3.95245            -2.21473
8.21009            -2.59865            -3.14524
-2.86111            -7.16117             6.37471
0.0265511             -7.2985             9.48515
9.85992             6.11072             5.69506
-5.54064            -4.38398            -5.18815
8.34407            -4.45296            -7.55669
-4.47462            -8.46736             6.95212
-1.00284             2.65297            -4.33638
0.259713            -1.94739             6.37532
6.021            -9.09421             6.45772
1.78076            -7.07999            -1.84515
7.15873             2.59896            -6.50563
-5.99353            -3.23649              -1.395
-1.23569            -1.82562             5.53514
-5.52446            -4.54237             8.51497
4.56648             4.35408           -0.612812
-1.62786             4.24238             9.31913
0.636616             6.11805             9.13999
3.37046           -0.704978            -3.87097
8.11792            -1.38371            -6.84317
9.8645            -2.09021             8.08283
7.48131             5.99994             8.77346
5.04898            -8.68007            -6.67745
2.21931             3.37382            -2.42409
5.16739            -9.94537             3.51848
3.29234            -4.84817            -5.47411
8.94284               -3.82              4.3675
9.09726            -5.06638             3.86639
0.793786            -4.67238           -0.124516
4.2967             -9.8178            -5.27024
9.48119           -0.293893             7.06626
-5.48021            -9.96063            -4.61287
-9.59288             3.18705             5.76189
-6.086             1.60802            -8.63796
2.51808             3.69793            -3.50688
3.60027             1.06265            -1.53722
8.26319            -8.43684              -7.463
4.94034             4.24635            -9.89685
0.889004             3.13944            -8.53114
7.44621             5.87634            -8.72677
-9.75249           -0.946379           -0.542314
9.2468            -4.57808             7.48924
-7.3281            -1.23112             6.85476
-0.206915             7.81579             1.98767
-3.49284             6.86941            -8.19605
-9.45433            -6.15345            -1.07334
-6.93838             5.43199             2.79519
3.84808             1.23478             2.51137
8.1521             8.47957            -3.77209
0.00152593            -7.19352             6.37043
-6.39973            -9.17386            0.640584
-6.75039            -2.25593             -3.1373
6.59291             8.04193            -2.91299
-1.65502            -7.32933            -3.70312
2.10211             6.21204            -5.35203
-0.354015            -2.58675             5.65203
7.7282            0.999481              7.7401
-7.69341            -2.79305            -1.16367
-4.39253             -6.6335            -8.28425
0.746483             8.51283             2.55989
4.95743            -9.41649           -0.281381
2.378             4.76058             8.34834
-0.122379             7.96472             7.61406
6.12476             -2.2544             -1.7655
-5.87176             -1.6071            -7.32475
-5.14756            0.517899             1.59429
0.683615             9.81384             8.16553
-6.07654             7.87439             7.60155
2.91726             8.90133             3.88134
8.96878             2.15461             6.66128
-7.72118             -5.4857            0.311289
3.61736            -8.92026             6.64357
-9.70214            -5.46922            -7.45445
6.28956            -2.45918            -9.78729
-3.70495             9.00723            -2.65145
-5.91388             9.99908             1.74627
2.63558            -2.15491           -0.292062
-1.0239             2.71157            -3.06467
-9.56023            0.998566             8.14081
-4.64156             9.45952            -2.74239
2.58827            0.249031              1.8189
0.0112918             2.05695            -5.06973
-6.5276            -1.83477            -8.36787
1.90497             5.37736            -7.23533
-6.25752            -6.14093            -8.42891
2.38533              3.1489             2.68044
4.45418             5.52263             -5.6624
-2.66366            -2.02918             -9.9292
-1.92602            -2.78665             2.82968
-0.289621              3.7492             5.02762
3.69793             -2.7427             7.72301
-9.59929            -9.04172             3.93231
-9.30815             8.93216           -0.126957
-9.38139             8.97397             5.50951
2.82968             6.48854            -4.45051
1.36052           -0.402844             2.46956
-8.1576            -2.02643              2.8312
2.55287             3.86883             2.81014
-9.32585            -8.73928             1.68004
-0.127567             5.52721             4.44197
5.34074             5.76525            -1.98004
-5.31877            -1.00742            -6.86178
5.43657            -1.60649             1.49022
-9.42564            -9.55596            -2.27302
5.04715             -8.1991             6.56148
-6.29719             2.79305           -0.682699
-6.41713            -1.39103             3.78338
-8.1341            -5.08377             5.47624
1.8366            -1.34678            -8.42402
1.22593             3.15806            -4.03546
-3.30912            -8.98526             8.82626
1.62206             -2.5016             8.38404
1.20426             8.25037            -4.86312
-3.95459            -8.34284             9.83428
7.46208             5.06333             5.42894
-5.95294              1.1359            -5.47258
-7.35221            -8.40724             6.07318
2.84341             1.44505            -9.24772
-8.97794            -3.49467             4.46181
-6.08905            -8.37886             2.72378
-2.85653             7.52068             9.64507
-6.01123           -0.428175            -6.42903
-6.27094             1.41301            -2.38838
4.04096             8.99442             8.45943
-9.91699            -2.50404            -9.30784
-3.86792             4.27107            -8.81252
8.9285              9.3881            -4.50667
7.89514            -1.78564             -2.0835
7.87347             7.67479          -0.0918607
2.3719             -6.9512             3.91369
-1.05838           -0.129704             2.58431
-7.65557            -5.81622            -4.17524
-6.68325             3.07871            -7.10868
5.44359            -3.94665            -8.57204
-7.31437             9.16623            -6.57643
8.84365             -3.3665             6.36555
1.03977           -0.881375            0.126957
-9.98016            -0.94882            -1.57079
-8.78201            -5.92975            -5.11185
9.78484            -1.81738             4.43495
4.82467           -0.760826             1.14292
-1.90344             9.46348             5.57573
0.917386            -8.69472            -4.43892
-3.52733               1.648            -3.07566
-0.578936            0.243843            -7.12119
6.68264            -8.99747            -9.32432
-0.724815             1.79571           -0.512406
0.326853            -2.73232            -5.74664
3.68297            0.921354             5.10117
-2.76345           -0.516068             6.01001
-5.35813             8.57295            -3.91522
-1.63305             6.12506             8.06696
-5.9273            -6.47877             1.85492
1.34892           -0.855739            -8.79269
-9.33531            -8.47224             2.29774
-1.52074            -3.52428             8.17957
8.16889            -3.47942             5.28184
0.962859            -2.77932             9.37773
2.55684            -1.74932           0.0259407
6.49648            -1.59551            -2.52876
-6.75527           -0.844447             9.72961
-0.237129            0.367748            0.595416
-6.3097           -0.203864             -9.7232
-9.62493            -3.34819           -0.480361
3.40739             8.95535             2.42836
-7.35801            -4.42732             8.92819
-9.44639            -7.38975            -5.39171
-9.906             3.74859             6.23249
-3.24351             4.32478             3.22672
9.6115             7.60765             7.90735
1.92969             6.73177            -1.80975
2.84616            -1.76031               1.442
0.639668             0.77517             -4.8146
-1.46245             3.90942            -8.33674
7.92901            0.994293             9.87915
3.15806            -5.99811             7.02048
-7.60521            -3.05399            -5.62151
4.6086            -2.28004             6.26179
5.64928             1.53203            -2.62032
5.52293            -6.17969             7.51854
4.36903             3.82855             2.58095
-8.44172            -8.97336            -4.63454
6.09241           -0.764183              1.5009
-4.36262            -7.57012            -6.55141
-6.85842                  10            -5.94165
-4.35743             8.36909             9.60692
-7.92779            -6.31031            -7.78069
-8.55007           -0.597858             6.69424
0.759911             9.26847            -3.32011
-2.35298            -6.93747             7.38792
-0.665914           -0.219733            -8.56502
-1.99652             2.83822             2.28919
-6.85171            -2.89102            -5.17838
3.343          -0.0344859             2.60964
3.31858            -1.74261             2.25379
-6.06189             5.54247            -8.59981
-7.28782             5.56932            -8.91354
-5.63952            -6.21632             4.12854
0.735191            -7.06656             3.07047
-4.70931             1.91015            -5.74847
-7.53533            -8.39961             3.74889
-9.02615            -8.76278              9.2114
-4.80422             4.46883            -9.36338
8.36116             9.28526            0.879849
-3.63475            -5.83148             3.61553
4.87106             9.09238            -2.03284
-2.70119             8.31355             5.35875
-7.37663            -2.46284             6.98355
-9.48698              2.5663               0.206
-5.7091             1.76275            -7.43126
9.38139            0.333872            -1.06632
1.09836            0.303659             1.81097
-3.84075             1.33427            -3.39274
-2.73659            -5.73901             5.85162
-6.49068            -1.63915          0.00976592
-3.40526            -2.82876            -5.33311
1.68249            -7.48619             1.19938
-4.65346             1.61748            0.421155
-4.89761            -3.87982             9.47935
0.701621            0.994598             9.16684
-9.70061             -1.3422             6.50655
6.28773            -9.49675              2.0893
-3.01859             3.01035            -2.99203
3.28959             6.33168             6.41163
-0.522782              4.2317            -2.68654
0.447401            -7.17948            -3.77148
-8.13807            -4.08887            -9.64721
-6.0564               2.631            -5.33677
-5.41215             9.15922             -5.3502
-1.42827            -3.39305            -9.43541
2.89865           -0.547502           0.0598163
-9.41404            -6.87277             5.35051
0.103458             2.03833            -2.39387
3.62285            -5.72008            -9.06461
-4.15967            -6.37471            -3.57036
6.43422            -1.57628             8.69381
3.47575             -4.4322             9.53612
-3.65978             7.91894            -5.44145
-6.40339            -4.64339             6.40309
7.10807             5.76708            -6.29231
-3.74096             3.73028             3.52794
-9.52239             6.32984            -3.67992
-6.87918            0.825831            -5.47746
5.67461             6.74306            -1.20914
1.8424            -1.70812            0.229499
5.07035          -0.0497452            -9.45341
-4.67574             4.32966             7.54448
-1.95227             9.82849             8.13074
-6.74551            -7.40165              9.7354
-3.41594            -4.56404             6.84896
-0.906095            -6.69607            -8.34773
2.61269               8.305            -2.32307
2.31147             5.23637             5.73656
7.57927             3.52092             1.78961
2.19062             -9.8938             1.48808
3.33201            0.705588            -6.50441
-0.442518             4.34645             1.31382
1.86956             8.34284             1.95959
-4.6321            -3.14829            -1.68493
-7.75994             7.65862              9.0585
-0.179754            -0.02472            -8.33857
2.42744            0.349742             9.17142
-0.464492             1.74596            -2.11859
4.24177             5.46953             2.03833
-7.45018             -3.2374             2.67525
0.361339            -5.09903             5.11093
4.56496             6.24592            0.542009
6.2331             8.63186            -2.39021
5.14054             9.14396              -2.378
-5.92242            -3.61003            -6.40126
3.01706              5.5388              3.8496
7.34092             8.44691             4.83688
8.19788            0.556352              1.0538
-7.14927            0.177618            -9.91791
0.913724            -2.19489             -5.7918
6.93442            -9.94781            -9.86175
-3.42998            -7.28141             3.59691
1.42613              1.4539             4.29518
-1.58269             3.53038             7.52068
7.2573             -4.3086            -5.22446
-8.70418             7.27378             -6.4684
-3.38664            -6.48335            -8.56563
-4.42763            -6.83676            -5.65355
7.98181             8.93338             4.45235
-1.22745           -0.547502            -9.71923
7.60155             2.38716            -3.85968
3.57006            -2.20496             7.54723
-9.14304            -2.40364            0.738853
-9.59685              1.7777             2.93313
9.49248            -5.37767             9.11527
4.47859             -1.3892              8.4637
8.3874             6.48152             -9.6942
-9.30418            -2.52907            -2.28889
-2.9017            -1.79144            -6.72323
0.774255             6.13849           -0.318918
3.47758             2.34626            -9.37437
6.38844             9.05484           -0.918607
7.76543            -8.83053            -9.05728
-8.39991             4.44105            -6.70186
-5.98743            -3.26151            -1.03946
-8.91964             6.59474             9.75646
6.31428            -9.69848            -1.81463
9.33775            -8.11609            -3.84777
-7.12516            0.851466            -9.07041
0.998871             6.11896            -1.06265
-1.2534            -2.81625            -5.11673
2.06946           -0.190741             2.26142
-1.62328            -7.18131             -3.4785
8.97183             4.44838             1.81219
4.35072            -9.81201             8.29432
0.958892            -5.49913             8.66604
0.635701            -9.82177             3.45775
4.52895             3.69121             9.13144
8.8699             1.96265            -9.30845
1.74902            -2.94168             2.97586
-9.56999             -2.0954            -5.40513
4.39528           -0.935392            -4.97513
4.29212            -9.78393             4.73251
-5.35783             -2.8428            -9.97559
-1.80334             5.68072              3.8496
1.28361             4.13038            -2.22938
6.76016            -5.44969            -1.24088
-7.16727            -7.84295            0.390332
-4.21491             -7.7694            -8.73531
-5.8092            -5.09781            -9.42686
3.67901             2.73446             4.53963
3.98206            0.763268             1.04495
5.46861            -9.96216            -7.48192
4.04553            -5.61083             6.26209
5.91968            -4.15784             6.67196
-5.85711            -7.88171             8.78536
-2.9902             1.08829              5.2739
-0.415662            -7.47551             -7.0983
-6.05365          -0.0283822              7.6458
-4.97085            -1.05441            -7.86035
9.57335             1.14292              2.0072
0.599078            -2.55379             4.64553
-6.06159             9.06674            -2.31117
-8.74172            -7.12546               -5.45
5.54979            -8.51924             9.33256
4.1493             3.66527            -1.00589
2.95297             -5.2974             8.43104
9.36491             8.05536            -5.02152
-7.46635            -7.73247             6.23676
-1.50304            -2.30659            -8.26807
-5.73229            0.902127            -6.87826
6.9689             0.21363              2.2074
9.20103            -9.82055            -6.59505
5.07401             4.12275            -5.83789
-2.15064             9.71252            -9.90387
-8.56716            -6.26728            -2.89102
-6.45802             2.60475             7.13248
-9.11405             8.07215            -6.70003
-8.68038            -1.03702             8.40388
-10             8.10205            -8.18537
0.582293            -3.00424             9.23612
-8.03278            0.217902             -9.7879
2.14911             8.50887              4.1316
3.05399            -4.22132             5.99322
2.62398             -8.5873             -3.0488
7.86035            -8.08863           -0.656148
-6.47267             3.63781             -7.7871
4.94247           0.0512711            -3.84075
-3.596            0.546892            -7.28843
0.544755            -6.54012             7.64336
2.92123             8.75912            -8.92148
-2.33711             4.59548            -2.66213
1.86071             5.29496              3.2255
5.76556              1.0596             5.70635
7.36167             9.06339             -8.5992
-7.13858            -1.87292            -6.23432
-3.58409             6.84988            -6.25935
-9.95636             9.45158            -5.12162
2.90414            -8.39625            0.747093
6.17267           -0.581072            -5.94012
-7.19016            -7.21824             3.52916
7.22129              7.8338            -7.23533
1.40294            -8.51436              3.1373
1.99927            0.418104             5.55223
-7.76086            -6.94967           -0.997955
-1.83538             1.89337            -4.45326
-2.23884             6.48701            -3.93109
7.02322             8.50124             5.72558
2.313            -3.05612              8.4463
-7.01132             9.33287             6.65487
-1.82287             9.93011             4.73128
8.09168             4.32264            -2.88095
-1.89154            -6.48091             5.81347
9.62432             4.44044             1.22105
2.26478            -4.75631            -6.07349
3.76873            -6.67653            -2.17322
1.41636            -6.30573            -9.32463
5.58397             0.73397            -8.86441
-2.63405             -5.1384            -6.29658
-1.47374             0.99704             9.22941
3.22245            -2.88522           -0.839869
-5.53484             2.60384            -2.44392
-1.26072            0.359508            -9.73113
-6.66768            0.543535           -0.340281
-5.22568            -7.09433             8.86532
5.57756            -1.89825            0.961028
-2.50465            -8.25343             5.13932
1.28147             9.87091             5.80309
-9.65941             7.87378            -4.65682
-2.69845            0.388195            -5.91357
6.43818            -9.90661           -0.348216
3.56731            -4.02203             6.08692
3.31004             5.26841              1.8659
-9.59166             -4.0492            -2.20283
-4.87411            -5.32365            -4.01135
6.56392             1.88238             5.52782
-5.19883             1.13681            -3.15317
8.5641           0.0949126            0.780053
-2.18116            -4.73434            0.435499
-7.36442            -7.13034            -3.22275
-2.63771             4.72793             2.21259
-9.2111            -2.70486            -5.21683
4.3202             5.23179            -8.41487
-4.36934            -5.22294            -5.82293
1.6068             5.30564            -4.64644
-9.5468             8.37794             9.38902
4.54115            -7.43217          0.00061037
-4.71786            -9.85504             -1.9068
2.38044            -9.01334             -6.1211
5.28062             6.85507             8.46217
-9.17814            -1.84088            0.156865
-9.08139             7.32749             2.62398
-6.34938             2.16285             1.24882
6.92618            -8.54579            0.365001
-1.9776             9.61333            -3.22642
6.00757            -2.26569            -8.29554
4.96811             -8.1399             1.62908
9.42747            -4.39283             9.93927
0.404675             7.39555            -7.15445
3.00394             3.11838             5.65783
6.77114            0.104068            -6.48579
3.99487            -9.12015             2.95053
-2.35115            0.939055            -1.40141
-6.54653           -0.884732             5.44053
3.39244            -6.68538             4.34065
-6.8337            -3.79315             2.15278
-6.69912             7.16788             -9.4879
8.20002            -9.49675             4.96353
-0.525529            -2.84829            -9.16135
4.45631            -8.63735             -2.5895
-6.16474            -9.39299            -2.10028
9.04202             1.30222             -5.4387
4.76363              3.1254            -9.41557
0.261849            -2.04321            -8.32118
-5.86688            -5.35752             1.70751
9.57335             6.08356             8.66878
-2.25501            -9.39848            -3.47667
-2.07465            -6.70522            -7.76513
-6.05609            -2.80251             4.61257
7.30491             7.04459             2.82815
-0.113224           -0.418409             9.81262
-5.32701            -8.82229             9.83764
-2.43873            -2.23914            -1.38707
-9.20804            -2.21381             2.01117
-6.51967            -5.25285             -5.3972
-1.5717             1.30619            -8.08374
2.54036            -1.61473            -1.62175
1.21311            -4.69039             9.23948
-0.450453            -7.84356            0.782189
7.01956            -6.92984             4.98154
-1.53752             2.56203            -3.92895
-1.95227            0.177923             7.61223
6.97775             4.86709            -5.26872
-0.776086            -2.35267            -3.61248
6.00269             2.91757             7.13736
2.92032            -5.23942            -9.29136
9.06583            -4.08399            0.608539
7.481            -8.96695             8.87936
8.99533              -5.197             3.61736
-2.25593            -4.71328            -7.00156
-1.81524             5.36271             6.68569
-4.02203            -1.49205             5.46464
4.93912             5.71459           -0.670797
-4.31806             1.72765             7.74163
0.0842311             1.56621             7.60094
-5.02487            0.265816             -4.7148
7.72057            -4.03577           -0.925626
2.25501             8.74783            -3.38878
-5.42528             1.49052             1.60833
6.79586             8.16095            -7.63604
-0.449232             7.44804            -7.67022
-5.74633            -3.09702             7.88415
-3.27464             -2.0423             3.33628
-4.41145             8.06879             -6.1916
-0.314951             0.13947             6.06922
1.10874            -5.38987             5.68865
6.33778             1.83996             1.72948
-1.63762             1.88879            0.089114
-6.97958            -1.77221             6.19465
5.95416            -4.30982            -1.19663
5.09903            -3.42906            -2.15247
8.37153            -6.95791             -1.2418
7.94183            -5.13688             8.81008
-5.58428            -6.17359             3.79315
-1.39958             6.30024            -6.09119
5.28703            0.856044             3.09214
9.31364             7.57775            -9.84771
-3.31156            -2.71798            -8.24213
-6.02039            -7.89178            -6.88833
-0.378124            0.534989             6.98935
-5.44176            -5.87298             4.51247
-1.89367             5.54796            -5.09629
6.2038             4.77187            -4.95285
7.08243             6.69454             -2.8016
-5.81622             9.26298            -6.95547
8.2696            0.679647            0.813013
4.05713            -1.18076           -0.878018
8.67275             -9.3524            -5.95843
2.70058            0.306406             6.44734
-8.78018             1.62145            -2.26539
1.76946            -7.12729            -9.90875
8.60988             -5.5446             8.10114
7.92383             8.26014            -5.99719
7.07114             4.42579             5.33372
4.58632             3.21848             6.19221
1.53569             5.09018              3.5374
-2.26691            -4.66018            -4.34645
1.85217            -3.15226            -2.26722
-7.47154             4.42183            0.253304
4.60128            -5.35997             8.68465
-5.88824            -5.80584             7.28355
-6.71255             9.17814            -7.50572
-6.40065            -9.93377             8.12952
3.81207            0.987884             6.68691
-3.21848            -1.81707            -9.20774
9.17142            -2.79244             6.63961
-0.220038             1.35441            -5.60106
-5.08255            -9.46135             4.39528
-0.767846             6.96768            0.887478
-1.15482            0.515763            -8.20856
-4.01044             6.34785            -5.96057
4.68337            -8.52443              3.9021
-1.27964           -0.971099            -4.34858
8.08771            -6.57826             3.01492
9.89044            -9.97925            -4.75112
-8.77194            -6.34114             -5.8092
-2.67037            -5.91479           -0.824305
8.78384             1.99347           -0.646687
6.20045           -0.912198             9.91852
-6.69179           -0.344859             6.42445
5.18967             8.52351             2.71371
3.3253            -9.67315             7.89453
1.00223            -4.66475           -0.805994
7.72912            -5.71947            -6.07166
5.24461            -2.44301             -5.4796
1.12003            -9.00723            -8.74905
-0.83346             1.09287             4.44166
6.01398             9.44456             -0.7004
9.31761           -0.232551            0.425733
-6.31825            -8.36024            0.670797
-0.650655             8.30836             2.53883
-3.25327           -0.847194             3.98419
6.42232             9.74822             -4.2906
-2.78268            -8.91202             -6.8157
5.90594              -0.206            -7.66625
3.98389             4.59456            -2.09479
2.53121             4.61196            -6.59352
-5.79699            -8.28425             8.90286
2.68441            -9.79308            -2.00903
-3.03171             7.06229            -8.33979
-5.41185             3.44829            0.674764
2.69814            -7.39006           -0.418409
6.85141            -5.50493            -7.16849
-9.86633             2.02399             9.85015
-3.314             7.57866            -9.36369
9.62432            -8.94375            -4.83718
-8.13562             2.70058            -8.43196
-9.53764               6.592             -3.5078
-5.9389             1.85888            -1.21067
6.56148            -1.06693             8.54884
0.0958281              7.5161             1.95532
-4.88021             -3.3491             3.29752
-1.13254             -8.3517             -8.2281
-7.88049            -4.43281            -3.18278
-1.90039            -5.27299             -8.2931
-9.67895            -9.61089            -6.27216
-5.73901            -7.51488             1.06632
0.547197             6.37898             7.01407
2.86294            0.623798             0.70925
7.47276            -9.75249            -9.31913
-4.05225             6.60024             2.57637
-7.19993            0.433973           -0.134587
-5.6682            -1.62206            -1.71789
-5.6972             -1.5421            -3.91522
-2.30018             9.94476             5.68041
-6.27155             4.69039             3.08908
-9.22788            -4.90799             6.27796
-9.84191              2.4131             1.05716
2.60598           -0.842921             6.50258
6.35731             7.46086            -3.64666
7.10105             4.19141             5.08805
7.3159             -6.6155             3.55541
-4.85488            -9.69329             8.68954
-7.00125            -3.66039             -1.4127
-2.42164            -9.22788            -6.41774
-5.71001            -9.18607             7.87713
-9.9115            -8.09565             9.85778
-3.10221           -0.347301             4.95499
-5.26383            -7.46574            -9.90814
5.1381             -7.6693              2.7311
2.62123            -3.59691             6.11042
-5.11612             4.86068             1.13742
3.38755            -5.55986            0.785852
-9.34904            -7.53227             6.57552
-8.03644             4.76913             -5.5562
-2.24738            -3.99457            -1.35136
2.30323             2.93374            -7.92291
-5.29588            -2.20618             1.23875
-9.29807             1.30436             6.76931
-0.819117             7.64306            -4.32569
5.58458             4.58266            -4.18226
-5.8504             3.69732            -3.84381
-0.618915            -8.81954             3.12967
5.00229            -5.35875           -0.207526
-1.37852            -5.29862            -2.48543
5.34776            -4.69802             4.21766
3.80261             3.05246            -8.97946
-2.09845             9.25535            -5.60106
6.04114             -2.5132            -6.04175
2.65206            -8.14295            -9.97864
1.73132            -3.14463             8.53206
-9.56023            -1.69622            -4.24818
-0.840175             9.93805             6.17359
1.42827            -5.14054             6.48549
-7.26768             8.68831            -3.47331
-5.93677             1.20884             3.04453
2.66243             -9.1934             6.17664
-2.30964            -7.22495             3.84045
-1.00009            0.233772           -0.193487
-2.93374             5.05448            -8.07306
4.66079             1.61504             4.65621
-6.64602             3.85754             8.12555
6.27979             7.94244            -2.58126
0.773339             1.89764           -0.344249
-7.78253             7.42363              6.7684
-6.5212             1.12369            -9.06858
4.97147            -8.06665             1.32664
4.04187              3.0137             -5.9328
9.11252             4.44136             6.81295
0.730308             2.55593            -1.32115
2.37312             -1.9541            -5.66118
0.214545             5.46281            0.193182
7.97052            -3.55235            0.610065
1.39897             8.02423             1.53813
4.72823            -7.25852             8.47957
8.04407            -5.68041           -0.750145
5.69933             3.08481             1.09897
0.933561              1.6306            -8.44356
-7.77276             6.04236           -0.777001
-7.99554             6.91061             8.93887
0.0842311             9.30906             5.59832
3.99518             4.54482             8.07428
-9.7589            -9.46379            -6.34114
1.92724             -8.9285             4.39558
0.335398             5.23331             8.16309
4.17585            -3.71838             1.38554
-7.38456             3.73119            -2.63222
-4.18989             3.48125            -2.47871
3.57677             -4.8912            -5.47624
-0.0729392            -2.41707             -6.4098
8.07306             7.01926             8.79666
1.34281            -3.89233             9.20835
8.77529              5.3032            -9.71526
-0.444655            -3.50414             2.14911
-7.03818             2.02216            -6.74429
2.67129             2.26325            -3.41288
9.04904            -3.30088             6.82485
-3.13272            -1.41667             6.39912
-2.56935            -3.84686            -6.23035
-8.69015             2.70852           -0.771508
8.29249            -9.40306            -3.64238
7.4453               3.773            -4.68093
7.98059             7.91864            -9.87854
9.82482             4.06415            -9.43907
3.0549             5.92944            -2.30476
-4.68215             8.54183             2.47749
-3.65276            -7.59911             9.08261
2.4543           -0.507218             1.93579
-5.61052            -1.54118             5.37828
6.49525             7.71844              7.9577
-7.6165             6.19709             6.72597
-4.50697             3.52336            -3.00211
-9.15738            -9.39421           -0.150151
-5.7625             3.44249            -7.37327
-8.10144            -3.05918            -7.65282
7.79199             3.65642            -8.09076
-1.08219             1.09043             5.51744
9.6765            -7.49382            0.323191
-6.50166            -8.43379             2.83303
9.2581             5.48387            -2.19367
5.23118             3.62407             9.90967
-9.72076            0.102237            -7.06656
-4.18378             6.78854             8.15455
-8.36573            -4.25153             -3.6906
-9.11893             1.49602             3.68511
8.23206            -9.01852             5.07309
1.58391            -3.27525            -3.78216
2.7604            -7.60582             2.89926
-7.01895            -1.19663            -4.43831
-6.23218            -4.76608            -7.00217
-3.02561            -3.02561             5.02091
-9.43266            0.859706          -0.0262459
-4.87014           -0.237434             8.65291
-2.21442             3.03293            -7.29179
5.6972            -7.96442           -0.620136
3.55327            -9.23582             2.19611
-7.93573             7.92199            -8.14081
6.57674            0.120243            -9.55046
6.22852            0.834376            -9.45799
2.17689             5.51164            -4.25001
7.15476          -0.0402844             4.70534
-1.38493             2.40242             1.93731
3.3018            -1.11118             1.53935
4.99008            -6.52272            -3.00363
5.12284             4.68001             1.46214
-0.159001            -5.72283             2.71706
9.73571             2.50313             4.25092
9.30021             6.94235             9.64751
-7.63848             1.33549            -4.25977
-7.36167            -5.67248            -3.17881
-2.4778            -6.71834             9.80621
-1.45085             3.78704            -9.98047
-1.75329           -0.506607            -1.63244
2.28431             4.68245           -0.104984
-3.94879            -3.19163             4.81765
-1.85186          -0.0842311             7.16178
6.26484            -5.97247            -6.73055
7.01651            -6.87277             4.98093
3.1666             9.45311            -7.94061
5.80462             1.13498            -6.67226
5.58641             6.92923            -9.65606
-3.18003            -6.58925            -2.12531
0.0970489            -1.83081             6.51387
7.32109            -1.81097             8.16706
-2.93497              2.1775            -3.64818
7.12638            -1.57262             2.94046
1.66356            -1.17191             8.14753
-8.1167             -8.3285            -3.91217
-3.77239             3.55113             -3.5548
8.27143            -6.69301             8.45729
2.85318             3.27097             -8.1872
8.96725             2.92673            -8.49178
-5.43687             0.76693          -0.0250252
-0.269173             9.18607            -7.37236
1.3599              8.6935            -8.99503
-5.61388             4.90036             9.46837
3.90637              4.8912            -7.86248
9.70214            -1.33366             -1.7597
9.1998             1.67974            -1.98309
-6.41011             6.41041            -3.69243
-3.62499            -2.60659            -1.97485
1.97455             1.52379              7.6455
-9.7351             2.82144            -8.34346
-3.89172             6.52303             8.94101
-1.33457             8.46614             9.36338
9.11008            -9.62188            -2.63314
-3.54778            -5.19089            -9.39909
-7.463             1.90588             5.57634
9.85015            -7.32383              0.5768
-9.12015            -7.60186             7.76849
-1.59825             8.61934             2.52754
-9.37864             7.62444             7.91284
-2.70791            -4.12824             9.08628
-1.65014            -1.36601             5.82873
9.10428            -1.80303            -3.58776
-1.22013             6.46779             -9.9762
5.6389             3.26701              1.9953
-9.58007            -4.69344            -3.22611
-8.58242             6.93289             1.78381
-3.04361             0.25605             5.34654
-5.78692            -4.65072            0.546892
1.26743            -1.25523             7.71111
-5.48692              6.5273             7.91437
2.39235             1.54942            -5.77136
4.62447            -8.71883            -3.84533
-3.12571             5.63494            -9.06491
4.88357              -7.163             1.93121
5.36027            -9.21049            -8.23359
-5.49577            -7.56432             4.24055
-7.22037            -9.28709            -4.96719
-2.59468             9.78607            0.758995
-6.89291            -6.24775            -5.16434
-1.7246            -4.35408            -7.81152
-3.57219             2.37922             9.22819
-9.25657             1.29093            -2.30049
-2.51534            -3.38633             7.49168
6.22852            -8.24213            -8.38252
1.85492            -7.44713            -4.56923
0.722068             7.06168            -6.57369
8.67306            -6.79434            -5.20188
8.57265            -6.95364             8.51344
2.17658             5.80279            -7.14438
-3.25297             9.15098            -9.91424
3.87127             3.40892              5.1146
0.402539             4.23688            -5.90045
9.62798            -2.63924            -4.98489
-6.92831             9.79553             3.18369
-7.80786            -2.29835           -0.548723
-5.19578            -4.36323             8.62362
-2.28828             1.75756            -7.56066
5.71825             4.95163            -9.91607
-0.67568            -5.49486            -2.57057
-3.26365           -0.866115            -7.67937
7.37907             5.86566            -8.63765
-7.65313            -7.53441             5.34593
-9.83367             6.73849            -7.51244
7.94733            -1.70568            0.235603
-5.24491             3.37779            -9.62951
3.52886            -5.05325             2.25105
6.02435            -1.56926            0.448622
3.94086            -8.04804            -2.04962
5.85681            -7.65618             5.61846
7.58446             1.33061             4.55092
-6.33259             -7.2042            -9.31516
-3.68328             8.84152            -2.47963
-7.52251            -9.63347             1.24485
8.58882             6.98843             4.59456
6.06922             5.63494            -9.36003
-2.75063              8.3871           -0.533158
-2.49001            -9.74761             -8.6462
-4.77645             8.39106              5.0792
-6.7684            -8.38923            -2.61727
0.193793            -9.07865             5.39048
-9.13388            0.135197            -4.62966
-1.06815             9.73632             1.53294
-2.48299             6.38722            -2.08411
4.75173            -6.51112             9.83306
-5.41154             -3.0134             9.27915
2.01483            -7.97327             6.30482
-1.57323            -3.33354            -5.29313
-2.88308            -9.13572           0.0244148
3.27616             6.19037             3.16752
8.8992             5.24552            -9.99237
-6.16657             6.08295              6.9686
-9.55077             9.65667          -0.0753807
8.73287            -1.64434             5.37523
-4.43678            -8.53603             1.25065
-6.48335           -0.414747             5.45061
7.69829           -0.350658            -4.82803
7.22983             8.10541             -9.4937
3.5139            -1.20914            0.917997
-2.21198            -5.65661             2.57668
-7.35527            -9.50407            -9.30479
9.06583            -3.57738             9.80468
3.39488            -6.13636            -1.39317
8.12464            -6.59139             1.70782
-0.308542             1.14383              8.2522
-4.50697            -8.74203             -4.8265
1.84057             5.08652             7.20603
6.11347             6.08814            -3.58684
1.27934            -5.26536             4.22193
-3.29722             7.17521           -0.407422
-6.57674             -4.0791             -7.7163
0.848415             6.89322            -4.71541
-1.53752           -0.727256              -7.622
8.25037             3.32133             9.55779
4.5436             9.37712             7.88018
1.22684            -6.01917              7.9397
-5.89953            -8.01782            -7.17978
7.61254            -4.15632            -1.20823
-4.37147            -3.81481            -8.01752
-4.81887           -0.166326              9.9292
9.03989            -4.06568             4.25275
5.88061             -5.4796             5.08408
-0.515152            -8.14417             8.52412
7.48253             5.62181            -5.23759
2.05664            -6.29231            -9.42351
7.76757             8.77499            -4.87472
-2.48634             7.08823            0.460524
-5.34684             1.06265            -1.63427
5.23179            -8.08863             4.81765
-4.99588             9.57121            -6.89688
7.61986            -4.78866             7.95953
-1.34342            -6.71407            -6.39271
-7.91345             2.90658           -0.582904
0.614032             3.24961            -6.42964
0.814539             9.33653            -3.38298
-3.47728             8.28394             8.22016
-1.47191             9.15036             8.96481
-0.51912             9.22452            -8.91537
-9.68413             -1.0712             1.17649
7.02078             9.12839             4.52528
-6.25629             3.05429             4.41633
6.87246            -9.44456              8.2107
-8.55312              4.3379            -1.34739
-7.82495            -9.07193            -8.70052
-8.49055            -1.74108            -3.18369
3.09793            -2.14606            -9.07437
-9.7409             7.38731            -8.51314
8.92911             3.32774            -7.11264
8.05261            -3.63811           -0.799585
5.15336               6.798            -6.08295
-5.56749           -0.110172            -7.44957
7.65923               9.953            0.489212
-3.06772            -8.44844             -0.9241
8.7521            -1.17557            -6.15894
9.51933            -4.28968             1.08463
5.40208             9.27458            -9.38688
2.25471            -3.85723            -3.97198
7.23472            -6.50227            -6.89901
-0.011597            -6.05976             1.86956
-7.24204            -3.72875             8.42494
0.965606            -1.16672            -8.96176
9.77142             1.59124            -7.89178
-5.18937            -5.26139            -2.46437
3.65062            -1.54546             8.98343
1.85339            -7.04276            -7.02536
-4.58174             1.93365             7.20969
-2.19459             1.37791             -6.6802
-1.41209             2.71859             5.04013
-6.10584             -3.5609          -0.0149541
6.86544            -4.66231            0.266732
9.3527            0.740989            -6.61184
5.97583           -0.700095             1.84057
6.18397            -3.74401            -2.64718
6.12262             5.33219             3.22489
4.69619             4.69253              6.8984
-2.42164            -8.25251            -2.08899
-6.00055             4.77371            -1.61473
-2.56142            -7.45628             8.13837
9.28434             3.39366            -2.05298
-7.22739            -0.89877             9.34629
-9.47996            -6.06464           -0.114444
