-7.75492             1.67727            -4.90568
-0.604703             9.02726             6.17597
5.76899             5.91631            -6.88093
-6.75406             2.59117            0.334692
-2.86325            -7.17143             9.15137
-0.705159             5.06847            -2.76304
-8.24971            -3.32238             9.02026
-10.5314            -9.84807            -4.53185
-4.48867            -10.0712               10.02
6.18839             8.87502            -3.27197
6.95313              4.4395            -8.86474
1.58715              9.4494            -9.49784
-5.7068             -9.7736             1.07761
-4.94497            0.581605            -5.49678
-10.117             2.74752            -1.81433
0.986497             7.81046            -4.77019
1.95808             2.57138            -3.13664
-4.65306             9.96406            -3.77774
4.30672             1.88548             -5.4893
-9.32673             -2.9464             1.82967
3.3775             9.46662             -3.7951
4.42109            -8.55188            -3.64615
-7.94078             2.28408             -9.4318
-8.77895            -5.44323            -6.45826
6.74091             6.21417           -0.739745
5.05616             7.47974            -3.03008
1.40275            -3.14519            -1.15624
9.23182            -7.45027              6.4954
-9.89976            -5.59937             -8.0857
8.20543            0.956349            -1.56984
-0.533357            -3.92741             5.45376
-3.09619            -7.02133           0.0942653
6.78274             9.69224             4.94336
2.79958             2.65274            -4.99895
-9.54346            -5.10706             5.15027
4.27077             1.35041            -2.91694
3.16541             8.29671            -4.33268
-3.43311            -2.79576             4.21793
-10.1265             8.91325             2.30091
-0.834262              4.0121             5.99468
5.39736             6.21553            -3.06246
-8.79486             8.78181            -6.95438
0.135988            -2.73986            -3.86703
0.877034            -1.00677            -6.48868
0.784285             2.86076            -7.12883
1.39149            -4.07714              4.5825
9.80456            -3.28736            -2.47407
-7.16333            -9.73533             9.45962
-7.9507             8.34659            -9.45174
2.7385             5.54602            -6.78781
3.30615             4.62808             3.41857
-2.3562             6.85522             4.11936
1.13716             8.10605            -4.89649
-9.58754           -0.870503             7.27897
-7.12439           -0.926982             4.63602
-2.24832            -6.39558             3.35739
-3.8858            0.741033             -7.4119
5.33938            -9.38714             2.87116
-8.78701             1.95203            -6.28702
1.29349              9.4877            -1.13239
3.35254             2.05886            -5.13426
0.193937             9.08306            -8.65808
8.21019             9.73709             6.85189
7.53035            -1.21888            -3.88328
-8.40425            -8.40018             7.04157
-3.98315           -0.628442             5.87907
-9.1361             5.27797             3.95662
5.71417            -9.09467             9.34666
-5.70922            -3.84714            -8.59965
8.10139           0.0833979            -2.17555
-6.78268            -9.02594            -4.89904
4.55979             -6.6564            -5.50708
8.23316             2.04666            -9.68627
-6.74591            -4.95062           -0.105829
-6.06218            -6.50394            -8.29537
-2.72027           -0.904638            -6.80375
0.781366             1.08921             5.93676
7.69397             4.83359            -1.13435
9.46582             7.21921            -8.76766
2.25938             6.55493             1.14767
-0.683205             8.73603            -10.2673
-1.49139            -4.55274              2.3191
0.130456             9.09162             5.53783
9.46558             2.80597              7.9137
-0.104842            -5.03913              5.1143
4.4687              2.1536             7.54461
6.3078            -0.60765            -1.69749
9.98998            -4.94527             8.18908
6.83483            -8.17759            0.227041
1.94806          -0.0629824             4.14493
6.59514            -1.48771             9.94652
7.70841           -0.274508            -6.88796
2.02995            -9.52261             9.77667
6.76855            -6.86738            -5.77808
3.95087            -7.14351             1.75763
5.87172            0.902865            0.860807
-1.48923             9.22341            -7.29317
9.28944             6.14604            -7.51086
-2.53036           -0.240732            -1.11243
-6.9921             3.38142             9.23997
7.62196            -9.34484            0.430289
-6.03004            -9.75571              5.4057
-2.36568              4.2744            -2.18693
-3.35383            -5.64375            -0.22401
-8.11099            -5.73759             2.13103
0.658823            -5.31263             9.19254
4.33646             -6.1438            -9.23412
3.42904            -9.25763            -7.21584
1.6005             1.91621            -2.78439
4.74199            -8.22742             6.42943
-3.89296            -4.96306             3.86992
3.04555              7.3976             7.77983
3.03723             6.60604            -4.08381
4.17265            -5.48687             5.13083
5.29065            -9.12442             6.01908
3.48785             9.15141             5.73945
-0.80703            -6.34686             4.35443
6.80615            -8.01419              4.7789
1.46806              -1.425           -0.955681
-8.39541            -7.48231             -8.2285
0.225456             4.34373           -0.335935
8.14724             7.10949            -2.64611
-5.85014             7.35304              2.0039
5.77372            -3.97643            -8.78608
7.57595           -0.496506             4.33174
8.10344             6.95624           -0.627346
9.47447           -0.894337             -4.3141
-3.11447            -6.88042            -5.77344
0.212205            -7.00752            -5.53467
-9.66559             2.75499             4.35619
-6.11664            -5.14736            -8.52542
-8.41299             3.34547             7.71551
0.569659            0.142467            0.910045
0.520974             0.27654             5.89987
-6.20444            -2.35622             9.28395
9.22219            -6.75793             9.08667
7.78993            -10.1364            0.467269
7.07158             6.73752             9.06124
6.67126             -3.3263            -9.44035
2.55657             4.27664             1.59868
-0.276722            -1.31071             6.43621
4.44587             -5.2873            -4.57086
6.81751             5.16605            -2.88814
4.23543            -5.60682           -0.624503
-0.907797            -9.13734             6.07497
-9.90211             6.99329             4.88108
-2.79796           -0.469503             5.61615
-1.31169             2.33385               6.267
4.38935             6.96159             5.61481
-4.91633            -9.28721             3.58158
-6.3931            -8.34281             2.99772
-4.39001            -3.38242             -3.4664
-2.8019            -8.27973             -6.8917
3.64388             7.92147             2.97652
-0.0922795            -7.04157             7.80864
-7.34524             2.55081             -8.4407
2.2521             5.20237             3.04496
7.79468            -8.24248             5.30005
-7.73668             1.92585             8.43115
4.77054            -3.23518             -4.6319
3.63106            0.750762             1.03383
-3.01851             4.57961            -5.05944
-0.221216             5.77591            -4.55422
4.10744            -3.65845             7.30628
-5.16705            -1.93926            -4.58541
-6.03062             5.09411            0.679479
6.27344             6.96308            -1.70895
2.26775              3.6628              1.6127
-3.18602            0.363288            -2.92264
-9.27096             7.05508             4.01684
7.84562            0.866199             6.73942
4.01931            -1.86574             9.56318
-4.4505            -4.35367               7.896
0.618128             2.28277            -4.87289
8.83821             1.97827            -9.47871
-9.70112            -4.97117           -0.302465
6.77461            -7.94843            0.412859
-5.02386            -8.00538             1.67807
-9.46951           -0.883777            -9.24167
-4.61519             6.18204             5.13442
1.3794            0.397266             4.34622
-9.90828            -2.66629            -2.34892
-3.10722             3.84372              8.1118
2.8958            -4.79256             -4.6503
0.0581589            -3.64448             7.29984
-5.11543            0.174125            -8.96027
5.70124             9.26559             7.80046
-8.74576            -5.40629             4.66694
8.34225            -3.57416             3.87895
-9.8125             4.15569             5.29823
-8.7984            -7.60209             -9.2183
-3.41736             6.46454             4.62621
6.8294             4.04522             4.15938
3.66139            -5.34708             -1.3796
7.94972            0.917955            -1.51296
1.88609            -7.54533             6.39516
-3.14398             6.36106            -8.70671
-8.78601            -3.14566            0.148505
7.96812            -8.92332             -5.5355
2.23322             5.66401           0.0902014
7.48658             8.10831             5.44571
-6.81782             4.30757            -7.31147
5.20999            -3.68158            -3.86639
-6.03668             -5.6151            -7.92182
1.84101             6.00639             1.33398
8.53972           -0.654113            0.114892
8.93946            -5.89928            -8.61774
-3.20641            -4.69937            0.826583
-7.82182            -8.37311            0.883195
-2.46715             8.20742             5.42128
-5.26894            -8.91332            -7.62583
8.45631            -2.52779             4.03849
-3.56519             9.94255             9.60668
3.13562              9.7697             -4.2283
-1.18637            -6.84349            -7.77793
-7.3473             6.98319             4.33259
1.3414             8.16636             6.00935
-6.07145            -2.39012            -3.59836
-0.772336             5.16433             7.88672
9.68221            -0.63118             1.61709
-8.92304             5.08356            -7.09033
-1.22143             4.67681            0.550391
0.486818             2.46015            -1.61741
2.53094             5.96648             5.19197
9.72855             4.24073             8.54719
3.02496           -0.250164             9.19732
-5.04535          -0.0886463             8.55144
4.44827             4.56153            0.674076
-6.06223            -7.10622            -3.22882
6.40488             8.87917            -8.75063
4.83776             4.92934              7.4263
7.94595             5.45971             7.44177
7.74454            -7.46421            -1.41092
6.26677            -6.73227             1.95218
9.45769             8.56124           0.0838267
0.16101            -6.53623            -9.79769
9.88002            -9.70075             3.48741
-5.59539             7.10684             7.34124
-3.86023             4.84583            -5.65486
-6.37944             5.17922             7.47179
-6.86295            -9.36009            -4.18386
-1.13866             6.97499             3.68507
2.02298            -5.33104             7.33838
-1.97755            -1.16151            -2.05845
-3.11294            -7.28054             2.09345
-8.44892            -7.19226             5.48889
-7.85131             -2.7488            -3.75333
1.66231            -7.32168            -6.26387
-1.99464            -2.94792            -5.55019
5.38049            -3.41534             8.62009
7.89607             6.18095             9.04624
-4.40162             3.20179             1.59812
-7.41898             7.67078            -6.09711
8.70539             3.36237              5.1492
-7.90896             6.89529            0.495236
-3.54411            -3.99038            -6.96958
