3.76629             9.99268            -8.37123
1.17893             -6.5746            0.977813
-4.85916            0.352489            -2.22175
7.28294            -7.94122            -9.90295
-2.82968            0.751061             -2.4601
-9.17081             3.75713            0.154424
2.55562             9.37742             5.42833
6.96036            0.607929             8.03339
6.3509            -7.52464                6.91
1.18168             2.63924             -5.7738
-7.86828          -0.0344859            -4.35377
-5.43931            -5.55834               3.567
3.96863             5.90045            -6.43452
3.63109              7.2805             0.70864
-2.01636            -4.15021             2.07282
-2.84646            -9.35728            0.961333
-4.84573            -5.78875            -4.11267
3.85998            0.923185            -4.42549
-4.01837            -7.41844             8.25556
-4.91317             5.59008             2.13233
-0.220344            -7.51305             1.85919
2.46712             7.74529            -1.47801
-3.95672            -3.35551             -6.0564
-6.05762             4.35621            -1.71819
-6.36891            -6.67318            -4.58907
4.56587            -7.83166            0.336009
5.24766           -0.244758           -0.037843
9.36491            -1.08188             4.39192
-1.41636             -7.4633             9.01059
-7.15537             3.81085             7.22983
-1.85064             3.25114             8.56655
3.14859             5.58702              1.4124
4.43129             9.13724            -2.98349
-4.79476            -2.58675             4.70382
1.36052             8.90408             9.11924
8.78201            -7.34153             8.60286
0.245064            -5.30229            -6.38356
-0.763573           -0.606098             9.56694
-9.91119            -4.12915            -9.93713
9.48515             7.85241            -2.94015
8.42921           -0.735801              9.4058
5.89801            -6.09821             9.91943
-9.8352            -7.01895             6.46535
-4.75661            -6.11744            -9.94781
9.8706             5.40666            -9.24772
2.29041             6.72445             5.95416
6.01794             1.52745              6.0155
-0.14008             8.08039            -9.07315
-9.38505            0.391552            -1.10996
-4.04157             6.07715             4.21339
1.87475             3.28166            -9.08567
7.00644             6.03046            -9.24528
7.79809            -5.37614              4.4499
-2.24799              -7.463             9.98962
-0.899991            -8.68984           -0.781274
-2.04443            -8.87906             1.79174
-1.94128             2.41981            0.425428
6.41835            -8.40663              7.5573
4.71541             4.54085           -0.770592
-1.14841              9.2523            -2.91025
5.99231            -5.68407            -1.47069
-9.50011             4.31776            -2.92856
-3.56365           -0.277413             5.21165
-7.38334             -8.3401             2.87393
-2.60231             1.80059            -8.93521
-8.70937             4.75509            -8.81039
-0.178228            0.135502            -9.08872
-7.72362            -4.43434             4.16669
7.24479           -0.573443             9.72869
9.3469           -0.723594            -6.45863
2.9722             7.33024            -2.39937
8.24549            -6.09577            -5.72893
-4.22559           -0.702231            -7.90613
3.79254             6.44704             4.11695
9.47661             7.48344            -8.62423
-2.46803            -5.88946            -5.50615
-7.79046           -0.207526             2.13324
-2.86111             4.04798            -6.72018
5.97613            -3.47606            -8.91995
-2.52174             5.62212            -8.48384
6.76534            -6.25629            -4.96811
-1.70751            -4.57808            -6.55812
4.26801            -8.91415            0.472121
-7.83959             9.02097            -2.40028
6.1745            -4.06568            -4.89334
7.47459             -3.8316            -9.58251
1.49205            -2.39357             2.44789
-1.0535             2.79275             8.32026
-4.26283             9.57915             -7.0455
-0.862148             6.38295             7.04672
3.961             9.75738             7.98029
5.78784             1.99988             8.26197
-8.37092            -5.59496            -3.56792
8.81344             6.28224             7.16514
-0.933866             6.52272              5.6267
-6.03107           -0.686361            -7.05954
8.09076             6.04633            -9.53459
0.497147             7.85211            -6.47786
9.26908            -7.67785             8.73989
-1.78045             3.69945            0.654317
9.14853             8.10602             5.37309
3.7843             5.01541            -5.61266
-4.8909             7.02445             6.18244
0.641804            0.638447             7.99829
6.44337               6.816            -1.73406
-4.39467            -2.59957            -9.12687
2.01453             3.26151             2.82937
0.0747703             7.87042             8.75546
9.6881            -1.92175             7.73583
4.91073            -8.04773            -4.11817
-6.05823            -4.99344            -3.29264
9.96948             9.54802             3.99579
-0.0802637            -1.60222            -8.52626
-5.84002             6.98019            -7.29698
1.18564            -1.85156             7.30583
-0.242012             3.57189             2.06397
1.45054            -2.77871            -3.09915
5.91784            -1.03824            -5.19608
-8.41639            -3.91766           -0.204474
3.14066             3.42998            -6.80868
4.31776            -2.69845            -8.30348
3.83282            -1.45543            -7.21946
5.23789            -6.63411            -6.94693
4.94064             1.85278           -0.365001
6.29353            -1.47069            -9.97711
8.5696            -6.78213             6.20563
2.6606                3.39             3.10038
-6.72597             7.22373             7.67693
-7.27134           -0.250557            -7.15171
-0.547807            -8.21314            -6.20045
0.651265            -2.97342             1.24393
-8.93918             8.68007            -4.93881
2.83792            -4.75173            0.257881
-0.753807           -0.949736             2.12409
7.88202             4.06903              6.2154
-9.38688           -0.843532             9.16013
4.34706              8.7814            -9.27671
-0.0454726             5.03189            -1.01962
-6.73421             3.99976             7.64336
9.39116             4.11756            -1.02084
-9.08689               7.481             2.76101
5.81988             4.08246             9.57152
9.49492             3.88989            -3.20475
-7.77337             1.48595             8.22382
-8.98587             4.96231            -3.68572
8.23359            -5.39995             7.58019
6.67806            -7.44407            -1.03885
-7.35649             7.75781            -1.51494
1.29002             6.02405            -3.03964
-3.16111            -9.83306             2.08228
-3.41807             5.52538             -4.7618
3.67412             2.18421            0.574664
9.65239               6.639            -7.11753
4.07727            -4.88205             1.80395
4.8619            -3.72326            -9.51445
-0.576495           -0.399487            -1.95288
-9.06491            -2.89895             9.43632
0.0546281             9.45738            -6.63045
-6.50502             5.09629             -2.4836
2.41462            -6.61122             6.24714
-3.08084            -3.10282              3.2197
-2.06122            -3.73638            -1.78442
-0.406812             5.27787             6.33473
7.49779            -1.98004             6.70492
-6.75924             2.67678             5.38743
4.74532            -2.55715             -1.4008
3.22153            -2.13355             8.98953
2.50435            0.135807            -6.43818
3.76476              6.6155             7.98212
5.89892            -5.78234            -1.18076
6.98233            -7.15659             8.19056
2.5425            -5.75182             6.44154
1.07181             9.12839            -7.97906
-0.780969             4.07361             4.81582
8.57784           -0.787988            -4.28755
6.53676             7.12821              1.5949
-9.6997            -5.18204            -1.41148
3.49498            -3.51665             3.86944
8.858            -8.85281             9.68657
2.63649             8.71426             -6.8453
-4.91928            -3.62346            -2.74911
2.60079             7.52709            -5.80493
7.30583             2.29194            -8.39198
3.33567             4.51186            0.749229
4.37544             -6.5743             5.46709
3.15592              9.4821               9.841
-3.21116            -7.39006             4.08765
4.97879            -8.29279            -8.56929
7.55119              4.7795            -4.74532
2.36854             4.51033             5.33097
9.29075            -8.67031           -0.189825
-1.35655             1.57079            -2.10395
-5.01907            -3.60424             8.23511
1.05045             3.88226             2.34809
8.68007             1.65899           -0.308847
6.06677             -5.2678            -8.44996
0.918302             9.35942              5.8269
-8.06055            0.431227            -9.16318
1.24943            -7.69982             2.55959
-3.33293              6.0036             4.86953
-7.08609           -0.648213              4.3614
9.92126             8.45241             6.30665
-0.168157             8.00256             6.15772
-1.96905             2.95663             1.96753
2.29163             -4.4203            -8.22047
2.80007            -6.50533            -1.89917
-4.66231              9.1229            -3.73638
2.17505               6.227             2.34901
5.00259            -1.41881             -1.7304
9.04386            -6.57247            -7.94031
-9.90112            -7.05161             7.82678
-9.85046            -2.64046            -6.95791
3.12632            0.711692            -4.32539
-5.44511             7.99524            -2.23975
-9.94964            -2.10608            -4.93088
8.11884            -9.93225             6.27491
-9.1586             7.99005            -4.39497
5.44145            -9.63775             5.68255
-4.72701             1.81127             5.63585
0.742515            -5.24583            -8.57082
4.18165            -7.32475            -2.76742
-2.42225             8.70693             9.51262
6.90359            -3.95276             4.19538
7.12363             8.88791            -2.39357
9.14823             1.06906             1.75512
6.34175            -9.67376             2.32276
-9.67711             6.99728             6.02496
3.57006            -9.27305             5.48387
6.8862             7.58995           -0.704367
-0.814234            -1.72796            -1.44322
1.36753          -0.0619526             6.54195
0.521867             9.99695            -7.30338
-3.26395             1.52135             3.98907
-2.89071            -8.20521            -8.40602
-7.76513            -9.62157            -9.79461
-0.421766            -4.97726            -7.36229
-0.95584             6.22517             2.37953
-2.69478             6.42354            -3.18278
8.16614            -5.14176           -0.308237
-5.91662            -2.59896            -6.53859
-4.23841             -3.1431             -3.7318
5.11185            -1.37089             6.88009
6.04419            0.827052             6.59902
3.07688             4.79751            -3.56914
-8.26258             7.73522             3.92743
-0.715049            -1.67455            -7.57683
-0.282907            -5.66851              9.7766
9.32951             2.02643             3.90698
1.23508            -6.68447            -4.00616
-8.11853            -1.29368            -8.99533
-7.91314             8.97702             5.68957
0.77517           0.0357067            -3.12723
2.94809             6.05976             4.42793
4.94034              -5.374            -6.69179
4.29273            -3.59783            -4.03882
-8.59981            -9.40947             2.07404
-8.09229             5.12345            -2.40059
-9.57305             -3.6961             1.45238
1.66692             3.98541             2.90414
9.24314             3.78796             5.92975
7.79443             5.47105             3.21146
-0.933866           -0.165105             4.58724
2.04016            -1.32725             2.11585
8.034             7.72851             4.40077
-7.81396            -0.18952              1.5006
-8.39961             1.76672            -4.80117
5.30656             2.90902             3.91278
-0.964995            0.122074            -5.20127
6.83859            -2.72408             3.41319
9.09543            -5.43718            -1.33976
8.56899             -7.9049             4.32356
-4.30158            -4.12214              8.0282
3.31278            0.137333             5.56749
4.7438             6.27918             3.08847
-7.58873             6.77938             3.70647
-6.70888             9.50957             1.20823
-4.24146             -0.4532              1.7777
5.24461            -5.56475             -8.3169
6.30146              6.4919            -9.88952
-3.58623            -8.43928            -8.21345
4.40229            -8.76858            -3.46812
1.18442             1.95807            -4.75661
5.33464             8.68892            -2.34138
-8.29768             0.50264            -6.22089
9.40519             1.82134              4.7145
-2.45918             4.40199            -4.69802
-5.46983            -3.07199           -0.820948
9.9823            -8.04468             3.91675
-1.03854             5.70635             7.85485
-5.19456            0.097354             4.79293
-6.98172             3.12906            -6.93106
2.63436             7.66808            0.722373
8.33796             6.41896            0.601215
-4.15937             6.02374             5.25193
0.794092              6.4153             2.02307
-5.14359            -8.87387            -4.63607
2.81289            -7.92047            0.595111
2.85073             7.42607             8.12647
2.3899              6.5743            -9.88769
6.9747            -5.76159            0.872829
1.27384             7.41111             -8.3401
8.44478            -1.71758            -9.35636
-4.41298             9.28495            -7.66381
9.18332            -2.73721            -8.49483
4.69344            -2.49702            -4.45143
-3.7962             1.22623            -4.27778
-8.89706            -9.31883             3.41411
-5.45           -0.161748             7.21641
-6.5392             9.93774            -2.16102
3.67901             3.22733             1.27384
-5.06302            0.901822             3.79223
2.82052            0.876186             1.57445
-9.01822            0.665304             1.01047
-7.45018              0.7004             3.25724
3.62011             8.56227            -0.24781
6.84194            -3.54808             4.64553
-0.668661           -0.759911            -2.67708
-5.32792             2.24342             1.67394
-3.50749            0.654012            -7.20603
-0.779443             3.76568             -8.5049
3.73638            -3.06955             4.86312
-0.469985             4.58815            -2.71249
-2.01453             2.74575            -0.65157
-3.60454            -8.83023            -3.60942
4.77432            -9.16105            -4.18989
4.04248            -6.14673            0.407727
4.21857            -3.05734           -0.567949
-6.43849            -7.17032             -4.2964
6.90146             6.29261            -4.03394
-5.46129            -5.03403             6.32832
2.67556            -7.13797            -5.65538
-2.13965            -8.32881            -2.57729
-7.16086            -9.09238            -8.24213
-4.99802            -9.99939            0.530412
-3.30393              3.9668            -3.77422
7.72698             4.44838            -7.42821
-7.41173            0.629597            -6.66128
0.938444             7.70409            -3.47331
-8.39412           -0.670186             6.54958
4.31776            -9.20377             1.74718
-2.19398             2.57271            -3.42418
-8.47743             4.78744            -3.57433
2.68807             8.03735            -1.57048
4.27595             5.10727            -4.18317
2.00476             -9.1113            -3.92621
2.53761             8.15271           -0.100101
-3.4611             4.02417             0.62685
0.252998            -5.13596             8.00836
-5.41856            -4.33821            -1.42918
1.70782             1.91382             -6.0741
0.542924            -7.43522             7.41905
5.81408            -9.60814             4.23444
-8.49818            -7.77703            -9.23399
5.47502             4.44136            0.892972
7.22312             8.96603             3.17454
2.32734            -4.25459            -1.15085
-4.92325             7.73827             9.35545
1.9483            -3.94024             7.33818
7.96564            -1.79846             3.61705
-1.81829            0.418409             7.48009
-5.28184             7.19901            -3.64025
8.25953             6.00421              2.6661
3.88531             8.93338             5.71581
0.461745            -3.31889            -1.32847
-8.95932            -1.88574             8.26289
0.823389            -1.57781             8.47316
-1.90863            -9.44823             7.66259
2.41096            -9.32127             -2.1308
7.06046            -5.25559             7.53563
-7.65313            -8.76644             9.01242
8.56807           -0.870083            0.502945
8.64193             8.14661             7.76757
9.80773           0.0549333             7.97754
-9.91028             6.93167             2.65755
4.36048            -9.84863             4.87228
0.508438            0.963775             4.04492
6.84561              1.1539            -8.57021
4.88205              6.5099             6.20106
-9.61058             8.31446              1.2595
2.6896           -0.293283            -8.72921
-3.8963             9.33042              8.1457
7.57378             2.99051            -6.66524
-7.7749            -7.31925             7.24937
-5.21989             2.66793            -7.31407
4.19782           -0.704367            -5.83728
3.09763             8.49239           -0.327769
7.12546             -5.7329            0.171514
-9.28861            -9.98413              2.7195
8.16706             1.50334              5.5388
-7.05435            -9.37254             -3.6372
-6.74947             5.99536             8.59951
-6.49586           -0.481277             6.09943
9.71953            -2.84371           -0.300913
6.08692             3.31278             5.71184
7.80358            -4.10627            -1.13102
-6.25538            -5.29099           -0.951567
2.69204             5.22355            -7.60918
5.80126             4.31257            -7.10776
-5.95752             -6.0387             -5.8977
-1.02542              1.4835            -7.71783
-5.79546             7.40745            -1.47649
-8.2342             9.03012            -4.54451
-5.96912             7.76757            -9.22727
4.06446            -7.56371             1.05533
-9.54314            -9.39451             2.29225
-6.06128             2.90933             6.27491
4.32539             1.09836            -6.90817
-9.38719            -2.33955             6.97775
-3.58715            -4.15479           -0.359508
5.73107              9.5294            -7.78771
0.884121            -2.48512             6.48885
8.62148            -3.10984            -2.03925
-7.90613            -7.82434            -4.06415
-6.71194            -1.61382            -2.52693
-5.46373            -7.02231             4.04798
-4.44411             4.10566             1.76458
6.27308            -3.04178            -8.60714
-9.03867             7.13889            -7.32322
0.303354             4.80117             3.87646
5.28611            -1.12308            0.499893
5.4503             5.12223            -6.24409
6.34968            -8.97397             7.21366
-4.34706             1.81738             4.50667
0.995514             -3.2841             9.87823
8.54213            -5.74389             3.96435
6.59749            -1.49815             9.34965
-0.277413             2.61574            -9.52574
4.14594            -7.86493             8.08527
5.94531            -3.84838            -9.55016
7.62444              2.6249           -0.669576
-0.242317            -6.86178             6.61275
-6.67409            -9.12717              7.1157
-2.33528            -8.43043             1.94861
9.78851             4.67452            -9.03226
1.21006            -7.02414              3.2371
6.53981            -7.09189           -0.202643
-3.12632            -2.91208              6.9039
-2.82632             2.53273            -2.49031
-5.89068            -9.36338            -2.45064
4.09253             7.19108             6.61153
8.83847             5.78692             3.77483
-9.14457            -2.53059             6.40065
0.161138            -5.40147             7.22037
2.8309            -6.73696            -5.98346
0.814234            -7.21946               4.485
0.721152             0.48616             3.05155
2.93374             6.07349             6.72811
4.24543             9.14335             9.42015
-6.72292             6.29017            0.538041
-1.81097            -2.34138            -3.49742
9.40123            -5.73962            -3.08573
-1.43101            -1.83966             9.49004
9.28098            -8.57234             9.03623
4.63668             5.83819             6.28681
-3.59783             8.24702            -1.89337
-1.15513             8.81466            -6.35273
6.63991             8.72951             3.64177
-0.256966             6.66158             2.77596
1.21708            -2.23273            -5.08652
9.07315            -3.72387             2.17933
-7.86645             7.81732             1.41697
-1.79815              7.4987              -3.708
8.61934              7.8515            -9.50255
7.77154            -4.50484            -1.06449
-1.96051              9.9823            -1.47832
2.23548             3.44127             6.75069
8.96664             2.11402             9.61028
-2.33528             5.42924            -6.61306
3.84655            -8.24274            -6.40919
3.9143             2.17658            -9.68017
-1.42705             5.03067            -7.83593
3.11869            -7.53777             4.38948
5.77044             4.03638             2.35786
-1.99499             2.39662            -8.89309
-4.38154             3.74004           -0.922575
0.413526            -3.38939             -1.4185
-7.55089            0.228584            -8.77163
-9.01395             8.87295             7.94366
-8.57143             6.81417            -5.76617
0.696127            -7.06534            -9.92584
-4.10932             2.26325            -3.68908
-2.74087            -7.62352            -5.78204
1.12522            -5.92792             3.15806
-9.14701            -5.36332             7.49962
3.72814            -7.14469              5.5443
-4.53078             9.62096             9.39024
6.40339            -7.07785             2.87606
8.12494             1.12247            0.872524
5.46495             4.94217            -7.40715
-0.344859            -6.46626            0.500809
4.59456              8.5406            -8.56288
-6.28834            -4.61379             5.49791
9.16593            -2.49794             4.60402
1.64037                6.48              1.0831
-4.00464            -7.75628            -5.82354
8.04651             3.93262             -8.1167
6.51479             4.03333             1.65563
8.30744             4.63485            -7.28721
-7.97571            -4.32386            -1.98675
8.03034             0.33723             -4.5027
6.55446             8.33277            -9.46806
-0.845668             4.77767             -6.5331
-2.36793            -1.30161           -0.960723
-0.27192            -9.46074             9.56694
-4.11756             7.20115             8.71456
-3.96802             7.57195            -7.43065
-4.54939             1.99072             1.62603
6.77725             -4.3437             2.01392
-4.60677            -4.87686            0.348216
8.81344             2.60109            -7.22037
9.82513            -4.39772             3.20078
5.18052             1.21891            0.740074
-3.55724            -3.08756             9.18058
-5.96606             8.07001            -6.42048
6.2447           -0.558794            -6.01489
0.169073             3.98694             5.15152
-4.42488               1.442            -1.45909
-6.45833            -6.54012             5.36851
-3.72814             2.91726            -1.13376
8.36634            -8.32179             6.59963
3.03293            -7.83685            -2.39631
2.95206           -0.138554            -2.34535
-8.44417             4.93515             7.26707
-1.35533             1.34251             3.11594
2.11646             8.57265             4.56771
-8.2815             3.67809            -7.96838
8.37947             8.13532            -8.39656
6.5389            -7.78954             4.63668
-4.40291            -2.86599             3.13181
-3.54839             9.12168             5.54155
1.03824            -2.75277           -0.569781
0.516984            -8.63979            0.900601
7.6635            -1.44139             8.80215
2.9545            -9.83551             2.05084
9.20866            -4.18958             1.28666
4.67055             3.10434            -9.21171
-0.175787             3.89233             4.51125
-7.56066            -8.06391            -9.49095
5.73016             2.45613             9.92462
-7.64183            -9.93957             4.25214
0.036317            -4.50087              -6.704
5.15671            -4.06171            -1.21067
3.20597            -6.79098             2.63253
4.39467             9.01395            -7.13523
6.75344            -1.20243             7.19504
-8.43745             0.32899            -2.96884
9.59105            -2.63833            0.139775
-6.54653            -9.06522            -5.88061
-8.56563            -7.38029            -6.53401
8.65993             9.37681            -3.37962
-5.59923            -3.18461             1.90863
3.6549            -2.58644            -4.50728
3.92132            -1.18015             -4.8085
-6.98263            -8.46736             3.44401
4.86343              2.6252              5.0734
0.150456            -3.78063            -2.92215
-0.554216             2.03406            0.827052
-0.664388             9.76409            -9.84985
-2.78512             3.36192            -1.60344
7.60247           -0.515458             4.80209
-0.59389              9.0762            -5.62151
-6.31581             9.33073            -1.72643
5.01694            -4.31227            -2.12378
7.00003             6.22303            -5.64806
-5.14969            -1.14078             1.19633
-7.3867             3.41197            -5.54796
-1.50731             2.51961            -9.83673
0.745872            -2.67495            -8.20399
6.80441             3.03293            -0.47853
-8.08283             5.44176            -7.86493
-7.05283             5.25101             2.97342
9.04019             9.57854            -7.42668
-3.45683              7.7514              9.3881
-0.892972            -2.20679           -0.557268
4.28785             4.77218            -9.22575
-0.348521            -1.92206             2.19306
1.94708             9.35942            -6.97897
9.91791             2.61116             8.29615
-0.0579852             -2.9841            0.579852
-0.639363            -1.01535            -5.93463
-4.90738            -6.18702              4.5848
-7.1868             7.47429             2.89377
-1.10569             8.11213             2.00446
1.07761            0.155034             3.38237
-9.27061             -9.0524            -9.90448
-4.15235             3.80291              4.2439
-0.011597           -0.631428             -2.4192
-8.86349            0.861538             5.61693
9.87732            -4.18897             6.96402
5.5443             1.97211             2.52541
7.32719           -0.620746              1.3889
0.902127            0.614643            -0.60213
-6.61885            -5.57054             7.90155
-7.77856             9.25382            -1.36631
-0.836512             3.72662             9.97711
4.99649             8.03552            -1.39836
8.5522              6.3152             -7.4984
9.10031             8.13196            -6.64998
7.88476             7.93023            -9.19523
-8.24152             6.44185             9.23704
-3.42448            -3.85937            -6.40919
3.65764            -2.83853           -0.654927
1.70751             8.30226             -4.4911
-7.31773            -1.72491             3.64483
-6.04663             8.59035             4.01318
6.68386            -2.55165             6.21509
-7.70714            -1.93304            -9.70611
-0.363781             5.47868             6.81112
-3.95062            0.621967             6.83981
2.98318            -4.68917           -0.582904
0.602741           -0.226142             8.94375
-5.12192             9.31791             -4.3733
-3.77026             4.40321              3.4901
-5.90472            -6.73849             3.69366
-8.39991            0.743431              9.7882
3.03507            -1.32786             9.82482
6.78243              5.8449             2.00781
8.99075          -0.0595111           -0.503555
-4.11145             5.78753             -6.3039
-3.99487            0.580462             4.71358
-7.04489             1.65563           -0.621967
-7.48955            -4.09833            -2.10639
-1.17313            -9.90967             5.26078
-1.41636           -0.652791            -1.83966
0.569781            -5.57024            -7.81091
1.91839             4.44533             5.29893
3.48582            -3.53221             4.01898
2.33589             8.08863            -3.61858
8.97153            -1.16092             2.61727
-0.86642            -3.18216             5.29618
-6.02374             4.87228            -3.51085
2.21351            -6.73605            -2.81594
-6.02008             5.91937            -1.15726
5.21958             4.94919              1.2775
6.94845             7.34977             4.75814
9.13175            -3.90606            -7.82647
-0.548112            -6.29261            -0.25544
-1.00284            -7.17429            -9.45036
-7.16269            -4.67727            -2.36152
7.0748             9.28068            -9.69695
4.13862            -8.36695            -4.14838
-3.02164              7.8985            -3.32347
8.24427            0.807825             3.40251
2.97891            -2.51503            -3.06955
-7.03696            -3.88134            -5.19089
6.49037            -9.63713            -5.87451
-4.69558            -6.93655            -5.18876
7.23899            0.467238             8.24488
0.722983              6.2627             4.50545
8.83847             -2.7131            -3.29569
1.44719            -2.73934            -0.28901
2.35908             9.99603             6.53798
-0.580767            -6.36555             -3.5081
8.87997             6.50197             5.01602
2.55318            -4.03821            -2.28828
9.43571             7.25852             6.12903
-7.10379              2.6075            -2.25196
-5.53056             2.02185             9.67406
2.01453             4.07849            0.702841
7.16056            -9.45616           -0.587176
9.07132            -5.18784             5.52568
-3.26884            -4.31196             1.73833
-2.67006           -0.608234             8.49452
-3.03079            -9.95239            -7.25883
7.13736             9.07437            -2.64138
6.51692             8.03034             8.46004
-4.0907             5.94592            0.617695
-1.45238            -2.71065             7.70318
1.26499             5.44572            -1.85217
0.137333             4.71419            -1.84301
5.4149             2.22114             7.04428
8.42799             6.98752            -7.37144
-0.447707             6.28285            -5.33799
8.2342             5.13718            -5.32395
4.06323             8.98434            -8.69015
7.50938             8.21192             6.70858
8.1518            -1.78716             5.69048
8.43348            -5.20127            -9.84405
6.26972             5.36027            -9.69817
6.71468             5.99933            0.867641
-1.91931            -5.32273             9.84588
-3.84991             8.80215            -9.00388
-0.365917            -3.94574            -4.49995
-1.08219             5.22813           -0.227668
-0.570391               5.562            -1.39073
9.90844             6.10401            -7.99005
8.75942            -8.62972            -3.10434
-0.562456            -1.12217            -8.89737
-7.43828            -0.52736            -7.18894
8.22169            0.662557             5.95416
9.53551            -3.52702            -3.04361
-7.92474            -4.27412             3.39549
-3.07779             3.21757              9.2581
-4.70351             3.83374             6.54042
-3.63201              -5.215            -1.41789
-6.3741             6.54653            -8.69564
-5.88549             3.49712            -7.84082
-4.10871             9.90234             6.24317
-8.51375            -5.45518            -5.47624
1.56316             3.79101             3.81878
-4.06446             5.94958            -6.60421
-8.18659            0.374157             -5.2852
4.28846             6.59352             5.16709
7.68273             -6.3213            -4.16852
7.37785             8.37153            -5.90381
-9.63378            0.865505           -0.702231
3.20444            -6.82333            -6.10309
-2.32398             3.07566             2.78726
-2.12226           -0.598773             5.05448
-9.03684             9.02432             6.32221
-8.46187             7.49657            -6.37013
-9.79949           -0.410779             7.72973
7.76208             8.35505             9.54009
6.99087              6.9277             9.32524
-3.27799             9.67742            -5.62304
-7.60399             1.46001               7.734
8.66207              1.8012            -4.10199
8.58058             6.38874            -8.07672
6.14673            -2.11829            -9.90356
5.71306            -6.99759             3.38481
9.35453            -3.48827            -7.64855
-2.41066           -0.609455           -0.913724
3.22367             -7.8518             0.61861
3.39549            -3.74126            -5.94745
-6.77969            -5.38408            0.910978
1.37852            0.621662            0.578021
3.77972             1.57933             1.11759
-3.2374             1.03793             1.06967
-7.93573             9.67406            -2.79794
-7.36869             9.94751             3.97992
9.65758             5.05478            -9.30143
7.05863             1.86132             9.53154
6.37532             3.01645             6.37349
7.06168             5.91998            -1.98157
4.66933            -2.63558            -9.70672
3.41075             9.06735             2.23426
5.99078             8.94711            -0.40437
-1.04556             -1.1066             8.89065
-4.87442            -4.20515             3.50047
-1.34587              2.8367             1.61596
-5.51805            -8.10724            -7.41203
3.41411            -3.26151            -6.34205
5.6737             -7.6397            -9.82208
-0.142827            0.252693             6.67959
-2.20313              1.0007             -4.1615
-4.04035             7.25333            -1.26865
6.65487             8.01782            -6.90786
-9.67528             2.93802               -3.82
8.06513            -2.95206            -5.53575
-0.714133            -7.40196             -2.6371
-0.132756             5.75243            -6.44276
-1.11484            -3.70037            -0.64333
-7.19535            -5.95996            -7.72027
-3.33018             3.66649             6.64113
4.31745            0.839259            -9.56847
-2.65267             8.11945             4.95926
7.528             7.13462            -1.64495
-7.31559            0.113224            -5.04135
-7.04703              5.4033             7.99127
9.92706            -2.00842             6.13605
5.52171             8.40266             2.61818
-8.48109             9.11008             6.33564
-1.02573             1.73467             8.62392
-5.84674           -0.698569            -1.00955
7.18925             7.17154             7.08579
6.4864             9.67864             4.44929
6.50594            -8.00165             5.20066
9.49675            -1.07181             1.52684
3.91095            -2.63527              2.4601
-9.10855             3.44615            -4.63149
-2.34199            -8.82321              5.3032
-8.81161             2.28736            -6.31794
-6.47176            -7.41447            0.953093
-4.49385             6.63198             1.24851
-1.36967             2.89712            -6.23249
6.70797            -6.13788             3.37931
-5.75823             9.21537             3.34696
-3.58989             1.50487            -7.15659
1.03122            -4.86282            -8.16645
-5.36027             2.96945             6.06128
-3.55327              2.1955             3.64849
9.93988             5.75304             9.34446
5.19791            -3.59142            -8.04224
-8.30897             4.10932            -9.53795
1.86651              -2.725            0.555742
9.02463             3.20017            0.534989
-8.11701            -4.08887             2.59529
-5.08835             6.73147            -9.95972
4.23566            -9.22788             6.68203
-4.34767            -4.30769            -1.43101
-6.42872             5.19913             3.99915
-8.06116             2.10181             3.46294
-7.44011            0.794397             1.46855
-2.44331             9.89807            -3.28867
0.184637            -0.29725             6.53737
6.14734             3.14219            -7.23563
7.06076            -4.25214             -8.7286
-3.99823            -6.54012             5.51775
-8.80978            -3.15714            -7.75109
-5.13688            -2.24525              9.8178
-5.32579            -4.37574             4.75417
-3.2728             7.03177             7.98212
-2.93893            -6.18244              2.4955
-9.26847            -5.28275             2.82693
-4.67818             6.93686            -7.93207
3.01462            -4.41572             2.69967
8.07672            -3.18766              3.3433
3.76904            -2.74087             1.30314
-5.50493            -9.26572            -5.79516
7.04306             2.97128            -4.62264
1.00467             3.92132            -5.77349
-3.03507             3.92529            -4.84573
-1.46214            -8.02576            0.458998
-7.69982            -4.61348            -6.18427
-4.88388            -2.50832            -1.58422
-4.14777            -5.16526            -6.74551
-0.836818             8.87906             -8.3697
-0.350047             4.14014               5.309
-3.9845            -7.01224            -8.96481
0.406812            -7.96411            -3.28959
-7.37968             7.73614             5.30656
-2.12073             1.76672             1.56102
3.98328             2.29255            -2.66427
-4.57106            -8.02454           -0.430006
-9.04996             8.27296             2.57973
-7.06626            -6.38081            0.129398
8.76278            -3.35704             2.69723
-6.49373             1.09348          0.00396741
8.10633             5.40788            -5.35264
4.94583              7.9577             8.32881
-9.65453             1.38157            -5.02121
-4.84085            -6.55965              2.6896
0.983917            -9.42015             9.03226
5.80218             2.57363            -4.31043
8.05902             9.60082            -2.62368
-7.57805            -4.73983             9.89196
1.39409            0.401624             4.66384
-7.52983             8.45668             2.66579
-7.38426            -1.24393            0.458693
-0.913724             8.80062             1.73742
-5.08316             7.73125            -9.26725
8.61629             -6.5038            -6.61397
5.23453            -6.71438             2.66579
1.3889            -7.23869            -3.37443
9.68963             4.24787             2.04962
3.25022            -3.71685             1.45543
1.79601             2.18818             5.51378
0.797143            -7.87164             6.75619
8.13654             -9.8294            -2.43843
-0.976592             2.97769              8.9874
-5.34623             6.83309             4.50423
8.62575            -9.26603           -0.103458
-8.99838            -4.04309             0.86581
8.09381             7.61559            -7.55852
0.831324            0.822474            -9.07224
1.70049            0.545671             2.23121
2.2721            -2.57332            -8.24366
2.97189             4.19111            -7.46117
-2.45033             1.34129             3.32194
5.73077            -5.51775             3.92132
4.00525            -7.10135            -5.07035
-2.49062             1.94555            -6.33747
6.17634            -8.76614             6.23707
-8.43074            -2.04901            -3.53923
-8.19849              3.3314            -6.10218
-1.7716             2.34535            -4.29762
3.15897            0.208136            -9.79705
-8.91354            -2.63894            -9.07163
9.44029             6.85049            -1.52776
-4.40321             7.15964             3.42906
9.94385             2.60994              -8.446
-3.04209            -7.11631             3.78155
-4.69558            -1.50365           -0.586566
-5.3383             8.51558            -1.38951
6.44337             2.57485            -8.34315
9.42351            -3.40464            -7.66045
-7.69555             9.98138              8.5638
-3.65856             9.35972            -3.76843
-7.60247            -5.12833            -9.83795
5.73565             7.29392              1.8717
4.35926             1.29612            -3.10221
7.38639            -7.76727             4.90707
-9.68932            -8.58852            -1.60344
-0.0738548            -7.14805            -8.36787
-2.69204            -4.84634            0.769372
-7.53716             3.54045            -1.86163
-7.15598             7.73888             -9.8706
-7.00583             -4.4969             1.87109
-5.5913             -5.7448            -9.81536
-3.59539            0.523392             1.19877
-1.00101              2.4897            -1.19236
3.01614            -6.44093            -6.40767
-9.99908             1.10752          -0.0570696
7.60735             3.08267             3.31065
4.57381             -4.2143             2.18696
-1.03977            0.811487            -3.57463
-0.842921            -1.98706             5.83453
-9.0701             0.18189              3.9378
-7.75781             6.94845             4.68612
8.76064          -0.0225837            -4.73952
3.19803            0.635395            -2.96426
-7.81243             5.49364             7.58538
5.46983             5.64257             9.73357
0.366222             4.55123            -4.34675
1.10752             7.78863             5.63982
-7.05039            -6.98294            -2.52144
-1.41514            -8.64925            -8.86746
-6.45222             1.98218            -6.52944
6.50319             9.65728             4.20789
-3.80505             4.40046            -2.04657
-3.03201             6.63869             6.12659
1.75268            -2.56111             -2.2071
6.66036            -9.31272             9.76226
8.87356            -8.12555             -1.7188
-8.5641             5.12711             9.21628
-5.39445            -7.18467            -8.86074
3.62529             2.15461             6.48976
-3.53465             7.79138             7.22251
2.20283            -2.80496            -3.27006
-3.3552             8.77224           -0.167852
4.05316            0.147099            -7.71233
-5.18448            -4.13526            -2.57088
8.23115              2.8547            -5.65142
-7.82037            -2.95236             7.69402
2.89193            -4.51369              6.5511
-9.08231             2.50801             3.32804
-0.108646             9.44273            -5.22233
-3.11563             9.00632            -1.81707
9.35545            -1.57567              -7.163
8.39778             1.48137             4.53688
5.43687             6.57643            -4.52528
2.91757            -6.99606             4.08032
8.61324            -1.42247            -7.47703
9.74731             4.98947             8.04163
-2.73934             1.51128             8.31355
-8.41151             -2.0307              8.1576
-7.64672             -4.1023             -9.3759
-6.40614             1.44414            -8.89401
-0.99765             9.89593               6.863
-2.10211            -1.59124            -1.61962
-8.69839            -3.01859             -7.2515
-6.38295            -8.26136             5.52629
7.87774             4.84237            -7.51213
-6.95242            -6.86392             5.69018
8.75851            0.223701             0.88229
7.54479             5.23148             3.38481
7.58354             7.11142             2.85623
5.54094             4.01135             -5.1738
-8.52382             -3.2899             -3.5612
-6.98233            -5.17991            -6.70461
4.27992            -8.59706             9.04386
-8.93033            -6.32801             5.75182
9.26695            -8.45454             1.41453
-6.79891            -5.34623            -8.11792
-2.01849             6.30085            -2.60537
9.92553             3.20475           -0.825526
1.05106             9.72015             4.85214
-3.51421             7.92505            0.781579
7.1044            -8.98007            -9.25687
-0.417493             6.85537            -5.10025
0.734275              8.5989             8.08252
3.26762            -3.20414              2.7134
3.84014            -3.66008             3.11106
7.49565             2.72622            -7.09159
-3.19224            -4.18958             7.63176
0.00976592            -3.73974             8.01874
9.59166            -4.19843            -9.73968
-8.01477            -4.54268            -7.75018
-4.2027            -8.27448            -5.80523
-8.87234             3.00058            -4.70351
-0.100406            -9.08597             1.51708
6.31184             9.91546             7.38182
-8.4283            -5.12253           0.0256355
1.89703             6.92526             -3.7553
0.994598            0.673544             8.68923
-4.74929            -7.45567             8.05994
0.933866            0.686972              3.9906
8.31996            -1.82684             9.17997
6.42262             3.01431             4.60219
1.78106            -1.32725            -3.71075
5.67614           -0.885952            -1.58116
-6.58864            -7.08121             -3.6848
0.757775            -0.50264            -8.52687
-7.22465            -4.18317             5.06546
-9.40367            -3.65215            -9.46471
-0.311289               6.039            -9.69298
-4.30464             4.50545             4.52193
9.42747             4.41206             1.65899
4.40504            -4.43861             -9.3234
-5.31541            -3.59813            0.376293
-8.94711            0.167547             9.76623
4.01715            -8.64345              8.0697
8.54244            -9.86999             5.65142
-0.00549333             3.87341            0.398572
4.67483            0.579241           -0.802026
8.91781             5.44328            -6.58345
6.00543             9.22697          -0.0567644
-6.21509             6.40095            -1.04892
-2.92856           -0.497757            -1.12888
5.3264             1.13681             3.47392
-7.22861            -8.44752             8.00226
2.72744            -4.31562             9.45982
-7.69585             6.80258             8.57906
9.33317            -3.69976             1.07883
-1.40416            -6.33717             8.92483
8.66604             2.93954             6.59444
-0.299997              7.8811              5.9154
3.87219            -5.65203            -2.86843
0.0302133             7.67296            -5.67553
8.93063             2.21595            -3.69121
-8.81985            -9.12351            -3.09366
5.69414            -1.89367             3.68816
-4.93332            -2.89041            -4.20942
8.87448            -1.43162            -1.85156
8.07001            -6.72292             4.61745
7.04398              3.4199            -2.36488
9.19767             9.03928             9.46776
0.407117            -9.65819             4.46089
1.09256            -6.95853           -0.432142
-6.73391            -2.85073              8.8638
4.44594            -1.69408             8.38954
6.70949           -0.355235             7.12882
-8.08557             3.15928            -3.78887
0.298166             2.71798            -3.18369
-2.90384             2.51595             5.99048
7.75018            -3.57433            -4.83627
3.70922               7.528            -4.51979
-3.9198             2.43995            -8.17866
-7.68517             2.13782             5.44359
3.79009              4.1908           -0.977508
-8.71456           0.0167852             1.16092
-1.80822              4.9266             3.49071
-9.73968             3.07566             8.10297
-9.06308            -9.61577             7.98425
-6.81814               1.442            0.360729
-1.72918             8.75301             2.78665
4.89853            -2.34321             4.40504
-2.81961            -5.41246            -4.21735
2.77444             3.02347             7.01041
-8.36146            -6.83218             1.48106
9.45372            -8.46431             -1.5891
9.92157             2.26569             6.81906
2.57454             9.53764             3.53343
9.17264             7.53441            -7.13462
7.70898            -2.56203             9.16776
-8.17347              2.7311             5.20676
1.71148            -8.27052            -1.77587
-2.5071             -9.1818              9.7174
-9.94507            -8.22565            -8.09076
4.58357             1.21067            -4.90036
2.44819           -0.961638             5.92944
-2.56447             3.86059             3.92163
-4.22773             9.82482            -4.53871
7.73339             5.58702             -6.3686
6.03076            0.921049             9.92676
0.958281             1.48869            0.714133
-0.505692             3.97595             4.28236
8.4518             -3.9552             8.58242
-0.77517             2.51045             7.74804
9.55046          -0.0708029           -0.311594
0.425428             3.83801            -8.54488
-5.97461             4.89059             1.96265
1.97607             5.17472           0.0766015
4.23566             3.08725            -3.77422
-1.31291            0.926237            -7.30583
-1.78259            -4.68886             0.41139
4.56435            -9.21323            -5.73717
-4.37757            -9.94537             5.39354
7.74712            -4.13526           -0.985748
8.30103           0.0155644             -7.1099
4.45967            -5.47472             1.35624
7.56951             0.43611             3.07474
-9.17173           -0.655538             6.44612
-4.64919            -9.40519            -3.77544
9.55046              6.1681             -7.6867
-4.42061            -9.13511             8.89157
-6.97897             8.47285            -8.24122
6.63167             2.04169            -8.06421
-6.24073             8.97153             6.02557
-3.04575            0.675069            -7.00369
-9.50468            -5.13535            -1.06388
-3.15073             7.26737            -8.80215
-2.50038              1.6303             3.16904
7.95251             1.84332            -1.12735
8.36756            -2.47963             4.32142
-6.23615            -3.24534             3.73821
3.35704            -9.23246            -8.34223
3.00638            -1.42735            -8.74386
-4.59761              2.0011              4.7734
6.87338            -8.22626              9.5056
-9.76714            -1.34495            0.533158
-3.16996            -3.75378             4.23078
7.98517           -0.555437            -8.17682
-3.82092              2.8431             8.47438
-6.80319            -1.20334             9.68108
-4.69619             6.85598            -8.11151
8.08954            -1.07883            -5.87237
7.60308             -6.8865             2.18787
-2.09449             4.13617            0.144963
-8.46675            -1.20945            -4.59975
-0.347301             8.01904             7.24876
-6.86544            -8.98312            -6.07013
0.460524             7.41905             9.89868
-6.1626             9.96826            -4.63942
5.7152             2.15552             4.02295
-9.28373             2.62581            -5.08591
-5.67217             8.73959             3.88104
-3.9552             -6.6451            -6.61275
-7.28233            -4.50697            -7.27653
-4.20728            -6.98782             5.05051
5.27818            -5.46403            -4.95102
3.40312             1.16947             1.91626
2.29804             4.00372             3.18003
-9.23124            -5.95965             9.26847
9.43968            -1.89123           -0.869778
-4.24268            0.263375            -7.58782
3.04392            -8.62178             8.35047
-7.87927            -3.84594             5.19181
-9.70031            -6.68416            0.762352
8.764             3.06894             3.16904
4.9913             -4.6556            0.770898
0.590838             1.16001            0.787072
-8.64101            -7.66259            -9.48454
2.45216             7.96838             3.99579
-5.68255             3.83038            -7.21793
-6.19373             8.95444            -5.29496
6.34724             6.14734            -3.34025
0.589312            -1.53356            -8.10114
2.77108              2.9255            -3.12662
-6.05243             5.12223             4.07331
4.63088             8.04498             5.58397
-5.49791            -5.54186            -8.91903
-4.66048             5.61296            -5.83758
8.08069            -1.11087             2.20893
-4.94552            -3.85388             5.14389
-4.11847             2.99356            0.977203
-2.1778             1.18351            -7.15934
2.80648             2.48177             6.58712
0.927763            -4.78835             7.00705
-0.606403            -9.07529           -0.764183
-4.71969            -9.86114             6.18366
-8.67183             1.75634             1.10416
1.507             7.19871             7.70104
3.63506             7.99615            -9.96094
-9.30937            -9.37986            -8.29371
8.75973             6.98263             4.71541
-5.51927            -2.48451            -4.31227
-3.09305            -1.64739             3.22214
-5.99902             2.52541              1.3007
6.13697             4.46577             6.99667
3.75896             4.68032            0.475173
-5.86566             1.01047            -7.69829
8.06177           -0.315867             4.64614
9.99268            -9.09268           -0.920438
-9.41618             2.90475            -7.77276
-5.38316             6.25752             6.47877
-0.400708            0.515763            -2.60903
-9.7705           -0.692465             7.52007
-2.82235           -0.863369            -5.98346
-4.62752             6.48305               3.155
-4.62325             6.17084            -7.45445
9.47233             9.87213             2.13874
1.45787            0.585345           -0.615558
-7.28507            -5.00015            -9.67681
4.20881            -3.84838            -3.45897
9.32737             1.75817            -6.94998
1.14383             2.59011             1.16214
6.72781            -1.14109             -4.7029
8.21528             6.27308            -7.75658
7.01224             1.09043             -9.4293
-9.36766             9.66369              8.5165
7.5164            -4.49934             4.62539
-6.95517             9.04447              8.9346
-5.60808             7.09677              1.4774
6.67318             -6.4388             -4.9855
9.111             2.54921            -4.45509
-8.08435             6.12384            -9.32279
0.484329            -1.59368            -8.87082
-7.05527             1.96203             5.33982
-6.4742             7.58538           -0.762352
-6.53676              3.7785            -1.91015
2.2956             8.74569             -5.7326
3.29478            -7.43675             2.33222
7.25822            -3.91156             3.85205
6.74551            -7.67083             7.83197
-8.27906             9.92187            -3.71197
-8.17377             6.32832              5.1323
-0.260323             1.22562             -1.3654
0.584429            -2.77749            -5.35386
9.0408             2.08808           -0.556963
7.50633            -9.02158             -4.1026
-4.83596             5.12894            0.497147
9.47356            0.831935            -6.30421
3.01645             3.17423              7.7694
-5.92303            -9.21659           -0.365001
-5.95508            0.704978             1.01077
-4.07788             4.96902            -0.88168
-5.79821            -2.84616            -2.02857
-1.348              4.2494             3.58592
4.59334           -0.101627            -6.24378
-0.0451674             6.26881             6.77969
-6.50777             2.13019          -0.0747703
-9.10459             6.52669             6.42506
-8.13929          -0.0534074             4.28694
3.2139            -1.87872            -3.56426
-8.41273           -0.321055            -1.73345
-1.58422             8.25983            -9.07804
-0.511185            0.285043            -6.52974
2.73232             9.40916             8.24671
5.96515            -2.61269             0.77517
4.4264             6.68905             2.35755
6.66799             8.72829             5.75335
5.52416              7.2808             2.97922
-5.45457            -6.88803             8.29157
-5.13138            -1.98279            -2.74667
-1.2006             4.49477           -0.964385
0.542009             5.72161            0.823695
1.46336              3.1077             8.28059
-5.05814            -4.99985             7.85943
5.69536            -4.54085             1.15299
6.24104             8.09381            0.517594
-6.30665             3.73516            0.126347
0.737327             7.10288            -5.75213
-4.55184             4.95956             5.16465
9.71221             7.23838            -6.18793
4.65163            -8.63063             7.66137
5.43535            -9.20866             6.51906
-3.94665            -2.83944             9.87274
-0.915555            -6.53096            -2.93771
-0.498367             2.85867             -9.4937
6.91336             2.26722             9.61028
-3.63079            -9.62859            -3.83923
0.449232           -0.328379            -4.25489
8.71242            0.843226            0.298471
-2.3133            -6.35212             5.31022
6.24226            -1.93701            -8.65322
4.28541             3.49895             2.16956
-8.29371             5.30412             7.74957
6.11133            0.549944            -3.81329
3.82977           -0.722983             5.12711
-3.92438            -4.72182            -6.10828
9.57427             4.42183             4.78195
-2.07312           -0.842311           -0.334483
6.27033             -4.7908            -6.55171
-5.39018            -3.24442            -1.37059
2.52571            -5.65752             -1.8775
5.15458            -8.15973             9.69512
-1.26499             9.54436             6.18152
5.51408             3.78246            -3.17972
8.37153            -9.67376            -9.05667
4.27595            -3.80078            -8.81283
0.611286            -6.93289             1.15177
8.9404             9.25443            -7.22983
1.6831             2.78848            -2.26081
-1.91809             4.40199           -0.547807
-2.425            -7.52525          0.00579852
4.29151             6.03198             2.67891
-5.1561            -1.40385             3.82366
-1.46733            -3.64544             7.32688
4.01135           -0.649434             6.02466
-2.93283             1.40263            -8.52107
4.24604            -6.84256             1.70537
8.25709            -2.89132            -7.99188
-5.06821              3.5374             3.54198
8.7701            -7.92261             9.27213
-3.85815            -4.03363            -7.18833
-5.2324            -7.92657             6.31245
-5.90503             5.41063            -9.43999
-2.52052             4.35102            0.910672
-4.27229             2.48268             5.71398
9.18699            -4.01013             4.58968
0.372936             7.44469            -7.00308
8.89523             7.86035             3.01248
-8.49696            -2.96609           -0.555742
8.4994             6.41194            0.801416
8.18842                4.55             4.32661
-0.126652            -7.19474             8.00989
-8.23298            -8.38252             4.00861
8.31355             8.62087            -2.71493
6.33564            -9.90753              4.4612
4.28541             1.48015            -3.52062
-0.641194            -2.20496             5.78448
4.09619            -5.42344             7.41417
4.2439            -8.19422            -9.48424
-1.81433             4.36262            -8.68038
-3.09732            -2.96701            -3.30576
9.51262            -3.02652            -9.67009
-2.41768            -8.43867            -5.68316
8.72707             8.16797            0.413221
-8.12159             8.22077            -3.57891
9.55412             3.42296            -7.60063
-9.21323             -2.4427            -2.04291
9.90234             7.76605           -0.587786
-5.67186             6.40614            -1.33763
4.85916             5.18174            -9.05118
-5.44603            -9.70733             -9.2169
0.913724            -8.83328              9.9826
-4.98947          -0.0677511             -3.1431
8.16156            -7.84875              7.1337
-1.51952            -4.79812             1.17618
-1.83233           -0.194708         -0.00915555
-3.18216            -8.85647             2.12836
8.80703             2.15339            -8.36787
6.75954            -8.09381            -6.72506
-1.43986             4.93515             8.12677
2.73049            -5.75274             3.07566
6.27064            -3.19956             1.85095
5.64287            -5.84521             3.06009
5.28794            -9.96887            -7.88446
-5.11246             4.95254             2.51381
8.61934            -8.83328            -2.90872
-0.609149            0.493789             8.57509
6.04358             8.75332            -9.52971
2.72347              4.8497             -3.5197
6.85049           -0.372936             9.64721
-6.14185            -7.17978            -7.08487
9.5584             6.83462            -2.12256
6.28925             4.55123            -9.91852
-1.0477            -7.89514            -5.85955
-3.80535              7.3751           -0.670186
5.09629             4.91256                3.09
-9.95148             7.36961             9.56114
-9.29228             7.24998             8.71517
2.92856            -5.59008             3.31553
-3.15928            -9.11374             6.15741
-1.21769             9.72137            -1.37638
-5.262            -1.01016            -4.66994
6.61733           0.0784326             2.54036
-9.34843            -3.15622            -3.60118
-7.9635            -8.87539             5.87634
-5.46403            0.530412            -2.03986
7.79077             3.48582             1.20365
7.69768             -2.1015             3.74981
9.66918              -7.987             3.80657
-2.02948             1.30558            -3.66985
4.92019             4.37666            -6.67379
1.91839             2.36976             9.68139
5.08591             1.85125            -2.63161
-2.01544            -8.82076            -8.13959
-2.1662             5.57787            -9.54741
7.99036             7.71691          -0.0442518
-3.5139            -1.82073            -5.53545
9.14579             -7.0748            -2.93893
-3.59478            0.275887            -9.10611
6.53737             5.85345             7.95221
1.88116             3.31797             2.63161
8.93246             6.96799             8.05811
-6.16565              1.8067             7.70226
8.42952             5.39781             8.87356
4.81063             4.38429            -9.06919
3.11289             6.74032            -3.42112
1.17496             8.07215              1.2537
-2.03925            -7.84631            -3.47026
-9.86236             8.70113             9.71679
-4.34156             1.64708             8.60714
8.8464            -6.52455            -8.04346
5.60167             4.25214            -6.31153
-5.13993             1.52104            -5.11948
-7.07083             5.06302             -8.2934
5.74786           -0.654927            -3.00272
-3.10465            -1.29917             6.40461
-1.44932             1.94769            -8.41243
-5.56475            -8.19605            -1.85797
9.7354            -3.92254             9.67589
7.15476            -6.45619            0.480056
6.1916            -9.99939             7.87561
4.97543           -0.604572           -0.582293
2.09876            -2.06305             7.04215
7.25181             6.90023            -4.96811
1.18442            -1.89428             4.82681
6.42506            -8.70235           -0.884732
-1.60344             9.71282            -3.39396
6.91305             1.90069            -7.60338
1.59886             2.00201             1.52776
-2.02887              4.4377            -7.03238
-0.114139             2.28797             4.45051
-8.07947            -3.34422             4.59639
-8.19086             4.88327            -8.80123
-0.798975             1.33824             1.75604
-4.48866            -9.05576             7.89575
-6.24744             4.09253             4.31074
0.0265511            -5.87237             8.04102
1.36021           -0.105899            -8.22108
4.42671            -8.33064            -1.53294
4.75875            -8.86044             3.37748
9.88281             3.62957             7.30522
2.42409            0.947905             1.77587
0.967742              0.7416             -7.2396
1.69012            -7.30064             6.19373
9.50621            -3.10282            -6.17817
6.95334             4.83688             4.92843
-5.3151             1.50212             7.90643
7.77612             3.98267            -3.73211
6.92923            -2.33955            -9.08841
-0.951872            -0.88168             -3.9787
2.68319             7.61956              9.5587
-8.80428            -4.95499             2.60933
3.02042            -1.57994            -1.77374
2.82754              2.0014            0.752281
-0.851466           -0.983917             5.83514
-0.923795            -5.57451           -0.342418
9.46226             8.07703            0.576495
-4.25214             6.08386             7.86828
-8.11304            -3.27647            -7.02048
2.29804            -9.29624            -7.73583
5.34135             5.07401             -9.2584
8.46797             4.82498            0.976897
0.302133             3.62774           -0.816675
9.54405             2.10273             4.33302
4.53963            -8.38069             3.02133
-6.96921             7.42698            -6.41255
-1.59642             4.96872            -7.03787
2.39448             2.27241              7.8753
-1.11454            -8.98343             4.42854
0.503555             1.34922            -7.68914
-8.77316          -0.0125126            -3.41929
-5.01999            0.159917             3.69854
4.85427             5.13047             0.89816
5.32517              7.2985            -9.28434
3.60729            -2.79946             4.72945
7.44804            -7.68944             5.01083
-4.1966             2.32521             -8.4753
-0.638752            0.642109            -1.14536
3.10984             6.74886            -2.36579
5.51805             2.23853             9.98596
-8.69747            -4.66689            -1.55461
-8.1756             6.43727             -2.3542
-2.27607                5.15            -6.63167
2.81014             4.60707            -6.61031
-8.23969             5.97888            -3.25297
-9.83154           -0.258797             7.39097
-9.04721            -5.03372            -8.87082
2.98074             5.75365            -1.22196
1.16611            -4.15601             -6.1092
-4.31318            -2.01788             3.43242
6.16443           -0.358592             5.65844
-5.94958             -1.9895            -1.67974
-8.52779             7.17673             7.80633
8.72341            -4.95376            -2.12409
9.60509            -5.45427            -2.22602
6.3683             3.31767              1.0947
-6.62862            -4.20789            -1.59917
6.02435            -6.98935             4.26099
-8.28822             4.65102            -7.31407
-7.8161             -4.6028            -3.07047
-5.06394             0.24781             6.14032
4.3199             6.63991           -0.816065
-4.7383            -9.04386             6.63717
-1.15024             4.26222             4.38154
-2.4308            -7.74285            -4.38032
8.89126           -0.657064             8.75607
1.39134            -6.31886             -7.1514
-0.459609           -0.162664             6.03198
-6.9042             3.60912            -6.24714
-2.92001            -5.60137             5.07645
2.23548            -4.58602             9.30845
-5.04929             7.41264            -8.63002
3.86059            -5.10941             4.77371
-7.84814           -0.523392            -7.49992
-4.46883            -6.15101             9.48546
0.898465            -7.73492            -3.01675
-7.74468             -3.0076           -0.376904
-9.29533             2.95297            -5.27055
9.86694             2.16865             9.77966
-0.0317392             5.11124            -2.08655
0.356761            -5.45183             2.96487
-9.48668             5.36943            -8.48354
-0.540483             4.11115             7.35252
1.23386            -7.38182            -4.73586
2.75765            -1.01291             6.56392
2.11921             4.35224             -9.3878
8.78231              2.9899           -0.511795
-0.551469             8.49055            -7.87774
2.97098             4.32569             6.15314
0.608234             9.59319            -4.09803
-5.674            -2.26997             3.72173
5.01877             1.06143            -7.46269
-6.67684             2.75979             1.39561
5.64898            -4.95956            -8.15729
8.16034             5.41215             -8.7228
-8.0401            -3.99609               4.438
-3.0784            -7.56737            -6.94815
-3.03201            -8.79543             4.37849
-9.25871            -3.98297             3.95642
9.87426            -4.77645             6.58864
-3.13395            -7.93909            -4.04157
-7.65252            -5.64928             6.41621
1.10691            -7.26646            -9.47386
1.65014             1.16214             2.19123
-2.33863             1.40843             3.02011
-4.64553            -6.61489             6.49342
5.52873             9.32066            -9.52452
-6.35823             1.97211             6.42659
-5.2443            -9.04141             1.52257
-3.58959           -0.471511            0.726646
1.80364             4.40779          0.00427259
5.24857            -1.63244             6.47847
3.90637              8.8464            -7.99738
6.71316             2.81503           -0.489517
6.33686            -6.74795            -2.95907
-3.08084            -8.18445            -6.26637
7.44224             5.84796            -5.23576
-7.04215              5.3618              3.2432
-3.90515            -5.51958            -5.31999
-0.655843             -9.4348             6.73971
4.89273            -2.25715               3.614
7.42851             2.61879             1.28269
-5.17747            -1.05533            -4.07086
8.07276             6.93899             2.67983
8.56868             -6.1745            -8.72829
-6.39241             8.10266            -1.82836
-0.188604             3.16782             5.02548
-7.14194             2.50435             1.94159
-0.0759911            -2.26753             3.11106
-1.71972             7.29606             6.90085
-2.46071             7.53685             7.40715
6.40156            -6.89962             8.07459
6.20441            -2.86111             6.72018
-7.75292             9.53429             6.42232
-3.45286              1.1066             1.41392
7.16453            -5.45824             2.25898
6.86331            -2.86874             5.88153
-7.30522             5.99841             2.97464
2.03467             2.42012             0.96408
-4.03974           -0.265816            -5.49883
-2.25929            -7.01651             5.37828
4.14777             6.01581             1.65777
8.66451             7.83319             8.80062
-8.36451            -3.61614             7.00308
1.49968             -2.7842            -3.37107
6.99637            -8.84487            -3.48125
8.96084            -9.54649            -6.14795
-7.98181             2.42286            -9.69726
9.80621             7.50938            -3.83892
-0.940275            -3.13639            -5.72954
6.35884             6.38997             4.10871
1.80609             8.27754             8.80154
6.53157             3.08756             6.22578
7.25303              1.2595            -7.73644
-8.5345             3.29997            -8.98404
-2.60994            -2.83853             4.41328
1.1655             -6.7101             6.98263
7.51427           -0.675985             -5.5092
-7.2866            0.423292             8.70724
6.47084             3.24137            -4.02875
9.51506            -1.06998             2.69051
-2.98959            -9.55565            -3.63536
6.56148             7.78924             2.57973
-2.31422            -7.21305            -5.94653
7.2457              2.4839             9.45585
-5.20188             8.81558             7.91437
-8.31355             6.48518             1.49419
-9.99725             2.58248            -9.48546
2.97891            0.356456             -8.2577
-8.62789            -7.77245            -7.14652
-0.879543            -2.27332            0.834376
-0.356761           -0.875271             2.95633
-8.12372            -6.43269           -0.945463
1.46519            -5.59832             7.52403
9.56786            -2.58797            -3.23588
-5.67583            -9.67345             5.32731
5.63494             7.27317            -6.56484
-5.40178            -5.76098            -8.05261
-4.13251            -2.84524            -3.40098
-3.9906             3.43455            -2.51534
-4.8854             8.38679            -2.70302
0.325327             5.64257            0.447707
2.83914            -3.01126            -2.14972
5.68896             -7.4575             4.24604
4.8381             3.46507            -1.54424
4.91409             8.52046             1.94281
7.79321            0.358898            -1.89611
5.82598             4.67574            -2.41585
2.70852             7.14774            -5.31663
9.04172          -0.0991852             4.44136
1.22776             9.35453           -0.741295
-0.604266            -9.97436             -6.8981
0.298776             4.76302           -0.820948
8.93826            -6.78243            -8.45668
-7.43767            -4.61043             7.36198
1.44841            -1.71026             9.72411
-5.20035            -7.47948             7.73431
-1.04129             7.86584             5.27451
0.0412             7.84234             3.89172
5.11704             5.13108             -3.5844
-9.04263             6.30116            0.360729
5.47563            -8.84945              5.7741
9.26786             4.76699             -8.9761
3.28562            -7.37236            -5.58336
9.98321            -3.35215            -7.53868
5.09995             8.04559             9.34812
-8.94436             2.87942            -8.19117
0.0415052            -8.72677             2.18146
-1.62175            -3.88287            0.368969
-1.05808             -3.6784             1.35807
-7.88507             6.04694            -4.01288
0.724204            -9.86938             6.27186
5.52934             -7.4337             2.47047
0.770592             3.65856             2.56142
5.3563            -6.85537            -2.52571
-0.553606             9.72625              2.3188
-9.5764             1.59948             2.43873
-9.30509            -5.21897            -8.94864
5.3148            -2.64901             9.05545
6.47755              3.6787           -0.503861
-9.24894            -6.83004             3.20017
-0.0637837             6.60451            -5.42894
9.10092            -6.19861            -9.91546
-0.682699            -6.78243            -5.81042
4.14411            -5.69781            -7.94977
-5.72527            -7.99738            -1.80151
1.27781              6.9335             2.45491
-9.20194             1.69744             2.98746
6.82424             5.08103            -7.35405
5.37645            -3.87036             4.44807
-8.30287             3.68175            0.595721
-4.05499             6.01093             3.33323
-6.22364            -4.69405             -7.7163
8.77438            -3.95245            -2.18482
-4.71572             4.84909            -8.04285
-2.36488             8.64101             4.22712
2.7958           -0.399182            -4.78408
-3.6729             4.99466            -9.71587
-6.53829             6.97653             6.35853
0.883511           0.0125126            -7.35832
-7.58293             5.74572            -2.88644
-7.15659           -0.524003             7.11722
-6.56362            -7.61559          -0.0900296
-9.36247             5.68926            -6.57918
2.39967            -0.16419            -4.09528
-6.91275            0.776086             8.79666
1.23142             3.45683             6.13361
-1.2125            -8.14753            -1.32817
-3.32072            -7.26493             7.08975
-3.38298            -9.98627            -0.36195
-3.77209            -9.65117             9.52147
4.88479            -6.38752             6.55599
4.65194            -1.66356           -0.416578
8.73287            -3.23557             6.83859
-3.30454            -1.25614            -2.82754
-4.40901            -8.05811             5.08988
-5.5797             7.78741              9.8352
3.57311          -0.0335704           -0.669576
-4.58388             2.75399              1.3715
-2.53487            -3.79376            -3.38206
6.68477             9.08567             4.42549
7.3751            -6.82699             2.94168
-8.0755             6.56972            -1.40904
-4.90371             8.44295             6.57125
-8.50429             1.08982             1.16123
-3.51115             5.61937            -6.26911
5.05387             6.53127             3.50078
-8.69564            -8.87814             3.79742
9.33348             6.76138            -2.62032
-4.86679           -0.896939             2.77474
-7.40532              7.2103             8.24366
-4.185             3.07932            -9.71221
-4.45326            -7.55638             7.53319
0.950041             2.03803            -5.60991
-6.82546            -5.07767            -6.55263
2.64595            0.169378            -3.11228
3.97076             8.65719            -8.84518
-2.45003            -3.39885             7.44163
-3.09915              2.4131            -1.68096
9.0405            -6.09821            -8.64498
1.46062             -1.7954            -8.99106
-4.167            -9.26481             4.35499
6.15131             9.90722             5.16648
2.92947            -4.65529            -2.51259
-0.594501             4.11603             7.06107
2.26295            -5.85009            -8.59981
1.55217             8.89004            -3.89019
-6.04785             8.50612            -8.12281
1.94678            -6.50838             7.54967
6.76656            -7.53807              -8.623
4.16913            -9.13053            -0.43733
9.9707             9.93011             2.61391
7.16269             9.85168             5.37278
-5.26688             9.54527             9.82635
-9.64995             3.13425            -3.94604
-2.31941             5.95935           -0.199591
-2.6783             2.60506             6.84561
-8.73745             4.19843             -4.4792
-8.42402            -2.88705            -3.62896
-4.94125            -7.59331             -3.2664
0.178533             -8.1872             1.29948
-5.42741            -3.01584            -4.23566
1.91443            -9.97559            -2.16437
2.49306             7.78741             7.16117
5.98041            -5.57237            -3.03629
-3.755            -1.77252             3.67962
5.64104             5.02335            -1.13163
-4.87991             7.89758            -9.60997
6.52882             1.55156             -8.2989
-0.144047            0.743126            -8.34803
8.90622            -7.38395            -5.68926
1.97363            -7.26676           -0.701621
-2.19611             8.09015            -6.94876
-2.73812            -7.30979            -5.66149
-5.75091            -1.02176             0.67568
-4.05713            -5.64776             4.37757
-6.56667             3.21848            -3.54076
-6.93106             3.11686             2.20374
6.8685            -7.52556            -5.32701
-6.4272              3.1428            -7.35771
-3.39915             -8.8992            -7.47734
-3.65246             2.96854               5.786
-7.16086            -2.18299            -8.79147
1.59398            -7.34977            -6.45192
-8.45088            -4.30036            -6.93167
6.34419            -7.64763              5.7329
8.62911            -4.06629             3.63384
-7.52037             2.40516            0.183416
8.35353             7.91894             6.23157
7.56493             -7.8515             9.83093
3.28043             6.05304             9.51933
5.32762             9.60784             5.66851
3.72814            -6.98935             1.38493
-1.16245            -1.42644             -1.3715
-5.74694             5.72802             4.25153
-4.91592             4.31043             6.68477
-8.72463             7.61345             -3.4373
0.949431             1.09165            -4.73251
-0.293283             3.10373            -4.37239
-1.9303            -8.77316             3.87127
4.1731            -4.05072            -4.34919
-1.8186             4.83779            -2.92886
-1.91137            -6.09088            -2.49184
-4.51216             5.65477             2.99448
-6.54042            0.608539             5.08194
4.24116             6.18946            -5.57756
-6.18122            -9.66338             3.54717
3.27494            -1.84301             2.21625
-9.87091            -4.56404           -0.576495
-8.07642             6.51875           -0.704978
7.59026            -9.65026              7.1749
-2.93649             -7.2985             4.30586
2.90292             -3.5609            -1.31443
6.64052             6.59627             8.84579
-0.997345             7.09525            -8.38313
9.05362             8.60927             4.72762
8.55434             5.91601            -6.14978
-6.96219             9.56999             2.85714
-5.92853             4.11969            -3.71288
-8.2873            -1.93884            -1.54942
7.94855             7.27317             6.09455
7.16941             2.55287              -1.901
8.39076            -7.22739            -5.07431
-5.64409              -5.056            -8.10144
-6.19007            -2.04199            -3.75378
-6.94357            -9.01761             3.01767
-9.89624             -8.9874             8.44752
7.12546             3.13425            -4.32569
2.05786            -3.06162            -8.08893
-1.97424            -9.17386            -8.73653
-8.37733             4.03363             9.63164
1.22654             8.00867            -7.75994
8.81527             7.91955             9.20042
-8.35994           -0.524003            -4.16089
0.686972           -0.318918            -4.23505
7.71813             5.57634          -0.0808741
8.31935            -5.37431             2.82113
7.88202            -5.78417             1.96203
-1.36601            -1.56102             -4.0907
-7.15262             1.03122            0.157476
-5.6209            0.308237            -9.20072
0.100711           -0.348827            -8.72036
7.36808            -1.81433            -7.28294
9.5294             6.61489               9.541
6.23768           -0.657064             6.07135
2.20313             6.50472            -1.05136
3.43059            -8.11213             3.97626
5.55956             -1.5772             1.33518
3.29081             4.74502            0.388195
2.53822            -6.55873            -4.95621
-7.77642             2.10974            -5.23484
-8.96329             9.03043              8.3871
6.69576            -2.47169             8.52138
-8.78872            -2.08869            -6.83065
-2.83395             6.67196            -7.01163
3.24076            -9.38536             1.72399
1.58544             8.78292            -9.59471
6.70278              1.4893             9.57213
0.66805            -8.33491             6.50777
1.35502             5.05722             5.18906
8.16614             2.86203             1.65593
0.332957             -3.0076             2.22205
-7.80084             1.58971              3.0781
-1.76031             6.12903            -7.20084
-0.179144            -1.48564            -5.36973
9.71618              5.4561            -6.58223
-9.1174             5.91601            0.876797
9.21567            -1.65807             5.58245
-4.17096             9.97284             4.91073
-6.92953             3.78613             9.23704
-5.54094            -1.50792            -5.42863
-3.82214             6.31581            -6.39241
6.7452              9.1702             0.75808
6.46901             1.71514            -2.42866
-5.16404            -4.63118             -1.3123
-6.72048             7.04703             2.69906
1.99347            -1.91382            -4.06903
0.87466            -8.58974             2.21534
2.52419            -8.54213            -3.14676
-5.88488             -9.4348            -4.23139
-6.29139             7.39616             7.32078
-7.55272             2.67495             7.35008
-5.71306             0.91525             7.06442
0.45381             8.46217             3.84777
2.63924             6.88162            0.912198
7.72301             8.05872              7.3217
6.00269            -3.70983             4.85916
7.03207            -3.35398             1.75909
1.7481            -9.21079           -0.408643
3.43608             7.35527             2.99509
9.68169             6.41469             8.00012
-6.40187            -1.18992             3.44188
-2.04627             9.52239             4.11756
-3.59172            -7.39616            -8.28333
-6.78365             8.61141             3.69427
4.08612            -8.97183             2.18177
5.80187             9.63988             5.68682
4.89883           0.0994903             6.29383
6.39882             2.79061           -0.188604
-3.19193            -8.83877             2.18116
3.54595            -3.55144            -1.40629
-8.71609            -5.70177            -8.38557
3.25449             3.35887              3.4962
2.97861            -6.11225            -3.17392
-3.98236             6.42964             6.90725
9.70763            0.536821            -9.57244
-5.25315             2.77535            -2.73751
-1.58696            -4.86129             2.47932
-1.57537            0.619831             2.94198
-7.25242             6.55995            -8.71242
-6.65517           -0.755638             6.28285
6.36525            0.675069            -5.43504
8.99869            -7.04062             4.93271
-5.54735              4.7908            -6.92038
6.59169             7.47734             5.87909
-0.227973             5.32945           -0.146184
6.63656            -5.43199              5.9798
-3.33506            -9.87426             2.63924
7.60125            -6.72781           -0.958281
7.49351             3.03476            -7.49138
6.32374             1.88757             8.01019
-9.20194             7.94061              6.8096
-3.86792             9.93316            -0.30488
-7.62413             2.95602            -2.31483
1.50853            -7.11173           -0.763573
-3.3787            -4.95346             6.57521
3.85907             7.00064             3.27464
0.320139               7.687             6.75314
1.03214             3.83343            -3.29356
-1.98187               7.734            0.959197
-7.04093             4.91531             7.75384
-0.39613            -2.36976             1.62328
8.70785            -6.82119            -7.67663
-4.63515             4.84817            -6.95425
-9.36766           0.0308237            -7.04093
-5.8797            -4.14838            -6.81845
-5.8858            -3.93048             9.61821
1.40538             9.54619             9.45463
-7.22282             -4.9855            -2.84524
-7.77001            -6.63808            -6.64296
-9.19919             1.62603            -5.63707
-9.99634             -1.9364              3.4788
-4.51155            -6.18641            -6.58467
-4.89792             -9.1055             1.02725
-0.66744             3.41258             1.52287
-9.12778            -2.59102            -2.11249
-2.5779             2.79885            -6.16871
2.31574             5.04013            -8.55922
2.35664              4.6144              1.7481
-9.05026             4.75936            -8.61141
-7.64702            -3.17423           -0.463271
-6.66372              9.8114             2.26722
2.77078            -1.93854             4.52559
-5.1204             7.38395            -6.10157
-5.47075             9.65972             8.61538
6.94327             2.09113             4.09986
-7.17551            -1.26286             2.19733
5.38469            -6.10736             3.31614
-7.87225            -7.72149             6.42628
-4.14197            -8.73653             9.02768
9.03226             2.08258             1.64464
8.10175             -4.4499             9.80529
0.865505            0.325022             6.96829
8.14112             7.81518             4.71664
4.73159            -2.05481            -4.40291
0.143132            -2.35603              9.0524
-9.05301             3.50444            -7.62291
5.3444             9.46471            -7.70409
-8.81954           0.0778222            -1.17283
2.21503            -4.28632             2.94259
5.97278              4.0611            0.734581
5.47166             9.26878            -2.01331
1.89306            -1.34587            0.413221
1.82806             4.05255             6.01459
-5.09537            -5.32945           0.0653096
0.943937              3.8432             1.15268
8.36665             2.80831             5.70177
-9.96155             8.57387             2.93405
-1.14933            -1.94586            0.234993
-7.31132            -3.31431             9.42595
6.28162            -2.48299             1.55553
-2.35603             7.75048              7.6281
6.46901             9.56053             1.34037
-8.14386           -0.380566            -3.49742
-6.36036             1.05014             2.39387
1.37486            -2.63588             7.51823
2.04627           -0.425123            -5.93646
-2.8431            0.643635            0.151982
-2.48238            -9.17081             4.33424
-9.36369            -9.09726             1.28727
-7.98059           -0.800806            0.567949
-0.793176            -3.89538             1.18076
-0.77517             8.96481            -4.50728
9.45647             9.15189              3.6195
-3.00668            -1.11667              9.0405
0.300302            -1.05136             1.33213
9.50621            -3.08756             7.57897
4.75967            -7.16819             5.35051
-7.79717             4.82192             9.61455
5.7561            -6.41438             0.27131
-6.96066              -9.841             4.16761
1.85064             3.11563            -2.46559
-1.71545            -6.86544             3.31706
1.45665             9.95849             4.47676
-9.4995             7.75567           -0.842616
-9.53276           0.0540178             2.38166
7.72057            -7.74285            -5.55132
-5.5266             9.32035           0.0177007
6.97562            -8.08679             6.39302
-8.77804             8.04895           -0.954009
-5.0969             4.04706             -8.1933
-2.36915             6.18488              2.1482
-7.70592            -8.65505             4.05164
4.80331             1.69713            -8.64193
-4.70962             1.46031             4.36811
-7.09769             6.75222            -2.65328
0.175787            -7.47215            -4.36659
7.21091             3.45958             9.27061
6.4629              1.1243            -3.08634
0.370495           -0.974456            0.889004
-3.67626            -9.59227            -8.40236
-9.13083            -9.97559             9.83154
-3.65398             5.32853             5.93249
7.07816            0.251473            -9.45006
5.04868            -5.61998            -5.96088
1.30772            -3.55541             4.75356
-3.91156             3.45012            -2.99142
7.31193             8.26777            0.402539
3.7315             5.31816              8.5107
2.0658            -6.03992            -3.08359
1.39805            -4.08826           -0.200812
3.05857             4.66292            -3.02438
2.29926             -4.7499            -1.50914
9.08933             7.20298             2.01514
9.9765            -4.32356             5.31693
9.05362             6.22394             8.98251
-4.67147            0.393689              5.8095
-3.95703            -4.90005            -5.20463
-2.01361             2.04749             4.68032
1.2302            -5.28031             -5.8916
-9.1879            -8.66939            -2.83181
-5.36973             9.13877              9.3057
2.52358             2.29316             7.97082
1.20853             9.99695            -5.19089
8.73623              4.3086            -3.19864
-2.00446            -7.26096            -7.16788
-3.32377            -3.50993             3.13791
-0.251167             6.24744             5.26994
5.11338            -6.01611             3.50749
0.936308              2.4308             1.13102
-6.90176             4.71358             8.69533
-1.13407            -5.75701             5.79089
-9.81811            -2.84707            0.941801
2.56478             2.60659            -4.85488
-4.67605            -9.45616            -5.56383
1.36296            0.204474            -4.13587
-8.45119             9.75066           -0.397351
-7.97937            -2.19001             7.12119
9.33897             7.54753             5.65508
-6.1745             5.96484             9.92401
-0.921354             5.70605            -3.81664
-9.70611            -3.53893             6.04724
-5.96698           -0.470901             9.38017
4.75997             9.18851            -8.52901
-4.6379             2.89773             6.41865
-1.76977            0.530107            -7.14591
-1.59185            -1.42338            -9.27091
8.1518            -5.89496               9.541
-2.87545            0.361339             9.51048
-0.0109867             1.36113            -3.67046
-7.91345             5.92639            -1.90283
2.20374            -6.77938            -1.10538
-5.50859           -0.539567             -4.5674
-8.59249             2.77841             2.68319
6.84469             -3.9378             5.30686
4.10993             1.40812             -6.0802
4.29212            -2.18665             8.27174
-3.63506            -2.91574            -5.28397
-3.57799             9.40825            -4.05347
5.89282              1.5006           -0.944243
-9.88159             8.05719            -3.19315
9.92248            -4.93759             4.43556
6.85659            -8.21162            -9.20621
-3.30546            -7.97723             3.39946
2.77932            0.818201             3.80657
-1.6068            -8.66848            -8.82534
-1.14139           -0.397351            -5.31877
3.57768            -1.46641            -9.60143
-5.39445            -5.62243            -2.52174
2.85714            -2.39692               6.198
0.360729            -7.69341            -1.67669
-0.450148           -0.957366            -6.95395
7.40165            -2.77474            -5.42833
-9.38627             2.04596            -4.60067
7.92688             2.19977            -9.96155
-9.92981           -0.281075            -3.41319
1.59062            -8.94101            -2.42775
-6.79434            -9.89196             4.97391
-2.71249             7.21519            -5.52751
-5.20432             7.11356             9.22636
2.39021            0.322275             1.45451
-6.66707           0.0207526             3.52824
-5.67156            -6.12506             4.48256
4.15754             4.18561            -2.05329
4.2555             6.24439            -1.46001
6.3628             2.71554            -7.34397
-6.78854             0.29664             3.75378
-7.9165            -7.38884             1.40599
-2.10547             6.59261             3.85784
3.43242             4.94827             1.62999
7.05252            -1.91595            -6.33137
3.87371           -0.458693             3.33628
-1.0007            -1.53172            -7.11295
0.60152             9.18088            -2.08197
-5.13382            -2.70028            -8.87417
-1.61779           -0.932646            -1.32054
-7.2457             6.95029             -4.1612
-2.2602             7.65038            0.773644
3.45805            -4.43007             -3.8667
5.21348              7.0629            -4.27107
8.10266             4.06232            -7.35099
8.39045             4.32966             -9.0228
3.36131            -2.23487            -3.51512
