-2.78523            -2.85542             -4.0368
4.39578             2.36385             4.04941
-9.03578             8.51577             8.06627
-6.52904             1.53127              -5.151
-4.01098             6.47424             2.36099
-8.65465            -1.56067             1.54061
-8.33015             4.29733            -2.83391
6.57073            -6.31946             2.19981
-0.172059             1.43882            -1.01012
0.415449             -8.1293            -1.33392
5.27779            -9.99326            -9.54371
4.79895            -7.32684            -9.81837
2.25078            -9.83517            -3.62647
4.06084             8.00693            -3.38446
-1.71243          -0.0236095             0.18071
-4.50858              1.9076            -9.22052
-1.77585             6.56366            -2.03951
9.48463           -0.349692             8.69721
-4.2013           -0.929267            -1.38977
-1.97232            -7.62871            -3.56422
6.70727           -0.434253              6.7547
-9.38849            -9.41395              2.4284
-8.50123              6.7631            -2.04195
-2.48703             7.86848             9.89109
-9.37819            -9.09572             5.89377
1.19459            -2.55234             8.64502
-9.02903            -9.42789             5.97709
-0.896847            -4.01209            -1.31287
3.66492            -6.25682            -7.28685
9.53482             6.51457           -0.180317
-3.03845            -4.88807            -7.10893
-5.02201             8.89711             5.39824
3.59821            -4.63231             3.39193
0.233183            -9.23123            -2.02955
-4.19629             1.20397             9.08467
5.44066             1.23632            -9.68299
0.570934             -3.0451            -3.73543
-1.73933            -9.27453             1.71003
5.23371             9.31609            -6.67894
0.0524391             5.66734            0.245409
-1.35925            -1.12426            -4.55698
4.93537            0.185288            -5.04101
-4.37499            -2.51838            -1.11419
6.86312            -8.14564             -4.2933
-4.12314          -0.0453926            0.354665
7.26014             1.84763           -0.763838
-5.21387            -5.56779            -6.49643
3.43424            -1.35318            -2.68162
-4.59138             2.73664              7.0077
2.08939            -6.10275             -2.4506
4.74467             9.35332             9.54867
-6.42799             9.81419            -3.31885
9.60149            -1.99797            -1.16699
-9.30535            -8.79021            -1.13464
-9.21872             2.07069            -9.83485
-9.6831              9.4049             1.38222
0.197388             -9.9691             5.61117
-7.99349             5.39815             7.10139
-2.51956            -2.84279            -2.66087
4.2718            0.946735             7.29335
1.4599             -7.3793            -5.23479
7.21114            -2.52079            -4.27651
-6.75147            -8.71271             1.83422
-8.96193            -2.56877             8.37838
1.26595              6.0235            -3.38106
-5.75546            -2.29742             5.65045
9.71715            0.955546             4.47973
-4.52381           -0.526433            -5.16486
-5.16037             2.89472              -3.183
-6.87407             2.03196            -3.17358
8.97751              1.6474              5.0887
0.328937            -3.16506             -8.2366
-9.52688             9.41958            -3.62312
-8.85381             6.17424           -0.563331
-7.18601            -6.42047             0.99708
-6.66892            -7.71476             -6.6002
0.252666            -4.22067            -4.97539
-7.42798             2.85047            -2.45731
8.37162            -4.34979            -6.47751
1.22801             4.60709               3.488
-9.06426             2.86268             3.33877
0.936226            -2.13564            -8.35349
9.87628           -0.907914             7.62906
-3.16696             8.99656            0.540828
4.72172            -2.99688             8.93555
-4.17549             -8.2482             4.77191
-9.61637              4.9196            -5.25708
-3.22813             4.17708             6.30913
1.27801             8.36242            -7.86824
-1.87972             2.85932            -4.07601
3.36567             5.46099             7.92905
-3.32138             6.58194         -0.00545294
-0.563823           0.0677914             2.02068
-7.76765             -1.7035              3.3931
1.75045             9.63656            -2.39283
-4.01884             7.04977             6.45083
-1.09851             8.59743             6.79139
0.0911396               1.677              2.0692
1.63079            -7.17245             -3.5462
3.39361             8.05263             3.14712
-0.625718              -4.976            -1.34613
9.63125            0.611937             1.09535
1.57006            -2.76436             1.14571
5.65075            -1.56406            -5.41822
4.43793             4.53387            -1.07726
-1.06444            -6.91332            -2.94713
-6.07195            -2.11645            -5.43866
2.97171             7.26189            0.554867
-6.69406             1.70358            -6.95848
-3.65297            -1.24756            -5.26868
8.27288            -2.60749            -8.91075
9.02885             5.74878             6.89997
6.91067             9.29293            -1.48011
-2.18385             7.46945              6.8426
5.78419             4.52743            -6.33286
7.5879            -6.48151            -8.81218
8.82367            0.664428            -5.85738
-4.10408             4.97303            -9.28461
9.35947            -3.81328           -0.298431
-4.65352            -5.09383            -3.44794
-3.78948             8.26689            -8.18991
-3.77949             9.65976             2.89625
-9.08552            -2.22998             -4.4346
7.58367             9.80134            -0.29721
-5.93273            -6.94658             7.27139
-9.82443              5.7012           -0.115617
-7.7798             5.92824            -1.47581
-9.61411             1.57535            -9.40871
-1.21732             5.48698             1.72833
6.43136             5.29772            -5.00388
6.28334            -8.31872            -8.39084
-3.23044            -7.77641             9.24306
-7.63063             4.80426             9.18001
4.64789             8.60626            -2.20122
-0.334037             8.20156            -5.74721
-0.828762             3.92835           0.0992255
8.66854             6.24138              5.1009
4.5249            -1.03332             3.80204
-3.70643              9.0869              3.4999
-6.09351            -3.32742             4.03611
-7.30927             8.39995             6.08665
4.08683          -0.0832751            -7.56458
-7.31877           -0.641182            0.394645
4.53944             -9.1705             7.24147
2.65989             5.94077            -7.19165
6.05479              -8.937             4.91718
8.97066             8.20735             9.17299
-6.65082             8.88792             -5.7762
-6.47498             8.79761            -8.04403
8.25823            -8.96233             2.18028
-3.42648              1.3178             4.76184
2.05249             5.37463            0.638488
1.71158             5.23641            -7.41352
8.6803            -8.33548            -3.45282
7.50673            -7.16177             7.64432
-8.16009            -4.80147            -3.07806
-0.338863             7.20241           -0.925579
-1.06426            -8.96447             8.59254
-9.89474            -9.91971             9.58867
1.73101             5.69412             6.10567
2.55766             1.38712             1.60642
-2.02915             8.89921            -4.73437
-0.332073            -1.92082             -3.9327
6.77536             8.97306            -3.12775
4.64803             4.45635            -7.95034
-5.62251             2.41772             4.77958
-7.90211            -7.55576             -7.6009
7.23789            -3.63413             9.64999
-7.6073            -5.87721            -9.18756
6.25333             4.97761              1.2983
-3.07574            -5.87328             7.05287
7.91496             7.76514            -8.98461
-3.77685              6.7779             2.45495
-5.94491            -5.21496             9.27462
-3.22009             -2.8138            -5.34161
-2.02583             9.57672            -7.89876
-3.65407             8.28246             1.54428
-6.83392             1.18477             6.13945
-6.2494            -9.00509             2.47448
-8.87924             -8.1466              3.1404
0.0553432             7.75418            -1.91835
4.86823             3.02565            -2.52872
2.1074             -4.0617             6.26122
-0.081232             -8.5528            -4.78221
-1.84087             6.38787            -1.68916
5.63211            -9.23639             2.19768
6.77255            -3.32956            -5.83632
7.71381            -1.09194            -7.32013
-4.3653             6.58502            -3.23491
8.23381             8.75672            -4.53317
-8.46404            -8.00437            -5.05045
-2.91818            -9.26727            -4.46046
8.8675             2.55476              5.1545
-8.20061             -6.0335            -8.10452
0.746841             4.56924             7.90391
-8.33313             6.22975            -8.53868
7.96536            -2.57298             9.23799
5.31607             1.26351             8.68168
2.2218            -4.48682             -3.2276
2.81528            -4.37054           -0.502599
9.45287            -6.33896             2.14274
7.33243             3.00062           -0.170558
7.47709          -0.0811677             0.78223
-1.88213             7.73951            -1.40351
-5.5865             5.86814             6.47149
-5.50318            -5.31171            -1.88936
-9.00247             7.55029            -5.97518
-2.31453             -1.9843             -1.3205
-0.0453464             3.35616             0.92231
2.867             6.67169           -0.633829
-4.74632             3.04118            -5.37671
4.35712             1.50122             6.67322
-9.75991             4.45635             -4.2167
1.22602             2.78577           -0.962513
1.00581             2.73569            0.224046
-9.95763            -8.47315            -1.84389
-3.78286            0.400138            -2.47898
7.74826           -0.523352             2.14641
5.33757            -2.86995            0.102888
0.470543            -3.49466            -6.05788
-6.40852            -7.40619             4.76368
7.14064             5.15309            -5.21159
9.16827           -0.639034             3.99011
-2.28174            -2.46744              1.4519
6.70709             6.81027             6.41221
-0.324196             8.06522             8.51979
-4.81094            -1.91482            0.848952
-3.7697            -9.44668             3.27578
-1.68189             4.35718            -4.93389
-5.55243            -7.17266             5.32063
-6.55321             6.71673             6.96162
-2.06049            -0.13914             8.15459
-5.22078             2.08782            -8.08584
2.90455             7.17073             -1.7151
0.522072             8.37882            -2.18631
3.00175            -5.72891            -1.35895
0.0396054             1.26382            -8.85613
8.10121            -1.85542             8.46497
-3.00285            -7.33857             2.33227
2.79592              1.7237             9.01857
-4.8008             9.76383            -7.02318
-6.56626            -5.66809             -5.0874
-1.90062             5.49964            -9.82937
4.73402             1.50825             6.20659
-3.59118             2.38813            -1.98702
3.68736             6.67816            -9.67646
-1.03772             2.09286             -9.8904
-9.46245            -9.29348            -6.85014
-9.95778             7.51585             6.55816
-2.20437            -8.17215              2.8764
1.96852            -6.98176              4.3471
-2.21997             -2.1439             6.38848
-2.6763            -8.54055             6.38788
2.65505               1.042            -9.46282
3.00214             2.34349            0.351596
5.49451             5.78081             3.12371
5.44828             3.53537            -4.73377
-7.8408            -4.17186             5.94888
-0.118608             8.67247             6.12529
-0.514502            -3.83617            -9.20324
-7.70796              1.5724            -7.24379
-7.21789            -4.98528             7.67331
-9.46673            -6.03087            -0.94817
6.03538             5.25383            -7.16265
-8.73522             9.14556            -6.44791
-2.17776            -7.36864            -3.79066
6.13429            -6.49506              1.5751
7.8436            -9.52478             2.97987
-2.25221             5.12052            0.641539
8.14085            -9.14038             -3.6161
-8.87193            -8.72888            -2.26199
7.42367            -4.43643             1.56533
3.69894            -7.66876            -6.85564
4.40142              6.2573            -2.74998
-5.46393            0.625082            0.595762
-3.22027             6.03619            -5.63398
-7.36803             1.59519             2.59045
7.66965             5.94994             -2.4271
8.42993           -0.949715             6.31218
-2.93828             5.48386            -3.89015
5.59689              9.5379            -6.01394
0.236864             5.96703            0.528011
-5.74561            -5.92558             5.28585
0.31255             -2.4863             9.47177
7.19053            -5.42593            -9.29619
-8.71086             2.12479            -7.68451
-6.27208             1.69796            -5.89024
-4.79012           0.0056782            -4.58071
-7.27647            -3.67529             4.78226
4.25368             1.34313              6.9226
-4.57858             8.61874             9.90165
-7.55967             9.92314             2.24499
5.76895             2.54895            -8.68431
-0.260893            -2.35568            0.277148
4.84793            -8.27539             -5.1463
-2.3642             4.34066             1.14754
6.63541             5.09938            -1.97207
8.42071              1.2864           -0.818771
-8.54904              9.2224            -2.07064
4.54             2.22821             4.45635
5.1516            -6.15798            -3.17358
-9.08624            -4.27377              3.5234
-5.57166            -2.33404            -1.42578
6.7117            -6.07649            -8.59855
5.33136            -8.79535             2.74121
-6.90843             4.33611             3.43307
3.50054            -1.72703             5.25228
4.58822            -8.26623             2.91212
4.72156             8.68774             3.70041
-7.65217            -4.66136             4.53509
4.72376             -2.1845             -8.3541
1.29192            -1.82683            -6.11587
-8.74504             9.83432             8.24645
7.14717            -5.50855            -7.80385
6.06047             9.02556            -2.44724
3.66168             5.28097           -0.529456
-1.78407           -0.059431            -4.99064
8.30352             6.91431            -1.83717
0.59581            -1.34767            0.172568
8.9655            -6.25357            -9.98978
7.18961            -9.73748            -6.53964
7.12914            -4.38153             4.53374
-6.41095            -4.59302             1.15962
5.45922             3.54443             2.38952
3.40076            -2.17471              2.0848
3.69339            -9.75093            -9.23486
1.89252            -3.36038            -7.32684
-5.23447             2.33926            -2.79271
-8.37115            -9.09539            -4.71537
-8.96416            -4.42972            -3.78334
2.31463           -0.416261             9.60879
2.7861            -2.25653             -8.0422
-9.47626             9.65549            -8.10934
-3.46473            -7.17486            -5.92787
-7.37717             2.82969            -3.29779
-7.7382             2.91209            -8.81584
1.1021            -6.43448            -2.31479
8.68439             3.61252              3.5115
-4.38636            -1.17465             4.18657
-5.17312            -6.69209           0.0604671
-7.09429             6.83558            -3.30206
-7.17761             9.68509            -2.88243
-6.77164             2.73813            -2.69352
-1.99096             3.41839            -5.74202
-0.259062             3.33327             5.96732
-2.2977             6.20842            -3.96859
2.61734             4.66782              8.1732
-2.74354             6.59964             8.84736
-6.10332             1.00563             5.28525
-3.49036             6.73548            -5.44445
2.90479             7.99893           -0.580934
-3.37831             5.94682            -2.58051
-2.99682            -5.79113            -5.29252
8.09535             5.90138             8.43858
4.14815            -8.49726            -1.69477
-6.32947             5.85071             3.68686
5.95302             -1.9034            0.587256
-5.58851           -0.448887            -2.20828
5.11039            -5.25833             3.07295
5.39574             4.50058            -3.84377
6.20628             1.84519          -0.0457374
-5.20306            -0.11654            0.230455
-2.29214            -2.99416             2.93592
-3.83855             3.33691           0.0528374
-3.77933             7.45632             7.41909
2.86542           -0.575844            0.134017
-3.87548             8.95323             9.16505
-4.14312             1.52197             9.97868
-5.22717            -5.43592            -8.52317
8.38836             5.60782             5.92216
6.81089           -0.401612            0.599119
2.87369             5.11949            -3.16015
3.7413            -5.77345             9.69455
8.85163            0.705323             5.91422
-6.73964             3.61401            -3.82057
-9.06698            -5.66575            -4.04488
3.8091             6.52703            -7.20233
-9.11401             5.29042             4.85035
5.43393            0.301229            -7.61707
9.59753            -7.82707             7.77158
7.60682            -3.38812             2.30603
-5.39258             5.72714             3.59116
-5.44259             2.41984             2.30642
9.95126           -0.821576             4.64597
5.32161             7.46947             -1.6457
2.84312            -6.33014             4.85483
-6.63496             1.29552             6.11325
3.84998             3.30425            -4.25039
-6.58704             9.75009              7.6471
-3.08263            0.541439             8.42498
4.32306            -2.00322            -5.78108
0.159376             6.38906             5.10884
5.21596            -5.62116             8.64502
-2.59342             9.47787             4.26927
-3.65509            -8.93611            -3.61305
0.517968             4.51034           -0.867601
4.42557            -7.96682             3.38576
-7.94057           0.0210982             7.00862
-9.96693             3.50476            -8.12612
-6.12927            -8.79909            -8.91106
4.73529             2.21416            -9.62519
-8.74321             9.65518             0.16423
9.77545             9.90357            -0.50321
7.14995             2.66763            -2.35568
-1.73062             1.79758            -1.48804
4.34069            0.220689            -3.63746
2.10558            -9.87791            -4.03695
3.11235             4.28939            -1.36414
5.87607             7.46945            -5.28851
5.08351            -7.79103             2.83918
-4.83925             2.43722            -8.74565
-7.82305            -5.65965             4.71179
-1.5646             8.89374             8.49244
4.19359           -0.839829            -2.92546
5.76565            -9.44301            -8.35645
7.16706              2.9264            -7.54221
-7.59874             1.96637             -1.5146
-1.12582              3.9073            -6.56408
3.02999             3.01524            -1.83512
-3.26236             7.67969            -6.25468
6.27709           -0.291411            -7.03047
-2.3743            -8.93242            -8.67236
4.66517            -5.69291             6.65948
-3.4003             3.88075             6.45806
-3.28859              4.2592            -6.50559
-0.654582             1.45516            -6.57121
-1.88899            -9.28463            -6.01241
7.20671           -0.129387             4.92695
-5.59152             6.15501            -8.60435
-8.40384             3.86735             8.98042
5.86363            -3.34756             7.09285
-0.461676             1.94709            -1.49903
9.46814             4.74445            -9.19275
6.53314            -2.90013             2.30053
2.59327             9.23857             2.72504
-9.02456            -3.76719             1.85312
-5.94283               7.767             7.60647
4.37548              3.5411            -7.62196
5.66034           -0.658273            -3.45771
-1.28323             5.32152            -7.10192
5.75496             5.77719            -8.87566
-1.7566             -6.5593            -6.88768
1.47625             6.64908            -2.33707
2.58499              2.1064             1.14052
1.06151             5.77231             6.59541
-9.13842             1.83695             1.65782
6.74223             7.96201             9.54631
-0.0725442            -4.62236            -1.68449
-6.07526            -8.03974             -6.1273
-6.75984             -4.6855              2.9081
-2.80275             2.74546             9.09125
1.37096            -6.06463             5.93716
-3.80959             4.66907            -2.81739
-8.72551            -7.33752             5.30202
-6.58277            -2.48694             4.72919
-5.55583            -3.16445              6.8252
-1.12487            -3.15679             4.93488
2.96827               2.805             4.37029
-2.79237            -4.14379             7.31929
9.8487             9.85993            -0.73393
9.26794             3.55148             5.98289
-3.03197             3.28414          -0.0408544
-7.09026             9.40704           -0.789168
0.468223             8.48355            -2.69139
-2.07884            -2.56565            -6.11007
2.60541           -0.302398            -4.95494
4.89162              7.0269             8.90259
1.08348            -8.16247             9.92161
9.07079             3.10286            -7.28534
8.74848            -8.78868            -1.00005
5.50622            -9.14639         -0.00972555
-7.29813             5.10759            -9.72224
5.55231            -2.62974            -1.92629
4.74658             2.25719            -2.51072
-6.29865            -7.57316            -1.98336
-0.608775             4.48989            -2.59251
-6.99263             8.83545             -9.6792
8.53576             1.29403             -9.5611
-6.5538           -0.933224            -4.50837
0.277198            -8.58212            -6.55464
9.81237             6.00916             2.02216
7.62324            -2.52929            -9.79458
-5.73649            -8.63827            0.927071
6.54232             0.85851            -3.59943
5.78395           -0.584076             9.40035
-6.45888            0.285763             2.22763
5.83614             2.60719             -6.8239
3.62506           -0.742191            -4.20511
-2.23815             9.27523            0.550899
-7.17821             8.09453             1.46217
2.4757             2.68225            -7.53101
-5.95165            -8.67975            0.855169
5.25624            -8.25002            -8.74107
-9.66546             2.25328             5.74546
4.48477             6.67041            -1.75234
6.03877             6.23801            -6.49949
-8.03453             6.77913             4.57446
-1.86981             -4.6323            -7.31463
6.60948            0.951854             3.48587
7.47466            0.908555            -8.89275
1.61939             3.78923           0.0729797
6.31403             6.89852              8.4674
-5.05928             2.59499             9.43362
-1.43705            0.305204             6.75196
-0.187609            0.768809            -3.71559
-3.72809             3.35867             1.78659
0.574094            -8.90838            -4.08792
-0.183652             5.44392            -8.66508
8.06704            -9.45794            -1.11998
9.75561            -4.59934             7.97058
8.69381            -5.37644             -9.6847
5.9518             7.79166           -0.694158
-0.681096            -7.75772             1.05622
-5.6569             9.11577            -9.69061
1.92609            -7.90759             3.19917
-8.70567            -9.77517             3.60293
-6.61147             2.30244             1.48324
-8.96141            -5.11956             4.92516
-3.49583           -0.338124             -7.5893
-1.16973             3.42786             5.65665
2.95425             1.13581            -5.28516
-4.99065            -9.70484             8.20677
7.36327             3.12926             9.45773
4.58575             6.87951             1.91874
1.17136            -4.90653           -0.411959
-5.2052            -7.56989            -3.20959
4.19697             4.18812            0.330861
3.62594             3.35235            -5.99685
5.61333          -0.0480732            -4.09432
-3.29871              6.4732             5.12929
7.99775             7.75953             3.73886
-3.90785            -2.37569            -5.16064
-1.90674             2.37185            -5.83022
-4.99035            -1.61848            -6.27975
-3.04751             2.32034            -5.28027
-0.543799            -7.88563            -4.78007
7.39348            -4.49941             -8.8308
2.43908             6.15049            -3.35486
5.8819            -3.41587            -7.86733
-1.16027            -2.91548            -3.01732
0.80483              5.5762            -4.60733
9.23128             9.95323             9.78459
-1.96811            -2.37217             9.33056
-1.83014            -5.54996             1.70787
-3.36766            -6.72832           -0.394171
-6.86452             3.93507             1.62628
1.7793             6.83036             4.57678
9.35277             5.83702            -4.37413
8.51654           -0.652751             4.08346
8.68164            -1.99099           -0.432712
-5.94738             4.02784            -9.48389
-8.31531             8.34774            -7.29968
-2.41062            -8.82622             6.38116
2.1754            -7.82796             1.52444
4.18965            -2.77809            -8.72154
6.38332          -0.0619411            -4.61558
-2.44083             4.73747            -4.84111
-5.61567             8.83973            -1.11297
-7.68876             5.07341             4.68646
-6.24493             -8.2818            -3.31976
5.9072             6.59849             9.49221
-9.92672             4.22106           -0.710431
9.62103            -3.25753             9.73697
-7.65702             8.24341            -9.18176
6.06376            -7.96132            -4.73063
1.75699             9.50869            -2.25802
3.51122            -3.70127            -8.91564
-8.02447              5.1296            -9.45917
7.71359            -9.68588             -7.1715
-8.68034            -4.73185             2.41833
4.11427             2.91911             5.35024
4.95231           -0.162918             3.37173
-9.54066            -1.69099            -4.14253
-2.45792             8.36944             9.46323
-0.496191             7.06537             5.51422
-9.20918            -5.46675             6.26436
5.36948             7.93029             2.51033
-1.31137            -4.28906             1.19637
-6.01635            0.745884              6.5423
-1.53715            -7.38364             8.40027
1.53543            -3.02373             2.53033
7.13038            -3.86757            -7.35248
4.887              6.0851             2.77906
1.74756            -2.94045            -4.31802
-2.55863             3.99247             6.39489
-8.56345           -0.469639            -4.89971
0.00373146            -7.98302            -3.75831
-3.53855            -9.14333             3.69888
2.30419            -5.52564            -6.18576
-5.92391             8.48327             9.69791
-1.73552             6.50106           -0.793136
3.47338             9.79279              -9.667
2.81934            -2.21896           -0.901782
-8.85033             4.08494             2.93317
2.35518             2.31637            -4.36807
7.55706            -9.50589             5.47506
8.03251             6.22734             7.26009
-2.6566            -9.94106             5.78452
-5.80364            -6.17816             9.51632
3.84662             9.63409            -5.50306
-4.5048             3.75931             3.95066
-4.31375             1.01387            0.742251
-7.47544            -8.30469             1.37765
4.53542            -5.75944             1.51315
6.41991             8.86384             4.03917
3.99491            -3.67286             3.02932
-3.70857            -8.66204             8.11593
5.94722              1.4664          -0.0929347
6.99643             7.93274            -5.20005
-3.12691            -5.29281            0.555652
5.6701             4.05653             3.38961
9.87708             8.06422            -2.23129
3.5176            -3.36829             2.46628
-4.88201            -6.52756              -5.847
-7.32346             2.98259            -5.55769
4.71732            -4.95803            0.957101
8.1613            -9.84615            -3.19494
8.04899             3.44833              8.3792
2.16658             4.16152             5.81504
9.80963            0.350669            -7.98482
1.81376            -1.61347            -8.91594
0.219163            -1.73158            0.767276
-8.42457             9.70917            -2.43808
-1.45109            -6.96492             -5.2998
-3.06615             4.26103              3.7703
1.22963            0.085187            -7.23437
-7.38938            -8.86989             3.33327
4.00562             2.46957             2.62219
-9.56873            -9.40424             -4.2164
-2.79423             5.10121             7.80393
4.59036             3.25451            -4.07204
-4.54108            -9.30569             6.68909
-3.93715             5.71097             9.69272
5.2654            -4.72117            -6.65422
8.4833             9.52148             3.60367
-4.44861            -3.58835            -3.28833
-1.40076             4.71851            -8.92386
-7.46174            -2.50248            -8.06905
6.34942           -0.431194            -4.82881
6.46605             7.78434            -7.98625
-1.37053            -4.86765             1.56212
-0.501102            -9.87334             8.42346
-2.08557           -0.226131             2.22607
0.549708             6.84104             6.48035
0.124556             2.20165             9.84623
1.57235             8.56262            -7.64271
-5.57932             5.25469             3.71658
7.0355             2.46408           -0.524573
6.79407            -1.15936             9.96342
8.58856           -0.393343             8.57116
-8.35132             5.79365            -8.95226
0.515222             5.22539            0.351614
9.83432             3.90702            -7.81483
-1.65315             -6.6298            -7.68879
-5.15573             9.99788            -1.21978
2.88163            -9.19064            -9.54188
6.17699             1.63797            -8.85674
2.2871             4.05565            -5.61323
6.22554            -5.91264             5.14577
8.96397             8.75333            -3.26727
-0.239835             -6.2883             6.71106
-6.33713             9.98692            0.823125
-9.84917             -2.4964             7.38582
-3.20163            -2.36517            -5.85616
-4.99248            -6.09512            0.234728
1.5223            -3.38996             5.04414
9.9668             5.58002            -2.49454
0.79294            -2.84676             8.60748
-2.25497             3.44253             3.73582
5.5419            -4.30856             3.72971
-8.47403            -9.70517            -1.15773
-1.74893             8.96907             -3.7988
4.42799             8.43049          -0.0160064
-5.68803             8.77042            -0.07951
6.92075            -1.78166            -2.97132
1.29863            -7.98912             5.82272
4.83082              6.6018           -0.935923
-5.90041             1.37581            -6.02794
-7.28867             7.49871             0.96351
-5.07699             3.83527             5.39175
-8.84514             4.26866             5.19246
2.20073            -2.74846             8.64746
6.54415             -6.4223           0.0418508
2.5389           -0.620125            -7.74067
-3.04266            -9.87422             -7.9775
2.44091            -4.03451            -5.39136
-4.64119            -6.72963            -6.55045
7.0294            -6.17419           -0.779097
-4.49228            -4.82585             2.23308
1.30715              5.6423            -6.63194
-0.676831             5.50341             1.13106
-5.95379            -5.28763             4.11668
7.42733             -2.2388            -6.16683
-6.51566             2.40734             8.91267
6.8704             5.53241             2.07133
-9.48386             7.34551              4.9062
9.46505             7.02845             6.72754
7.13588              2.3698            -7.36499
5.06797             4.55459             1.32943
-1.23196             8.04439            -1.44165
-4.56553            -5.78566            -3.72595
9.98112            -1.35407            0.721816
5.45187             -7.8768           -0.420728
-9.34315            -9.88131           -0.448187
4.91537             9.87829            -4.28716
-5.00289           -0.535893             7.36712
-2.14508           -0.312803             8.35619
1.42681             -1.0956            -8.99707
8.92243           -0.208096             2.31674
-5.62727             9.18459             5.85441
-5.39804            -8.37396             8.81989
-1.77885             7.76056            -6.99114
-7.51545             7.07087             2.68903
4.96815             9.76871             8.34136
5.04264             8.65201            -8.76945
4.32485             8.70053             1.15486
-5.9294            -3.54591             4.81159
-3.85841             7.61532            0.366568
-4.90639            -3.33047            -5.65351
9.72235            -7.93328             6.46111
-3.16656            -5.86318             5.28371
-1.63697             -2.3035             5.41524
-2.8705             8.76279            -5.42737
0.0620218            -4.31653             5.93955
6.32287            -9.17718             4.31994
-5.62177             2.98567             7.70444
-6.25745            -8.05321             8.55682
-9.60563             -3.0909             4.80365
1.96146             2.18974            -5.63307
-0.217557            -4.82219            -1.63117
7.24181            -3.58134             6.19927
4.99168             9.00206             9.82731
-1.72853            -9.05968            -4.45901
-1.58692             8.71582             1.31875
7.96385           -0.403423             3.74812
3.35713            -5.69385             9.91468
4.3932            -2.03033             3.41503
-8.82501            -1.53561             8.69222
-0.0423804            -6.47117             3.92613
1.80158             -1.0608            -8.80179
-1.49842            -3.22393           -0.879198
7.57688              9.0165             3.53501
-8.16702            0.603044             6.61889
6.6409             3.24139            -5.81831
-8.81828            -9.02702            -1.57197
-7.03385              8.5215             3.94975
2.45801              4.1505            -7.63234
-5.88024              6.9442            -5.66023
-0.795882             5.51566             4.03764
-6.24555            -3.85438            -0.66862
-9.28856            -7.28785             3.56613
-3.34964            -4.79658             3.09797
-0.16598             8.35144            -4.70469
-0.685995             9.31038             3.64944
-5.24518            -5.87331            -4.98546
-7.93566             3.39612             3.56765
-9.93251             5.58707             3.21852
5.01089             5.15712            -4.39279
-3.92587            -9.81202             5.08106
6.34792             8.76036            -5.57539
-9.90169            -6.82144              8.7262
2.94388             1.72073             -2.4216
-0.254789            -8.85894            -6.00783
2.86087            0.854237              5.8599
4.95258             7.13894             1.81102
-0.230362             4.28032              9.3558
2.00325              6.8041           0.0830417
4.46219            -1.89337              3.2406
-7.23373             9.26953             1.75566
1.5943             -5.9459            -9.02374
3.20726            -9.97112            -8.03848
4.85187             8.09719            -2.10098
9.47117             2.41392              3.8292
-7.63478            0.713878            -7.04634
9.16722             0.97051             1.50674
5.7247            -9.59196            -1.43189
-1.57867             1.15961              6.2722
-2.60471             3.88767              8.3319
-7.71409            -3.64725            -1.94063
8.77564             -8.1426            0.385184
-7.75775             2.93858            -1.68763
9.00422            -2.04513            -5.91475
6.43734           -0.151656            -3.13726
-6.8654             7.40687            -6.26449
-6.26936            -7.45404             2.50622
9.9271            -9.74678            -9.58521
0.552149            -6.08167             9.56851
7.78562             5.39526            -5.89461
9.07413             6.51399             5.22359
-5.10021            -5.16917             7.73648
-1.10379            -4.62489             7.69711
-9.05419            -3.82331             6.31096
-3.5172             7.72667            -3.09423
1.55191            -1.85286            0.875311
8.18758             5.64856             2.47143
7.1902            -4.04881            -5.70021
3.25852           -0.461351             1.97063
4.84516             8.74944            0.230162
-8.87657             0.65958             6.18074
9.89232            -4.27835            0.531078
0.622329             7.54149             8.97323
-1.81492             5.75672             9.89144
-4.54749            -9.58921             1.86107
-4.56916            -7.72911             9.81986
-7.56397            -1.10626            -8.68309
-0.75041            -6.93041             5.92673
-7.28256            0.323508            -8.44199
1.65478            -6.43752            -2.45212
7.43557            -6.05514             6.53344
-9.95021             -8.5604           -0.907885
0.045847             6.93565            -9.81715
-6.14239            0.397097             8.52142
4.7414             9.53433             4.10753
0.598203            -4.29544            -7.28351
-0.314882            -7.53562             5.02858
5.78424            -6.71864            0.596067
-5.06786             9.89601            -6.00966
4.89399             4.50762            -8.03335
-1.85546            -7.69462            -1.75172
9.38451             8.49484             5.87699
2.37743             -3.5691             3.00825
-5.37              2.0814            -8.05379
4.33156           -0.370178           -0.269133
-3.6298            -8.06233            -5.16186
5.85288            -3.27368             1.13716
-6.34232             1.81742            -4.69554
5.43114             8.27419           -0.118982
1.89344             4.34345            -9.56995
-3.47999            -6.02427             1.43991
-3.42566              5.6362           -0.902995
-5.20245            -9.61514             6.60893
3.44379             8.95874            0.953842
4.55678               4.352          -0.0470433
2.05269            -0.76997            -9.38922
-7.28317            -3.16476              9.3769
-6.50831            0.794408            -6.94592
8.3142            -9.19122            -3.27028
0.934822             3.13185             1.27697
-6.71034              3.5719            0.195359
3.61834            -3.71867             6.56244
0.839299             7.86069             7.41146
1.40084            -3.04449            -7.66316
-9.00259            -2.86995             2.19646
-2.67579             7.12517             7.32082
7.48715             -5.5818            -7.95461
-8.55521            -5.52473            -7.51667
-0.196775             9.11406              7.7142
-2.18292             3.99855             9.79221
-2.96514             3.96714              7.8494
-5.18444            -2.30228           -0.368928
2.53188             8.08375             6.92408
4.06758            -6.18823           -0.534034
-6.28616            -4.92168            -9.55897
4.36236               7.767            -7.22796
-5.46183            -8.98952            -4.47489
-2.54365             1.57294             -9.3429
2.76532             3.39065            0.567685
1.67734             6.02592             8.14726
-6.6905           -0.121452            -6.29227
-2.44629             2.81107            -1.75325
-0.262724            -7.39185             7.03274
3.03083            -1.26587            -9.89771
-2.91204            -5.37641             3.74811
5.47542             2.35814             -2.7386
1.84643            -8.77157             5.26418
8.93614            -8.60133            -2.17203
-4.94729             7.60065             7.38051
-7.78551              3.4428            -2.52959
-2.07003            -3.12017             5.73355
-1.26159            -7.59754             5.76106
6.96012            -9.68778            -7.35065
-7.36496             1.68585            0.507868
-9.05297             2.28679             9.27553
3.35189             5.65817            -1.14318
-4.44434            -9.36795            -2.82628
4.63369            -7.05343            -8.10049
9.54684            -7.92531            0.199326
9.46383            -3.46442            0.918342
-0.670117             8.62546             7.48043
4.70297            0.826758              6.6134
-9.1781             9.51846              5.9719
4.45818            -9.65205            -4.52921
-6.26996             3.68176             3.28566
-4.73335             7.28203           -0.947254
-5.05505              5.3066            -8.17312
9.68295            -6.91027             8.70361
1.66058              6.4855             9.80381
4.82627             4.76304              5.1302
2.92432            -9.56934             4.41058
-5.98311             6.70221              2.0576
6.98301             3.63965             -1.1441
5.88862            -5.83574            0.598508
6.0659            -4.68791             5.87517
-9.78114              4.7771             7.29886
9.24928            -3.71255            -7.79154
2.90911             1.21279             3.17711
-8.11451             1.43229            0.230688
3.15563            -4.67726            -9.45924
1.385            -8.86012            -5.47876
7.08036             7.13676             9.68331
6.99397             5.90964             4.52655
-3.86696            -1.41815             3.60493
-2.8525            -1.70506             8.30382
-5.20639            0.903665          -0.0970085
2.15251             -6.6063            -7.80629
-6.259             2.53155           -0.456822
-6.54493             3.40923            -8.26712
9.83527             4.22316             6.23863
-2.28519             9.97074             8.12437
-8.97606             8.65967            -3.35577
-1.63481             3.86945             8.42651
8.54647             9.09514            -2.88365
5.73508            -7.96285             3.63663
0.43676             0.88935             5.01332
7.07151             9.98445            -1.84969
5.84223             5.89497            -2.26108
-0.752241             6.01982            -2.46219
-7.99825             7.00953             7.48776
5.40612            -2.92397             3.55789
-6.07037             8.35262             7.86374
7.81156             4.86378            -1.00249
-1.74653             3.88322              3.8176
1.638           -0.339965            -7.64179
-0.819658            -5.11367              8.5147
-1.15936             4.59918              5.4064
-8.85918              8.1201             4.75484
6.76965             4.45542             6.74351
9.22827             2.57086            -8.62593
1.79546             4.52962            -5.86318
9.46502            -2.23761            -9.03116
-0.753738             1.97029             6.09023
4.63369            -8.65138             5.58271
-9.05968             7.13649            -8.41723
9.9503             8.49853           -0.596862
-4.52277             -6.7223            -9.26294
-6.01727               2.248            0.200242
-3.02556             -9.6551            -3.99758
-4.64152             7.60769             1.27602
-5.7896             -1.0367            -7.89083
7.66266             7.98732             1.17561
-4.88017             -1.6855             9.32497
-1.80635            -4.46665              2.2578
8.30355             6.70951             2.46441
5.47784             1.00804            -9.48938
-7.4773            -2.27664            -9.41553
4.90589               8.161             2.88343
-9.2504             1.54974            -6.44272
3.41662            -1.45755             3.68149
-3.25812             4.92023            -6.34934
5.03895             8.37462           -0.150416
-4.48798             2.43386           -0.852342
-8.43219            -3.37411             1.94499
-1.7209             3.89115             3.99461
5.5187             5.41799             7.37942
6.29756            0.796239            -1.56312
-7.40464            -7.65495             1.97398
-3.62769            0.375723             3.37784
4.51129             6.05857            -5.47558
-3.34235              1.4988            -6.42341
-4.47911            -3.79316            -4.50105
4.13745             1.82018             8.38457
6.6799             2.33498             5.23034
-7.52396            -1.02083            -4.44833
-2.25037           0.0732559            -1.46619
-2.05386             2.94111            -6.48484
9.77176            -5.55372            -4.08852
-7.41776              -5.898            -4.24936
5.23491             6.90849             4.75116
7.37392             1.83054            -4.15536
-7.08117            -2.64134             5.83426
2.97746            -7.35556            -3.88283
-9.06118             3.01066             6.41564
4.32085            -9.60139            -1.70808
-1.73189            -7.05523            -6.61637
-1.20022             3.07048            -9.31818
3.82556            -9.08321            -6.37894
2.05851            -6.99907             7.19264
-3.71162             1.42525             5.76407
7.43285             1.99836             3.70163
5.04264             8.71457             8.47747
0.265551             -6.4296            -4.07052
-5.59736             4.12767            -4.82433
-2.00988            -3.20626             4.61444
0.629971            -1.17312            0.838689
1.76065            -2.83025             2.34844
-7.91188            -6.96825            -3.25812
-6.91604             -4.6443             1.50033
7.36907             5.78083            -1.51093
9.36648            -1.82893            -7.85359
0.0449026            -6.16745            -4.23501
-2.14816            -2.79944            0.459756
-5.27108            -2.55319             5.28289
-9.20005              8.6246            -9.34147
7.67909             3.83383             8.96337
6.47852             -9.1638            -8.59684
-3.29746             8.80369             2.63306
-7.57587             6.02623             8.12197
-2.65567             2.11321             2.99329
2.29594             -4.4548            -5.09686
-4.85817             6.38602            -6.74455
3.70957             5.09389            -9.89894
-6.22176             7.20155            -2.92791
-9.219             -6.5328            -1.24084
-6.53791             9.27246            -9.52418
-5.40937             6.81117            -3.49524
-1.59179            -5.40716            -6.98503
-6.16348            -2.94047             6.52397
8.47964            -6.14916             2.56421
9.94572            -8.23048             -6.1647
-6.76437             8.45282             7.84208
6.55817            -4.01351            -3.07774
-9.86779            -7.72116             3.98087
7.28023            -1.53137            0.173691
-3.52819            0.203973            -1.20362
-6.38779            -7.49384             5.58371
7.94465             3.40772             -7.0714
-7.84902            -9.42315            0.339101
3.60124             2.00791             8.53149
-9.7613            -0.58293            -8.85674
-4.0006            -7.12574             1.72312
-2.08376            -5.33397            -7.20995
-7.83129             8.83581             7.36783
-1.68095           -0.376299           -0.297211
4.77532            -6.83646            -4.51477
-3.85593            -1.82473            -5.58247
-9.40335            -3.41177             7.69855
2.71225             8.61252             9.39155
-2.70329             7.55379             8.44683
-5.03702             5.65625             3.03209
-6.98839             0.51856             7.78714
-5.22989             1.67719            -1.45081
-3.44947            -2.49484            -8.23904
3.35862             2.96666            -8.15878
-8.76976            -8.66825            -7.91616
-5.93731             1.79804            -7.77486
4.16277            -2.06236             2.12962
-0.761071            -2.97104             3.21822
-3.28772            -1.31709            -5.48108
4.34285           -0.369385             -9.4314
0.892402            -5.34937             6.11809
-4.41688            -3.63491             0.84113
-8.03579             4.82781             9.86728
-1.87712             9.34069            -6.83458
8.6026            -3.84634             -1.5857
-7.61919             7.77197             9.52059
1.74967            -5.35181            0.546322
1.34899            -1.61301            -2.31204
-2.21896             2.04725            -2.23269
-2.71853            -2.97409             7.55429
1.32515            -1.82417            -6.83946
1.41186            -6.37403            -7.84871
2.1516            -4.63676            -1.26953
-3.30113            -3.82803             0.13586
9.3033            -7.26423            -2.77195
-5.7472           -0.311032            -5.19046
-2.72555            -4.94164             4.80001
7.79052             9.86459             9.27397
2.85593             5.55774             5.46652
1.63311           -0.644539           -0.503505
6.96043            -4.34888            -2.33187
-1.66139            -7.66011            -1.23291
0.217943             5.92368            0.508174
7.60345            0.912515            0.770022
6.13368            -7.36101            0.354971
0.459649           -0.536475             1.17867
-5.49451             -2.2333             2.71985
-4.86855             5.44512             4.10722
-7.56791            -1.98335             9.92313
0.802677              4.2977             9.72293
7.7847            -9.39142            -5.78383
2.20015            -3.47025             1.20186
9.07963           -0.136672            -4.17733
-1.56373            -2.43743              -1.044
-5.56104             -3.9457             9.15132
8.95512             -8.7881           0.0470389
3.52007            -7.77088              6.7486
-2.41306            -9.26111            -7.28351
2.24101            -1.13006             5.67191
-5.93395             5.94227             1.16493
1.85895              9.3753             6.97444
-1.91347             4.34866            -8.89336
-3.88344             5.51565            -8.38492
-8.76088                8.84             5.50497
-8.23505             6.57221            -2.87328
2.3521             -6.8086            -5.63306
-4.95586            -7.46479             9.90849
-3.46473            -2.74695            -2.20695
-5.41848            -5.47897              7.8077
-3.50072             2.75222             7.89545
3.10283            -2.57453             2.86028
-8.96169            -5.59983             8.41418
4.1222            -2.52662            -1.77674
2.48608             4.42706            -3.05425
8.85682             6.29387            -4.75841
6.11354             9.57092            -8.32602
4.59677             3.42388            -3.27551
1.96269            -4.44956             6.51544
1.22719            0.903388             -5.8232
8.06123            -8.82777             3.67294
3.94855             4.95164            -2.65782
3.77457             3.57345             2.16624
-5.10845             7.05043            -3.13421
1.51074             4.41879            -2.80949
7.6181             -4.2799            -2.94072
-0.290191            -5.42798             1.90714
-1.43677            -7.01555            -9.56873
-3.66673             -2.2257            0.604002
-8.45569             5.48907            -8.98827
0.605528             6.66925             -8.9489
-6.04507             1.91203            0.962289
4.49636             4.92204            -6.31943
-1.83287              7.9861            -1.01043
3.79074              5.9774             4.56897
-8.13925             9.99394              9.9332
-9.01235             3.86823             1.66696
-0.226988             -6.5047             3.31832
-6.3826            0.340017            -3.01549
-4.34824             8.26445            -9.79945
-9.26537            -1.89151             6.22714
5.71284            -7.37237            -4.26726
-6.29743             -2.0578            -4.23811
9.27276            -4.57715             7.03599
0.729767             -2.8791             2.41746
3.80603           -0.736705             8.33178
-0.359773             4.90986             9.13854
-8.47739            -2.40848            -5.70082
2.76932             9.12352            -7.20111
-7.08938            -3.43485             6.24687
7.6315               2.917            -7.03661
4.86225            -5.49604             2.27275
-7.87584            -2.36365            -2.71977
-2.06146            -2.19457            -4.14987
-5.72828            0.141341          -0.0188811
-4.34885            -4.52494            -4.33725
9.36254              9.4522            -3.04082
7.64862            -1.85765            -7.66926
2.31273            -4.95708             3.87772
-1.82314            -3.05761            -1.55671
2.20259             8.58792             9.20625
8.80741             8.30684             1.88639
8.95112            -7.23071            0.314381
3.26674              4.8827             2.36309
6.70132            -7.05617             9.76505
3.67206           -0.787976             3.11842
-9.5199              1.8516            0.106245
-5.01751             9.98326             4.81128
9.68329            -6.40704             8.98896
7.66632             3.31829            -3.45191
0.350698             7.04615            -1.90919
6.10039            -1.30066             5.03102
-2.8925            -6.01364            -9.94494
-3.02979             -9.8578              3.9706
4.30256             0.91348            -6.40244
4.55612            -9.49247             1.71143
3.28325            0.947001            -4.62133
-7.1907            -2.94167              7.6094
5.94444             4.62359            0.438936
3.71689            -7.85939          -0.0613018
4.8928             5.10545             8.29253
-8.42273           -0.457766             7.57626
0.0412404             5.71158           -0.923755
-9.35602              4.6413            -3.67713
6.98576             5.53302            0.307667
2.22731             0.25301            -2.27756
0.528621            -9.90718            -3.06371
-3.65821             4.86072             -7.7596
8.15462             -8.8705             8.49578
-6.873              7.2625             2.68658
2.15953             4.93794             2.71436
-6.94231            -8.90587            -2.11489
-1.0632              -5.869            -9.36609
1.53546             2.84251            -3.08721
-2.01784            -4.74132             7.49203
-3.07317           0.0394093             7.38125
7.52685            -4.91042            -1.30371
-5.46854             1.00102             1.13685
3.08271            -7.52521              6.3424
9.50656                8.02            -2.90959
8.60354            0.467555             2.93623
-1.65342            -1.20974            -8.18411
7.02815             6.11351             2.25384
-7.8954             1.02455             9.75102
-9.4027            -7.44465            -3.86443
-3.35359              -2.483            -5.77366
-8.45143             4.01385             7.80319
-6.20684              3.0601             7.16796
-3.27945            -7.33114            -9.94423
7.01811             8.41641             9.28531
-7.71351             5.64627             8.22417
-8.27353            -9.04961            -6.12899
5.11802             7.11418           -0.307586
9.97199             7.86951             -4.6345
4.58087            -4.16879             1.67093
-1.727            -4.78221            -8.20791
-8.37665            -6.87856             8.30962
6.32778           -0.980243            -8.98217
9.85355             5.33895             1.39565
0.250597             3.91373             3.32961
5.5993             7.03727            -3.58436
9.55755            -5.19851             1.37917
-7.17211           -0.846848             9.48977
1.07856             9.20625             4.80518
7.06327             1.12767            -7.40955
5.16289            -1.02755            -4.29697
-2.18631             -9.5608             6.90424
-3.69514           -0.192226            -5.08617
-7.26303             5.11339             8.55102
1.87909             2.15828             -1.9684
1.27358            -0.11532            -9.42713
0.655578             4.45361           -0.681133
3.91498             9.12413             1.78843
4.85312             9.68872            -6.48667
-6.99755            -3.29199            -4.30001
-6.47904             -4.6992             9.66953
9.16384            -2.57818             6.30374
9.23071             5.10909            -7.59347
-2.49116             7.61657            -7.17355
-5.54062            -8.83296           -0.248317
7.68951            -8.61994             6.11783
7.59246             1.74781            -7.09668
1.95445            -6.61759            -4.07231
4.90864             5.19582             3.75477
1.39141            -8.80916            -9.76832
9.67352            -9.35849            -3.85506
-9.45032             1.18629            -8.08431
-3.05791           -0.173915            0.598814
5.34752             4.00465            -1.40961
7.80762              1.5412            0.266467
3.19197            -5.46735             5.42257
-0.402499           -0.353364            -2.53971
4.7222              2.3771            0.532283
-6.52906           -0.683298             6.19591
-7.50446            -9.72316            0.586911
-2.57938            -6.41709             9.75223
-7.32834           -0.484622             2.47509
-9.77531            0.105606             1.28517
9.64938             8.60992            -5.28699
2.42443             0.96412            -6.11068
1.51379            -8.35565             6.93354
4.12159             8.10481            -1.57685
-3.69972            -8.30099            0.823125
-1.57868             7.44595            -1.14074
4.07246             4.51217              6.6366
-1.49015             3.57648            -1.39405
8.6557            0.893622            -8.61258
-7.6595            -2.39994             2.05944
-7.85757             1.87173             3.39348
-9.7695            -7.90981             6.40932
-2.98252             9.54107             8.54802
7.93607            -8.17521             4.35786
3.79471            0.465397            -3.68793
-4.77974             2.83641             8.84388
2.76563            -2.74021            -9.87697
-5.44567             8.32678             4.35197
6.97321             7.91221            -1.00738
2.0268            -8.92633              0.7334
-5.66267             1.22506            -4.28171
-8.49203             2.88471             2.14641
-1.50818            -3.57924            -7.10651
1.67401            -4.41417             6.19682
-7.84657            -5.88575             -5.8644
9.45408             5.66219            -8.44443
-3.86025            -7.37849            -9.37555
-5.17801            -9.04627            -8.64768
-6.12289           -0.166273             7.70413
-3.85412           -0.809563            -3.64204
9.29811             9.12288            -6.51352
7.02085             2.63286             3.88291
2.41192             5.37253            -9.68928
5.61637            0.789318             2.64967
1.19424            -9.39117             9.69118
9.97718            -2.99751            -4.98943
2.78028            -2.32363            -7.30518
9.45073             2.97016            -3.86605
7.84299             7.83101             1.38436
7.35411            -3.00727          0.00431298
8.21043             7.79295             6.06713
-6.3072             7.01538            -5.75696
-6.47754            -9.84377            -9.07739
-0.641417             1.37028            -8.26519
9.29784             9.16925              1.2834
2.83335            0.263396             9.46627
9.19163             7.58265            -6.01026
-6.01027            -6.89474            -6.39022
2.05945             5.77937            -7.84139
0.771548             3.28371            0.896979
0.434653             6.20827            -6.17172
8.09477           -0.887394             9.82761
-7.04422           -0.308739            -9.69538
-7.2359             2.79467           -0.709515
-0.783036            -1.33238             5.70975
-4.49747             7.38999            0.901252
8.93191             8.74951             3.75412
1.80613              4.1347            -5.65931
6.66379             8.59116            -7.96285
9.45712             -5.9294             9.30819
-8.80606             2.34076            -7.84963
-1.37543           -0.467015             9.72598
0.723358            -1.28799             4.28759
-0.109216            -6.47808             5.98441
6.29267             -9.8963             7.47097
8.68835           -0.916684             -8.4603
-2.53266             7.03502            -7.87618
-3.78822             1.30761              6.2954
-3.74731            -3.98832            0.960763
-5.50886            -4.81438            -4.99706
-4.30579             9.34117             2.74823
-9.79518            -3.42854              3.4764
-9.68316             9.42628             7.85338
-6.35513             4.24596            -1.15966
-1.32965            -5.07563            -5.10926
4.08099             6.28961            -8.26489
3.62169            -7.44737           0.0440465
-3.73667            -2.08868             2.10277
1.78662             3.74768             9.25509
0.275346              4.4466             5.66093
-9.55927             -4.0635           -0.483373
-0.834336             7.72061            -7.92836
-5.65989            -9.54526            -5.21893
-5.50089             -9.8675             4.75788
0.232897               -6.02            -9.06792
2.55871             7.59732            -0.70921
-7.40738            -2.05602            0.341542
4.40999            -3.57096            -2.57114
-9.37555             2.77814            -0.43668
0.923836             2.87702           -0.364351
-2.09411             6.62833             1.95628
-9.88091            -7.28716            -7.81361
4.14537             7.97392             3.34548
-5.67762             1.28548            -7.81422
-9.6688           -0.287778             3.37325
-3.81413             4.82167             5.54586
4.92115             8.78758            -6.30569
-6.12014            -5.40479             8.86262
-7.06924            -4.16638             0.35314
6.46145             7.81794            -8.64646
-4.64518            -6.65997             9.18977
-5.05382             4.57629             7.23689
2.85355            -8.36725           -0.256925
-7.72752             5.59867             7.03273
-4.90734             7.79477            -5.47223
0.799015              2.6051            0.227716
4.03306           -0.211164            -1.05793
8.88402             3.77787           -0.576043
-0.952116            -6.88125            -4.80976
-8.21191             8.45303             5.36171
-9.80126            -1.80028             2.40356
8.12928            -1.33029            -6.64366
-2.80217            -2.48142            0.632729
4.64587             2.10338             1.54672
-1.84569            -7.83165            -5.92055
8.43294           -0.805982             8.20799
4.67944             7.50973            -2.45609
1.79209             2.79706             3.13002
-5.92968            -9.60599            -6.93773
1.10606             1.37334            -3.45984
9.91672             3.25118             7.57077
-9.33374             -1.8091            0.301258
-4.42756             6.16506              4.8302
-3.52757             9.38689            -2.86321
3.54446            0.352224             1.82566
1.3575            -6.97374              4.2824
4.5104            -8.49359            -4.15841
4.47073             6.15804            -4.58689
-9.74086            -5.21985            -4.17947
-1.45417            -1.12701           -0.737897
1.65692            -7.72605            -3.79982
5.46441             7.62292            -4.25668
6.33111             5.26937            -4.70439
7.449             1.66818             9.85019
3.19047             3.29479             6.25237
1.62701             5.58978            -9.95784
-3.52881             1.45852           -0.737885
-1.69709            -3.41834             6.48462
1.51834              1.9581             4.30325
-0.409163             5.25893            -8.42907
9.09946             1.54186           -0.867912
7.88722             1.97029            -8.89909
-1.76695            -3.64207            -7.25111
1.68805            -8.69624            -3.38868
-7.13732             2.48669            -1.43093
-0.279204            -9.71156             -9.4161
-3.50162            -5.03982             3.85972
7.64007            -8.95442            -1.92293
2.64691            -5.48719            -5.22839
-6.3298             1.71213            -5.51771
1.21043             -6.8987            -4.24508
5.84375             4.52469             9.88346
-9.10821             2.01243            -7.12512
8.62549            -3.66279             4.77436
3.2509             5.93891             7.87076
-4.03722            -8.80824             2.21752
1.21987             4.32787            -6.23764
7.07576             9.05275             2.06706
-3.93712            -7.33786              9.8444
9.97718             4.29336            -9.18878
-0.00636845              8.9264              9.3912
-7.29632            -7.76845            -2.53239
8.46163             8.71732             2.70581
-4.82826             6.13057             4.40386
-2.4741             6.30791            -5.52991
-6.11862             3.31405            -8.66477
-5.33365            -1.57291            -5.88729
-3.53214             4.78653            -5.59858
-3.00634             5.54342             -5.7771
0.170028            0.823735            -5.01505
6.02957             1.08435          -0.0386282
-0.578541            -2.46836             4.11555
-8.68551            -7.06071             8.82234
-8.45331            -3.06862            -8.93158
6.53042            0.237751            -8.40366
-4.63142            -3.00545             4.00809
5.72592            -2.09353             6.33324
4.8714             6.63568           -0.762272
0.449302            -9.20529            -2.43259
0.434042             9.87672            -6.71159
-9.21106             2.22514             8.06639
1.62851            -5.47284             1.98161
-8.42365            -5.91478            -3.82423
1.44207             2.06581             2.21965
-3.31427             7.46731            -1.38336
-9.45032             3.98271            -4.64945
3.46392             8.75089            0.177048
1.61236            -2.44269             2.70093
4.2003            -6.31393             4.84028
5.5538            -6.85533            0.667785
6.95096             -7.3165            -6.44364
-9.79332             8.34591             9.49587
2.78669            -6.20346            0.550289
5.31301             7.82651              4.2531
-4.96102             2.20558            -9.37311
5.14641            -9.06124            -9.42652
9.55661            -7.82979             5.00324
-8.55155             4.55066             -6.0704
9.6134             9.71314             7.12855
7.04466             9.88557             1.36544
-8.61076             1.73532              3.0284
-6.40061             1.77225             2.46778
5.12256             2.42197             1.26879
-7.87614            -7.45477              8.9918
3.1456            0.633011             4.58995
-9.66428            -9.98748             8.24069
3.24815            -1.61381             3.28079
2.20137            -6.03411           -0.678508
-9.54249            -5.88088             9.10615
4.62024             1.77988            -6.37436
-7.82335              2.4241            -2.84764
-0.689649            -9.44882            -2.44388
2.25994             1.55954             6.96314
7.2076            -3.02221             3.19289
-3.05453             7.69678           0.0473441
2.28377             8.34988             4.90986
-6.71251            -4.58414            -2.94042
1.52291            -1.12548             2.35698
-5.27933             1.46276             8.66119
-3.01821            -7.49594            0.199326
2.32708            -4.28659             1.20522
3.5762            -7.52796              -6.147
-2.86531             7.98732             2.78211
4.94254             2.74698              -9.714
-2.96117            -9.91054             6.58166
-6.23459             6.61127             7.46945
-3.94567            -7.32016             3.91618
3.5744            -2.44757            -8.72673
-6.87212            -9.45124            -1.77461
-6.29715            -8.22714            -1.02019
6.6705            -3.28805           -0.754682
-7.32681             2.89561             8.73017
3.42544             8.28521             5.24343
-9.63496             6.02684             7.05257
1.66605            -4.86493             8.81267
7.34772              2.5785             3.47437
8.72774             1.01602             9.39849
-5.33523             8.77897            -6.17057
-1.39066            -6.85994            -2.11515
-1.20144             4.86863            -9.63722
-7.37354             4.98768            -3.82912
4.78778             6.86091             8.60294
-6.06976           -0.856643            -4.12606
8.84464              3.8603            -8.05318
2.49432             8.88825            -3.22485
-6.64811              1.1158            -6.38535
-0.901753             2.34933           0.0998359
-4.31342             3.04149             6.45745
-1.29242            -4.89421            -4.70439
3.62045            -6.26083            -1.88753
-4.22156            -5.00075             8.04686
-1.58232             -1.4841            -9.66151
-8.2543             7.78501             4.21739
-1.99038             -6.0295            -1.12853
1.30687             7.97114           -0.497716
-8.01043             7.24022             -8.1127
3.22341            -9.46802            -6.71983
9.85386             2.24498             5.31362
-3.51871             7.25151             4.26317
-3.83031             2.63467           -0.768416
6.52887              2.3518             9.80686
4.96845             5.00477             9.02986
-7.46018            -6.93501           -0.357637
-1.10592             1.13866            -3.22699
8.34655          0.00339742             5.48606
-8.18045            -6.16317             8.54279
3.84141             1.36969              1.2993
-0.601743            0.513296             7.04381
4.49116             8.52999             9.78773
3.34516             3.30738             8.62581
0.741022            -4.12733             7.95043
-9.99902            -1.90952             1.18373
5.81809            -7.11717              4.8949
-9.6972            -6.40695             1.36147
-0.948475             4.72515             3.10132
-1.89696             -9.6127             1.53482
3.42757            -1.17125            -3.47052
-7.59447             4.32122             5.35574
8.07647            -9.04052            -3.97926
-5.03884             1.11974             9.42843
-6.85686            -6.49002             9.89506
3.58201             3.36996             8.79638
1.12831             4.35192            0.870428
7.19511            -2.23729            -5.09838
7.44778            -7.90943            -8.07272
5.7064             5.12996            -4.79991
2.21477            -4.95104             4.04221
-3.14456             -6.8819            -7.02318
4.07823             0.86037            0.513972
5.02493            -5.66352             2.48059
7.0962             9.25319             6.15318
-6.19519            -6.28039             3.07966
-3.44489             9.27341             8.37401
4.24122            -3.35785            -2.17533
3.24996             4.35222             2.34112
-6.67006              7.2497             4.45391
2.08232             8.26599            -7.13274
9.4083             -7.5697            -8.27382
5.14208            -8.95565            -5.17254
5.81081            -4.24543             8.24227
-2.30895            -5.05652             7.61168
-5.63493            -5.25143             8.07554
-1.39402             0.63088            -6.64383
8.52294            -4.86932            -9.68195
9.28806            -6.53508            -7.00762
2.7348            -7.75924            0.126387
3.53106             -8.3144            -4.41904
3.40987            -3.51975            -9.94747
-1.38518             6.93183             9.63138
-1.75294             5.01869            -0.46201
-1.00094            -5.99931            -4.49534
-3.52943             2.87487            0.450799
-1.01956            -4.02838              -2.045
-8.30923             9.24855            0.199021
-2.14935             8.56722            -7.48188
-6.30844             7.89717             -9.5843
8.18665             7.32365             2.28069
-3.69575             5.41434            -2.91051
5.84009            -5.67289            0.677246
6.05583             2.04019            -2.84001
3.84417            -6.63492            -7.82491
9.66647           -0.613198            -5.22809
-3.40519             4.64084             3.13826
7.51217           -0.355362            -2.24856
-5.3535             4.51934            -2.06362
7.85306             9.57296            -9.09844
-5.619            -8.30145            -5.92055
-3.87032              -9.175             6.07017
-1.15384            -1.00933             3.87254
-9.75123             8.44639             -9.1436
-4.37448            -8.70367             -4.6878
-7.70801             7.07224             4.67435
-6.8663             4.04014           0.0345857
8.20766            -4.09954            -3.55029
3.75781              2.6478            -6.86522
8.26479            -6.77201             3.55655
-0.00697886             4.06667            -5.18444
-6.34964             1.07155             1.93617
0.201797            -9.97069            0.537777
-3.50742            -2.70725            -9.41126
-5.5055            -6.25595            -8.95043
4.89277            -3.40155            -8.62724
6.41231            0.519131            -7.27099
-0.417729             3.90974            0.215806
9.209            -8.72577             5.00019
-3.76655            -3.50257             4.77558
-8.74776           -0.758984            -6.04232
1.9383             6.91886             5.25502
1.56167             0.25426              1.6633
8.99354            -5.27692             7.77249
2.74704             5.94441            0.479791
4.01692             8.39718             6.01951
8.65082            -5.89793             8.82538
-0.757124             3.65524            -1.37512
-6.48664            -8.79329            -6.58372
1.18693            -2.14082              -3.928
2.79828             3.95799           -0.776045
-3.60359             7.74961            -5.00103
-6.45917           -0.605476            -3.12567
4.12037           -0.172989             5.79764
-9.89528             2.73179             9.70707
-4.705             9.80777             5.61241
-5.65688             5.75795             1.91182
-7.58987             2.60503             3.00804
5.66063            0.489273            -9.53687
-1.12948            -7.15444            0.642364
8.55227            -5.51682           0.0954414
2.27858               5.956             5.29536
-8.01198             7.10475             4.75517
-2.05233            -9.31116             5.39205
2.65762             2.10396             1.72922
8.87668             -4.6153             5.10945
7.73923             0.79047            -3.98415
-6.84526            -7.47486             -3.3335
-1.3577             8.95475            0.740725
-7.89873            -5.13992            -3.47724
4.66357             8.36486              2.9173
4.98127             8.55194             2.76746
-7.69731             8.10298            -2.52567
-3.66185            -8.06908            -3.30908
1.47744            -2.48935            -6.35513
8.6969           -0.927417             8.25987
3.81183           -0.636299             6.33751
5.86329             -6.9457            -1.08031
2.44122            -4.32321            -4.00155
-4.34061            -4.16146           -0.305145
-5.69377             1.15117            -5.66633
7.18809               9.234             2.83155
9.13637             -5.0169            -9.72377
-3.35639            -9.79884             1.64804
-7.97564             2.15126            -8.79753
-0.396061             8.81711            -5.42127
-0.451634            -4.49717             8.95022
-8.82774             5.47811             3.70316
8.42101             9.32557             6.72611
3.31532            -4.76761             8.97349
9.00211            0.972991            -3.90555
-8.529            -9.53092             -1.5093
6.80997            -3.63993           -0.630553
-5.18136             6.07075              1.4488
1.15211            -9.60078            -1.36166
0.417534             8.25591            0.657144
-7.90728            -1.18685             6.07597
-2.76704             6.99485            -1.28723
2.84894              3.7468             2.60144
-1.50452            -3.05608             -4.6284
3.19902            -6.72322             -6.1528
9.72937             2.79337            -9.05053
-8.4365             7.28786            0.267383
-6.04232             9.62832             5.97892
-1.08608            -1.83629            0.719057
-7.61979            0.427271            -4.00857
4.64984             1.38039             1.80216
-3.96492             6.38665             9.81022
0.22377            -3.68174             3.95066
-1.99248            -3.99211             6.60486
-6.9713             4.14384              -4.152
5.52145            -4.31741            -2.96209
5.69208             5.21807            -7.37628
-2.04559            -9.54099             2.73602
-0.53678             6.68848            -9.43109
-3.03655            -5.44507             7.36782
2.68509             2.88767           -0.589272
-7.23648             8.99046            0.788333
-2.78203            -3.92922            -6.22786
5.73996            -2.09597             1.00167
-7.40955             2.67498             6.82315
9.3061            -7.79537            -7.36307
0.0125736             3.62413            -6.24632
8.59677             4.15572            -4.86813
9.87647           -0.481571             5.57539
3.15263            -6.07867             2.62974
5.089             2.07011            0.958666
1.0807             6.49743            -9.45791
8.27333            -7.75413             9.47482
4.99076              7.9098             1.25344
8.41125              9.8975             -7.9833
6.82764            -3.77663              9.1205
-9.60929            -8.30469            -7.56672
1.22905             8.41091             -9.8141
-9.39203            -6.40061             1.83298
0.101667             4.77619            -7.77638
6.31404            -7.26004             2.22118
6.51425            -3.38602             6.67657
-0.607583            -5.84029             8.76465
-0.020407            -3.48731             4.42248
-3.48423            -8.07641             1.83298
-4.3656            -1.15511            -5.23633
1.80826             4.15636             0.38732
-8.46671            -9.12072            -1.85365
6.45931            -8.55982             6.51574
8.8541            -1.28268            -6.48148
-5.9825               9.527            -5.73591
-2.63157             2.22514            -7.05004
3.41692             1.82532            -8.96874
-0.741836            -9.89043            -1.80849
4.65747            -5.21496             6.48005
-8.12521            -9.11279             6.65583
-2.67948            -3.13819             7.70818
-6.54521             6.23613            -2.03088
4.62819             8.13752            -4.97295
3.58624             1.76917             -5.9998
9.40954               8.569             4.85131
3.9336            0.254536            -3.51394
3.29665             1.59005            -9.81345
2.74091            -5.43927            -5.08278
1.38927             6.40249            -5.63337
1.92212            -5.73655              7.3785
4.81342            -5.57752             8.62366
4.83265            -1.07818            -9.98073
8.57394            -7.24203            -1.85518
9.28136            -8.84547             2.70886
-4.20755            -3.17144            -2.70909
-9.37372             -4.8524             3.08943
6.09339             3.73609            -6.44394
-9.61021            -6.64997             9.69943
-1.69252             6.34575             3.31313
-6.14822             1.87632            0.658935
-5.4072            -5.87816              1.3102
6.5057            -5.36606             3.68149
-4.33298            -9.71949            -4.13095
6.4071            -6.38077             1.04957
3.286             2.80466             5.69907
-7.26791            -2.99172             5.96946
7.26711             5.64871            -9.78786
-6.19247             -5.4878            -2.14694
-3.31363              7.0385            -7.21301
8.57669            -6.02556            -2.45395
1.66086            -9.10424            -4.95707
7.72824              8.7912            -1.37542
-9.59957             -2.1088             2.69919
2.57982             4.95161             5.89538
1.59557             5.76959            -3.81478
9.81385           -0.923173            -6.74776
-7.3787            -9.49063             1.18896
6.82889              8.1863             2.83757
-7.06164             1.80124             4.50492
-3.15924            -9.29834             2.38266
0.202407            -5.79179             6.07322
6.49838             9.16441             1.09504
-5.25677             8.68591            -8.32785
1.60196            -4.21731             6.94361
-8.3913             6.13973             8.70361
2.32985              6.2621            -8.73832
7.37331            -1.63148             8.30382
-5.13531             3.52645            -8.40964
8.44912            -4.69068            0.611021
2.73544           -0.235286            0.525569
-3.05791            -4.93511             6.83313
-5.69471             9.01216             3.64456
8.11921            -8.20794             6.52032
-3.49735             8.86839             -2.7097
-9.73842            -2.75426             7.11879
1.63431            -6.72075             6.18248
-6.77535             3.64362            -5.35382
-3.5059            -3.51358              2.1638
-8.99743             8.73322            -8.04922
1.83115            -8.39469           -0.674419
5.83002             5.66272             1.41457
9.9665             7.21825            -0.75926
-7.1889             2.90845            -7.22398
5.35787             6.20689            -7.43426
8.8501             5.04413            -2.92721
1.51839             9.11495           -0.936491
-2.4753             9.34118            -1.81187
7.65713            -7.98326             -5.5172
6.06743              3.8987            0.133763
2.70462             4.77312            -3.40316
5.483             2.90603              1.9258
9.15989            -5.10291            -7.77176
-2.97185            -8.64409            0.127616
8.2187            -7.19441              2.8993
-5.75422             8.68226            -6.21505
-7.27922           -0.260824             6.30517
7.673            -6.66556            0.608876
0.382771            -8.13927             2.96858
-1.19049            -2.37368             4.33672
7.72582              7.2803             1.79087
6.71809            -7.61103            -9.75977
8.28066            -4.47247            -5.66664
2.6701            -5.20916             6.02043
-6.07038           -0.164987            -5.06542
4.05871            -5.24859            -4.41355
1.98957             -9.2181            -7.15228
-1.02904              1.7451              1.3987
-5.50395            -3.57545            -4.44651
2.84283           -0.830427             3.71964
-0.348757            -2.00565             5.09205
8.59375             4.02208            -2.29526
-1.72333             1.91972            -7.20996
-4.73246            -3.89755            0.476426
-5.69957            -8.60284             8.82172
-2.44938            0.502387            -9.15642
0.884487             9.24751             -8.6675
6.42537             1.46215             7.33393
-4.03263            -4.21126            -8.19654
1.63985             3.23375            -3.31664
1.55762             7.12536             7.27647
8.07101             1.50781          -0.0421972
3.99027           -0.228023             -2.0715
-5.47281             1.66905             -9.2806
-6.62804            -2.69425             -9.2254
3.26953            -1.74424             4.94312
3.14522             9.14113             2.34874
5.13176             6.58947             6.71686
6.07102             4.08984            0.924149
-5.34127            -9.54953            -2.88182
5.00931             7.26765             4.52777
-5.77495            -2.55449            -6.84129
6.54681             5.40871            -2.85009
-9.55099            -4.04748             6.73853
-5.19762          0.00306535             -0.6964
1.3084              2.3317            -2.88487
-8.74694             8.41919             3.17213
-5.97758             6.24563             4.75421
-0.19198             -9.2843             5.90324
-9.02365             1.73785              9.3326
-8.4335            -3.19232             4.59948
2.71653             8.18068               6.849
-7.14043            -7.93879            -3.84316
-6.28704            -8.32044             9.61337
2.10697            -4.85095              2.8935
4.10116            -7.00394             6.11595
-8.1277           -0.625648            -2.80033
-6.46406             2.32293            -6.94382
3.24105             8.61499            0.473085
3.63145            -4.94518            -2.67542
7.35681             6.03978             7.78009
6.27437            -3.39299            -7.99631
-0.018651            0.339988             3.55765
-6.2965             1.09502            -2.08371
-4.67756           0.0751268            -9.76906
1.75486             1.41976            -4.08574
-0.51334             4.72674             6.28259
-9.97948             5.93922              5.4775
3.90272            -4.63025             8.06485
5.02737             4.99378             9.57614
6.2465            -8.39682           -0.222448
0.633036            -4.58387             3.64456
-9.34232             1.74963             6.60699
-9.05326             -5.8906             2.16197
0.0628417           0.0180546            -2.76677
-0.909675             9.61304            -2.20919
-9.00205            -7.78251            0.250903
-2.5632             3.02931             4.74842
9.25898             4.66998             2.77571
6.93999             9.50744            -0.11654
7.87806            -7.24717             1.91905
2.35241            -4.34274             3.59237
-9.90266             4.63153               6.961
-2.93671            -3.57279             8.60657
-9.78575            -1.09404             6.56915
5.12227             9.99245            -2.40299
3.28225            -3.78517             5.42745
8.32797             9.30541            -2.86076
1.16399             9.04604             2.91822
-6.06612             5.37069            -7.08757
0.423265             7.82162             9.81144
7.08707            -3.13666             3.51891
5.28614           -0.711099            -8.85522
-6.37616            -7.32591           -0.827169
-5.60628            -7.42942             2.45267
-3.96428           -0.499271           -0.239957
0.32076             5.15276              1.4828
-6.8657             2.04631             4.17196
4.82679              6.6662          -0.0439063
7.29858            -6.13879            -4.50205
-9.67802              3.6015             7.72977
9.89171             -8.0425             9.84958
0.13701            -3.68689            0.183754
3.09588           -0.623787             3.83225
8.07642             5.00169             -6.4595
-6.7653            -2.66392             6.95704
-5.80098             6.02835             4.28271
-0.0695055             3.98237             4.64648
1.77131             9.07683            -8.02908
-2.83939            -5.59003            -4.24478
-7.2039             7.62662            -5.25128
0.321742             2.40426            -5.89034
-6.38262             6.60178            -2.21865
7.45786            -7.72999             7.16487
-8.45364            -9.76588            -3.41346
-5.35683            -8.94802            0.669006
-0.753186            -1.56833           -0.484288
0.956193             8.96974            -8.37729
9.61209            -3.13574             9.07747
2.11715             4.18807             8.05296
-0.284727            -4.93604             3.45961
-5.90131            -3.20593            -6.40151
9.48971            -3.19281             5.20528
8.72315              7.7441            -2.24602
-8.18046            -4.64859            -9.65144
4.75546             4.10205             2.09942
4.94853            -6.00817            -8.61841
-4.60761            -6.62251             -1.3058
-8.03673            -1.61045            -6.26401
-1.15446          0.00217667            -7.68055
-2.64201             6.79163            -3.17354
-4.73609            -1.31503            -2.60014
6.22061            -6.30572             8.08959
6.98787             1.44601            -7.90547
4.13677            -8.27872            -3.35426
2.5911             5.58673             7.19234
-7.46849             -5.7509              5.4015
2.4632            -9.71766              8.1967
0.350326             1.17073             1.70115
1.61786           -0.894181            0.336049
2.14578            -5.46616             6.79194
1.35232            -9.86507            -9.32123
-6.24104            -3.80959             8.53576
-9.81254             1.36968            0.275012
-8.60436             6.15315            -7.88442
-8.5958            -6.63316            -3.34784
-1.69196             3.27986            -7.40192
7.14232            0.308859             2.52667
-9.07406            -9.76896             1.86563
-2.45821            -6.74302           -0.559974
-9.52118             5.12624             4.67089
-0.486383             4.10078            -1.84572
2.52846             4.68002             2.77173
8.42865             5.95451             2.01213
6.56022            -3.86757             6.74037
5.78331            -4.53533             9.04856
-2.96058             4.58781             7.46151
-7.03475             4.35413             7.41818
-8.73657            -1.50363            -3.27153
-2.07121             5.42895            -4.88806
-6.50409            0.910379            -7.22486
2.78334              8.3026            -3.06615
6.09514            -6.19399            -9.89769
7.11395             4.50271            -8.16824
-5.84245             3.30729             4.95198
-6.39144            -2.47776            -9.42499
8.70233            -8.30222            -8.84331
9.29205            -6.45252           -0.284697
5.33891             8.03859             8.81103
-7.51208           -0.457127             -3.1629
9.36304             5.99052           -0.889574
-5.45419             8.14845             3.37783
-5.32791             8.84274            -8.36324
-0.131487            -7.26764            -3.23645
4.09312            -7.55269             7.12826
-9.41336             1.89918            -4.28415
-9.00325          -0.0201307            -4.05923
-7.83344            -2.34927              -5.753
-6.285             2.67194             3.93326
-0.770816             7.72272             1.48171
0.340597              6.4156             6.05248
-1.11083            -6.36673            -7.28992
5.49759            -9.79336            -9.59802
-8.76514            -0.55512             7.20638
-6.49646             9.97438             3.26399
3.91832           -0.302093             1.35843
-6.81847            -1.79628            -6.06429
-0.823642            -3.34267             -1.9323
-3.11104             7.57773             8.64043
-1.64885            0.276555             7.69804
-1.72372             7.15569            -4.19411
-0.512629             1.94557             3.40535
5.96517            -9.82787             1.54036
-7.72571            -6.52451             9.09639
6.38537             8.77777             6.00429
-4.56579             2.79886            -7.41413
7.41814            -5.48233              3.1883
0.990989             -9.9731             5.40212
-8.35264            -7.70008             2.32158
-3.68381             9.26391            -2.48264
-1.06968            -1.21707             -6.1293
1.08895            -4.85118             9.45193
7.55299            -3.84407            -9.27728
-6.7912            -7.60764             5.68289
-3.08299             1.41027               3.629
-4.01801             0.77399             4.56286
2.54429            -1.00127             2.09117
-3.43844             8.55069             1.74356
-3.60209             7.63482             9.95061
-5.05199             2.73755             8.30291
7.96257            -8.25126            -9.57788
4.0334            -5.31662             2.64905
-6.70948              2.5413             7.44655
1.20767            -2.45762             2.21599
-4.09194             4.98615            -7.81117
2.59507             4.12459            -9.91268
2.35177             7.82862             1.40877
0.454473            -9.50007             2.19189
4.50939             1.74204             6.38818
-1.71326            -8.06022             6.71451
-8.67762            0.978101             8.60564
-9.84612            -5.62694            -9.16879
-2.72593             4.01625             5.72861
-4.40283           -0.261837            -2.09134
-8.2238            0.449863            0.449019
9.76841            0.808476            -4.84992
-3.77332            -1.25825            -8.84483
-2.53937             -7.3638            -4.35922
-6.38476            -4.02018            -6.73112
6.48737            -4.32932            -2.14266
-1.66907             8.22813             -6.0234
-6.56568             9.12566             -5.9703
5.60626            -9.95237            0.859433
0.183469             9.43026            -4.97081
8.69745            0.900955            -5.85525
6.15414            -5.19729             6.97566
-3.73852             5.68714            -2.53818
0.665661            -4.92321            -7.18432
7.44221             4.11485            -1.04888
6.51426             4.94493             9.29171
-9.98719            -3.73973             8.82691
7.94402             2.21843            -5.23358
1.51674              3.1407            -2.46737
-0.0325781            -1.28207            -8.95562
-6.8987             9.49157             9.51235
-9.85621            -1.19445             4.30101
-5.91695            -6.36612             9.82578
-7.93138            -4.44562             8.55651
1.82074           -0.564276             7.74106
3.93297            -3.35852            -2.57632
-2.9417              1.2806             2.48425
1.6331             6.64422            -7.02676
6.26945             2.46315             1.83694
-5.68553             -5.7249            -3.36677
-4.62175            0.950324             8.78117
8.52418            -3.52979            -8.98914
6.64664            0.176718            -9.25117
0.510627            -3.85749            -9.71976
-7.58325             3.16539            -7.33233
-1.79321             3.41867           -0.837082
4.74166            -0.42206            -8.57627
-1.39281            -7.50781             1.26564
-1.29613             9.45374             8.74513
9.04818            0.205074             5.74606
-1.4551            -4.22222           -0.567596
9.59812             7.28757            -7.94027
5.63525            -6.14307            -1.17829
-9.37951           -0.905189            -4.79227
2.18452            -4.50207             4.10233
-0.54043            -5.81586            0.297596
8.69624             4.66385            -8.18869
-3.57947            -3.76477            -6.37833
7.30552            -8.39135             8.01969
-2.01417             1.77653            -1.09344
-0.803566            -3.27555            -2.29739
7.18442             7.87283            -1.14105
6.18885             -8.9239            -4.77641
6.97567           -0.319781            -7.81972
-5.64776             7.40744             2.71925
-1.04033             0.21635              4.5412
8.19209             5.81624             6.85755
8.06243            -8.25338            0.888447
-4.48591           -0.800185           -0.688441
-9.07709             -1.1136             4.31076
9.05824           -0.018321            -1.87715
