11.7596             3.86648            -7.86511
0.523683             1.42149            -1.33304
4.16424             1.81371             1.36889
1.54245           -0.811628            0.272847
1.62693            -1.32715            -0.22072
1.7018           -0.662367             1.40685
-0.0218481             1.39616           -0.474786
0.252736            -1.92657           0.0708074
-3.73869            -2.22924            0.357439
0.493358         0.000612855           0.0300762
-1.34156             1.36056            0.404676
0.796651             -2.3846             1.47852
-5.23943            -3.79906           -0.504119
-0.597153            -2.02641             1.06625
2.5665           -0.571981           -0.119836
-1.53404            0.931541           -0.824004
1.85167             1.13652            -3.95649
0.232136           -0.952745             1.89002
2.93344          -0.0424716            0.885789
0.825816             0.47178          -0.0599376
1.47698            0.350114            0.213116
-1.88735            0.317739             1.85859
2.28667            0.538277            0.338193
0.665747            0.645094             1.03739
-0.824287           -0.298369            0.445601
0.950075            -0.62527            0.247601
0.990363             1.43832           -0.993821
0.707549            0.411207            0.451295
-3.67098             1.12657              1.5306
0.725995            0.290296            -1.05349
0.291164            0.452273            0.485557
-0.701499             -1.0918            0.699126
-8.0679             1.82133             4.12743
-3.04419           -0.429078            -2.93679
-1.27224           -0.732678           -0.995575
-0.303222            0.636885             1.13913
3.36438             1.13287            0.679381
0.266403           0.0629115             1.05214
-1.39705           -0.772232            0.657652
-0.133065            -0.34378          -0.0489509
1.79148            0.317063            0.427701
-0.0884287            -0.77105            0.911716
-1.69991            0.501321            0.059556
-0.443009            0.274015             1.30462
0.96283              1.3486            0.693633
-0.893094            0.924812             1.17653
1.72051           -0.315234           -0.792369
-0.400895           -0.791155            0.284894
1.47075           -0.255728            -0.18195
0.746986             1.63752            -1.00598
1.57832            -2.02263             1.23322
-0.372568           -0.224992             1.25485
1.50608            0.433803             1.16644
-0.40859           -0.451931            0.632736
2.19967            -1.14374            0.236163
0.952122            0.578863          -0.0902935
-1.25696            -0.53117           -0.290669
1.20505            0.137892             0.13531
-1.91148           -0.323711           -0.152788
-1.57015          -0.0229518            0.135718
-2.47858             1.52698            0.758262
-2.54865             -0.4591            -0.18347
0.559588            0.508907            0.347228
-1.57038           -0.124186           -0.355922
1.34334            -3.09178             3.66244
-1.02394           -0.987837            -2.63886
0.823083            -1.21412            -1.28181
-0.348151           -0.427888           -0.902789
0.565073             1.69737            0.739682
-0.227388            0.874781            0.350029
0.650694             1.36217            0.977107
0.156177           -0.197275            -0.80803
0.243668            -0.48869            0.118915
-0.692638           -0.792646             0.97347
-0.187742            0.598537            0.395709
-0.0826814            -1.35015             1.54126
0.0382262          -0.0284047           -0.839681
0.610195             -1.7653            0.592788
-0.184342           -0.650202            0.762287
1.83122             4.20988            -0.83777
0.903263            0.763667            0.934328
-1.2248            0.916226            -1.23957
0.512499            0.432475           -0.149679
1.10101           0.0358127            -2.12917
0.615082           -0.419596           -0.260517
-0.147549             1.22777             1.43767
0.148362             1.14374           -0.793004
0.0968911              1.3817             1.27145
0.914722            0.928076           -0.201238
0.959671           -0.106177            0.429442
1.32143           0.0880158            0.661936
0.747273            0.774879             1.10363
0.942358           -0.349906            0.155898
0.711017            0.114507           -0.340511
-0.834929             0.64125             1.39367
0.473438           -0.171789           -0.273522
0.53347            0.527716            -1.59573
0.66852            0.608187              3.3754
0.55442           -0.577311            -2.49008
1.20249            0.485874           -0.627901
0.937906            0.155356            0.668132
1.4263           -0.491078           -0.322707
1.19112            0.019143            0.150083
0.897782           -0.425896           -0.279278
-0.200213            0.118328            0.807238
0.526834              1.4068           -0.580745
1.0871          -0.0628924             1.11904
0.857068            0.891492           -0.120422
0.175707            0.506312          -0.0950807
-0.321435            0.436652            0.878605
0.478111           -0.537792           -0.574682
-0.0320721            0.461708           -0.857062
0.547576            0.963717             2.28793
-0.291979            -1.59241             3.73528
-0.678589           -0.252182           0.0971812
1.30987          -0.0880778           0.0719454
1.00817           -0.158103            0.153834
-0.278054            0.971326            0.153448
0.0819611            0.556127           -0.392746
-0.434184            0.689925             1.10397
0.881698            0.725174            0.649056
0.915757           -0.875591            0.648424
0.494259            -1.05567             1.05325
0.323459          -0.0462223            0.936271
0.29391           0.0674364           -0.503428
0.640235            -1.20472            0.708537
0.780168            0.581951             5.32998
0.0571633           -0.324275             2.05868
0.439953            -1.20148            -2.61881
-1.35271           0.0675013             2.08967
-0.308199           -0.763025           -0.712397
0.549621            -2.97919             1.95602
1.18769            -4.09282             1.39455
-0.311818            -3.00789            0.507448
1.02811            -1.90503            0.383818
1.35805             1.11306           -0.208749
0.279246            0.589992            -0.55299
1.42524            0.394501            0.349927
0.485175           -0.701558          -0.0175678
-0.463237             1.48743           -0.450643
0.5604           -0.230156             0.65373
-1.30061            0.715719             1.70919
0.460098            -2.57815           -0.423848
0.640355             0.22997           -0.970471
0.747471            0.390592             1.64928
0.195421            0.244431            -2.08004
1.64691             1.72009             1.34872
1.76954            0.134566            0.951214
0.684138           -0.364511            0.570268
-0.0521155              1.0144            0.718196
-0.233406            0.659887           -0.466802
0.754606           -0.862576           -0.438578
1.24912             1.19859             1.51861
0.280353            0.673331             1.02532
0.19948            0.150498          -0.0233683
-0.342275            0.447394            0.415427
0.811347             0.38718            0.349939
0.368292        -0.000531485             0.63506
0.650923             1.35973           -0.832933
0.258428           -0.505575           -0.569243
0.0371109            0.267928            0.818005
1.14327            0.958806             2.31945
0.344192            0.397891            0.888308
-0.208232            0.105294            0.246063
-0.387967            0.100973           -0.036073
0.281635           -0.592823           -0.169276
1.10255            0.623159          -0.0647108
0.29608           0.0794564            0.640792
0.0828177            0.459969              0.3029
-0.904341           -0.627707             1.81619
0.590809           -0.340724            0.177121
0.435469           -0.145514           0.0170198
0.746564           -0.146434            0.569799
1.43043            0.430573            0.931089
-0.0755199            0.980468            -0.98281
0.956173            0.578469            0.343033
-0.0193934             0.33235            0.162896
0.703634           -0.474583             1.12053
0.512075           -0.988098           -0.267729
0.631361             1.06413          -0.0510087
0.878898           -0.222531             0.14496
0.551926           -0.440283          -0.0523636
0.0487692           -0.592726             0.64144
-0.30349            0.506253            0.798723
0.454341            -0.29118            0.162069
0.708204            0.782903           0.0655834
0.50525             1.31442            0.363386
-0.297887            0.152463           -0.247477
0.481475             1.14622            0.662546
0.504556            -1.17865            -0.20858
-0.301275           -0.934558            0.468526
-0.402768           -0.277306             2.09177
0.254343             3.48898            -2.48021
0.502787           -0.727797            -2.96949
0.61156           -0.174414            -1.66137
0.696514             2.62225            -3.89308
0.294838           -0.404379           -0.175234
-0.950853            -2.53702             1.45302
0.734176             0.70379            0.115885
-0.406278            0.970083           -0.226823
0.561632             1.00066           -0.540553
-1.18077            -0.61768          -0.0358072
0.416227            0.592147            0.418318
-0.914983            0.465987           -0.453542
1.20189             -3.3243            0.124438
-1.04171            -2.86118           -0.252621
0.157228            -2.28643           -0.795694
1.32828           -0.619412            -1.01213
-0.252876           -0.222491           -0.249518
0.319793           -0.657395            0.982784
0.381584           -0.886037          -0.0549806
2.01699           -0.557824            -2.22479
-0.202252            0.260028           -0.166549
0.0423107           -0.825234              1.3244
0.308459           -0.369373           -0.078003
0.74499             0.71683            0.562284
0.109183          -0.0705425            0.220599
-0.271013            0.224196            0.448115
0.962835            -0.55786           0.0835806
-0.0869855          -0.0565374           -0.490919
0.316428            0.102331            0.195441
-0.366532            0.556187            0.365513
0.268355            0.186275           0.0602217
0.225445           -0.193851            0.234402
0.703844           -0.141714           -0.438128
1.39744           0.0908162             1.72741
1.01869            0.962488           -0.559717
2.0707          -0.0708941             1.22392
0.711958           -0.458053          -0.0384014
3.07803         -0.00139517           -0.787718
-0.0147085            0.915739           -0.339748
1.872            -0.36323            0.746525
-0.0326491          -0.0619014            0.595197
-0.167387            0.782512           -0.503019
0.711745            0.368336            0.486173
-0.00752852            0.724689            0.521202
-0.627368           -0.431396           0.0740159
0.829044            0.334624            0.365573
0.573151             1.16037            0.276177
-0.183229          -0.0386106            0.281249
0.497554             1.26048             2.02612
-2.05212             5.72114             1.61289
-0.205787            0.194006           -0.407458
0.60019           -0.203409            0.576524
-0.187915            0.765408            0.281473
2.92545           -0.130621            0.501931
0.530528             1.23954            0.184913
-0.980881          -0.0717996            0.394226
0.123592            0.694236           -0.234868
0.397576            0.143191           -0.277565
-0.0608883            -1.08548            0.121764
0.0509803            0.409239           -0.251188
0.875329           -0.214866          -0.0247398
0.571278           -0.985355           0.0921467
0.119014             2.85479             6.54705
0.493371           -0.226332             2.96758
