0.0740379           -0.831935            0.505722
0.788049          -0.0918302          -0.0420545
-0.164525           -0.703513           -0.390393
0.849422           -0.119968            0.245827
-0.914426           -0.693594            0.731254
-0.802789           -0.604541           -0.940733
-0.836146           -0.552843            -0.34959
0.151433             0.57149           -0.128971
0.620411             -0.3043            0.328379
-0.877895           -0.316721            0.380261
0.623402           -0.371502           -0.858089
-0.214881           -0.167028            0.326426
-0.0502029           0.0244148           -0.910764
0.588031            0.757897           -0.511795
0.353679           -0.335093           -0.915952
-0.959014            -0.89053           -0.161534
-0.909177            0.212195           -0.481368
-0.191229           -0.852718           -0.965392
0.42555            0.882382            0.804163
0.249367            0.519669            0.677419
0.438459            -0.53209            0.382214
0.155187            0.217017              0.3361
0.224952           -0.841029            0.582018
-0.780602            0.853175           -0.331187
0.207678            0.952788            0.175481
-0.888668            0.839167            0.516099
0.00482192            0.164892            0.750694
-0.460799           -0.431562           -0.205817
0.354167            0.403302           -0.550157
0.396374           -0.989257            0.340861
-0.820673           -0.501389           -0.426344
0.26719           -0.846248           -0.458144
0.113956            0.556169            0.847743
0.0770898            0.701193           -0.518784
-0.617054           -0.307291            0.866939
-0.0407422            -0.23014           -0.222114
-0.986999            0.705954            0.301004
-0.382458             -0.6704            0.312754
0.0579852           -0.732597           -0.696097
-0.189123          -0.0236518           -0.685904
-0.380993            0.212714            0.579241
0.556108           -0.911466            -0.94232
-0.195349            0.990509           -0.668325
0.7669            -0.60979           -0.561357
-0.0778832             0.47853           -0.733879
-0.171789          -0.0190435           -0.175359
0.568682            0.432478           -0.318674
-0.900845           -0.912137            0.664998
0.365795           -0.925535            -0.13834
0.688772             0.37669           0.0779748
-0.830744           0.0470595            0.340983
-0.0303049           -0.549577            0.829127
0.181097            0.945372            0.515763
-0.743767           -0.155705             -0.3914
0.491836           -0.601581           0.0385449
-0.93057            0.641408           -0.861507
0.103824            0.287515           -0.648396
0.397839            -0.44969            0.504318
0.877468            0.144627            0.690664
0.987854             0.85638            0.772851
-0.550554            0.856227           -0.862209
0.0573138           -0.387005           -0.490127
0.892056           0.0892361             0.17893
0.695517           -0.799921             -0.9906
0.00802637            0.384014            0.880886
-0.286935            0.565813            0.176885
0.683584           -0.594409           -0.717154
0.839412            0.332774           -0.777703
-0.651814           -0.951262           -0.142552
0.234687           -0.654988            0.719687
-0.80221           -0.464553          -0.0284433
0.341472           -0.915189           -0.575243
0.193182            0.819941           -0.173284
0.886502           -0.504807            0.643239
0.946471           -0.284982             0.81341
-0.230354            0.570086           -0.487777
-0.298624           -0.550798            0.110691
0.869839            0.611255           -0.824427
-0.891629          -0.0126652            0.852962
-0.707694            0.559282            0.629719
0.425001             0.87225            0.972167
-0.0249031            0.277444           -0.382611
0.693075           -0.740776            0.589801
0.778802           -0.366222            0.552171
-0.414777           -0.270211            0.760338
0.462142            0.316233           -0.947264
0.758934           -0.855678           -0.532121
-0.41673           0.0792566            0.468215
-0.69454            0.767205         0.000946074
-0.324717           -0.637379            0.270913
0.885647           -0.305582            0.323283
0.728019            0.768822           -0.496109
-0.420789           -0.859798           -0.805475
0.975005            0.563433           -0.657002
0.850032           -0.198828           -0.821284
0.0893582           -0.952757            0.638508
0.417127           0.0827967           0.0531327
0.823542            0.217719           -0.170446
0.651967            0.451399          -0.0317087
-0.723685           -0.743065            0.716971
0.245552             0.16953            0.785943
0.519364            0.828547            0.100681
-0.00103763           -0.701651            0.238075
-0.684347           -0.768242           -0.980377
0.256874            -0.27604            0.410047
0.720328           -0.292825            0.644887
0.141087            0.211737           -0.172979
0.716391            0.464675            0.605457
-0.963134            -0.23899            0.797845
0.162358            0.843745           -0.281014
-0.606433           -0.973907            0.574236
-0.963347            0.830744            0.809381
0.575793           -0.335276            0.883938
0.246284           -0.165044           -0.798944
-0.00350963           -0.740471           -0.969298
-0.988769            0.237953            -0.79162
0.0543229            0.512223           -0.849086
0.860897            -0.79696           -0.458541
-0.411725            0.196783           0.0321665
0.0805994            0.392132            0.225349
-0.507828            0.557604           -0.485855
-0.661153           -0.176336            0.243385
0.496872            0.995209           -0.356273
-0.307962          -0.0387585            0.515976
0.293771           -0.177435           -0.839686
-0.520249           -0.155889            0.679128
-0.9317           -0.869076           -0.986908
-0.298074           -0.506607            0.546098
0.658376           -0.451125            0.718772
-0.374157           -0.345134            -0.18479
-0.216285           -0.545946            -0.55739
-0.20307           -0.682394            0.125645
0.261177           -0.632008            0.167364
-0.177648            0.117557           -0.426252
-0.49321            0.677999            0.372539
-0.824976           -0.511307           -0.865841
-0.428358           -0.762474            0.495346
-0.190161           -0.627857            -0.64037
-0.449904           -0.508835            0.282937
-0.36729           -0.616535           -0.695425
-0.478347          -0.0722373           -0.958129
-0.310862            -0.68215           -0.398389
0.903287             0.49559           -0.694174
-0.782769            0.131565            0.738853
-0.963378           -0.628864           -0.681051
-0.680776           -0.805872            0.777917
-0.159307            0.604602             0.55443
-0.185278            0.339335            0.773797
0.170812           -0.208289           -0.921384
-0.271798           -0.352489           -0.411298
-0.741966             0.49968             0.66451
-0.295053           -0.211554           -0.988159
-0.72805            0.855708            0.262062
0.68041            -0.99707           -0.380474
0.585009            0.342082            0.153691
0.385723           -0.442366            0.254097
-0.654592            0.103854            0.830805
-0.84521            0.458205            0.425398
-0.280343           -0.419935           -0.465621
-0.702292          -0.0697043           -0.638997
0.705191            0.318827           -0.138279
-0.907346           -0.792535            0.436415
-0.476913           -0.327006           -0.697287
-0.818384            0.278512            0.370708
0.347819           -0.141179            0.629475
-0.931974           -0.104831             0.69808
0.0235298           -0.908963            0.635701
0.901761            -0.47911            0.977508
-0.219977           -0.491836           -0.541246
0.709891          -0.0183721            -0.85406
0.949858            0.695547            0.335398
-0.35667            0.254921            0.819941
-0.407544            0.110813           -0.160619
0.358043           -0.748314           0.0610981
-0.878658           0.0384533           -0.580676
0.81225            0.273019           -0.734306
-0.389294          -0.0984222          -0.0771203
-0.937559            0.122501            0.301645
0.963897            0.672689           0.0763878
0.924863           -0.751183         -0.00622578
-0.991485            0.426527           -0.522935
-0.807947             0.39378           -0.322916
-0.947661            0.920377            0.711051
0.96408           -0.575457           -0.392987
0.195776            0.889828            0.394726
-0.936888           -0.186132            0.172155
0.430006           -0.256172           -0.735832
-0.650441           -0.661977            0.413373
0.144566             0.46498          -0.0509964
-0.883175            0.420209           -0.795984
-0.945585            0.452773           -0.203467
-0.213874           -0.656423             0.62389
-0.18717           -0.546953            0.478408
-0.672781           -0.560625            0.673147
-0.940397           0.0248726           -0.510697
0.141575           -0.565325           -0.100284
-0.310892           0.0307932            0.920957
-0.285958           0.0293893            0.949156
0.243141           -0.191168           -0.387677
-0.584338            -0.41258           -0.842524
-0.800531            -0.70806            0.566027
0.974548            0.129246          -0.0415357
-0.123997          -0.0723594           -0.178747
-0.88937            0.515366           -0.322459
-0.470229           -0.946287           -0.380688
-0.127934            0.320231           -0.184912
-0.535173            0.344432            0.757958
0.229194             0.47264           -0.893185
0.311319           -0.120701           -0.692038
-0.906949           -0.193823           -0.883633
0.627003           0.0656453            0.922666
0.795038            0.460524             0.27781
-0.899899            0.766259           -0.605609
-0.363536            0.987945           -0.741966
0.13303           -0.896115           -0.610034
-0.522996           -0.927854           -0.857723
0.407849            0.919431           -0.855312
-0.266243            0.986541           -0.639698
0.718192           -0.428694            0.779107
-0.822626           -0.286172           -0.977905
-0.561357           -0.617969            0.178808
0.348735            0.648183            0.722282
-0.883145           -0.850185           -0.302744
0.275918            0.687399           -0.988922
-0.39024           0.0278634            0.812159
0.201483            0.806452            0.174047
-0.519608             0.65096           -0.713248
-0.776025            0.483016           -0.243873
-0.112064            0.165838           -0.196844
0.524552           -0.786493            0.243599
0.709464           -0.602527            -0.14481
0.0737022           -0.458968            0.769158
0.994903             0.68627            0.494308
-0.960417           -0.781487            0.489731
-0.861843            0.721122            0.317667
0.201422           -0.439589           -0.827815
0.5421           -0.701407            0.999939
0.225715           -0.332316           -0.716849
0.781823             0.43672              0.9064
-0.742454           -0.354198           0.0941191
0.843501           -0.103641           -0.051912
-0.760582            0.254952            0.568529
-0.76458           -0.685568           -0.136906
-0.414777           -0.360668           -0.658589
-0.435835            0.358135            0.527573
-0.614185            0.858333            0.248238
-0.308634             0.14536           -0.955992
0.938383           -0.119083            0.581225
-0.517319            0.235328            -0.52147
-0.785516            0.797388           -0.335551
-0.54207             0.33198            0.616352
-0.653951           -0.809931           -0.213019
-0.858821           -0.451247            0.298929
0.737815           -0.404523            0.166875
-0.955138           -0.775964          -0.0220038
-0.86285            0.989563         -0.00326548
0.0852105            0.569656           -0.564902
0.0356791           -0.346745             0.46354
0.802812            0.698178            0.826507
0.83551           -0.614448           -0.396373
0.584426           -0.248419           -0.583358
0.0638221           -0.267619            0.917572
-0.093469            0.959447            -0.36741
-0.0647895           -0.891683           -0.104646
-0.532917           -0.102842            0.160316
0.191261           -0.472334           0.0557596
-0.880544            0.616236            0.473924
-0.121984           -0.767896            0.799648
-0.0766924            -0.78637           -0.561691
-0.442151           -0.923278             0.38722
-0.94878           -0.878169             0.32539
-0.544481            0.903616           -0.180946
0.573581            0.355911           -0.725396
0.175851           -0.522202             0.76659
0.554032           0.0181897            0.481275
0.0187446            0.645316           -0.491652
-0.946062           -0.588302           -0.187686
-0.683617           -0.195713            0.513049
0.941153            0.193915           -0.292548
0.520615            0.479051            0.532917
-0.512853           -0.860954            0.315869
0.865137           -0.740377            -0.25028
0.699751            0.755029           -0.854302
0.832789             0.35307           0.0710799
-0.642496            0.565816            0.941376
0.703999           -0.271185           -0.935391
0.551858           -0.255804            0.842885
-0.408095           -0.963135             0.35604
-0.0730544            0.525258            0.987166
-0.76083           -0.617663          -0.0463294
0.664558           -0.891659          -0.0817916
0.0469371            0.594928            0.969788
0.241672            0.378737           -0.182987
-0.402535           -0.510481            0.396286
-0.0821552           -0.577989            0.179756
-0.358318           -0.616443           -0.723744
0.467382           -0.408671            0.462236
-0.986903           -0.903315             0.54372
-0.371099            0.390577          -0.0847476
-0.472396           -0.214819            0.823758
0.331511            0.774928           -0.134005
-0.720693            0.272899            0.266795
0.0713124           -0.585923           -0.897921
-0.974027            -0.47081           0.0211911
0.0989704           -0.625779            0.424708
-0.410619            0.241653          -0.0711104
-0.0482648           -0.920528            0.790729
-0.525804           -0.365001            0.969385
0.524077          -0.0550226            0.482164
-0.825587            0.365795           -0.199374
0.339268           -0.487501           -0.369882
0.148994            0.809565           -0.503736
-0.885304            -0.37327           -0.436657
0.888665            0.433915           -0.111604
0.586856            0.789942           -0.332833
-0.631825           -0.298837          -0.0644223
-0.592045            0.662468            0.612172
-0.418531            0.118449           -0.905146
-0.654938            0.268908            0.758115
-0.0330535           -0.273143           -0.980616
0.207409          -0.0824305            0.481745
-0.638019           -0.324867           -0.642441
0.519582          0.00564229           -0.874262
-0.750387            -0.78893           -0.834222
-0.230808            0.898164            0.461045
-0.168948           0.0815773           0.0562794
-0.0290792            0.816037            0.651206
-0.121828           -0.589488           -0.623369
-0.484019           -0.696336            0.133032
-0.732411           -0.314678            0.600118
-0.627089            0.456465          -0.0571589
-0.0290513           -0.169888            0.942597
-0.444741           -0.760425           -0.998717
0.272594           -0.351392           -0.313423
-0.632218           -0.160197            0.325949
0.471606            0.929584           -0.899749
0.370773           0.0722423           -0.346135
-0.723196            0.495438           -0.469955
0.168069            0.221748          -0.0771528
0.580344          0.00662417           -0.988103
0.559316           -0.909785            -0.33332
-0.135317            0.518786            0.477954
-0.337561            0.849636            -0.63405
0.0392202            0.887755            0.631919
0.584494             0.50896           -0.876947
0.38536           -0.412944          -0.0011574
0.73489         -0.00494334            0.382338
0.384079            0.386946            0.625082
0.857482             -0.7589           -0.441875
0.18171           -0.243749           -0.769308
-0.889185            0.445298            0.513665
0.146861           -0.087345           -0.180421
0.35228           -0.399087           -0.324808
0.588947            0.453536           0.0465704
0.733883           -0.692312           -0.997625
0.314711            0.839778           -0.809811
0.841642           -0.687305            0.525624
0.788601           -0.454357            -0.22733
0.694728           -0.142032           -0.126192
-0.0718366           -0.411175           -0.752523
-0.486005         -0.00658969            0.800503
0.29475            0.855711           -0.527419
0.491078          -0.0363774            0.473924
0.293714            0.878018           -0.171481
-0.120302             0.38127           -0.990445
-0.343636             0.17112            0.239724
0.243571           -0.514784           -0.618148
-0.761614            0.856776           -0.835833
0.0812442            0.368912            0.218931
-0.675708           -0.346777            0.523351
-0.982449            0.464686            0.462414
0.566946           -0.166569           -0.508373
0.919739           -0.298775           0.0524331
-0.429025            0.956239            0.194253
-0.149691            0.389519           -0.507612
-0.673479           0.0170605            0.757075
0.841612            0.324323            0.217508
0.362869           -0.404798            0.487139
0.189461           0.0131309            0.913635
0.106849           -0.315317             0.40895
0.220683             -0.2591           -0.968412
-0.129944           -0.987634            0.256174
0.819729            0.839397            0.696179
-0.739488           -0.185829            0.365443
-0.0279188           -0.664474           -0.698756
-0.816461            0.144996            0.584609
0.0795962           -0.384964           -0.901824
0.140021            -0.29697            0.997865
0.520192            0.157994            0.891174
-0.468243           -0.758414           -0.270544
0.745815            -0.30583             -0.1055
0.456193           0.0880746           -0.841393
-0.0325898            0.411514           -0.998472
0.82211           -0.831777           -0.159365
-0.211764           -0.133946          -0.0740356
-0.799308            0.490279           -0.807121
-0.218234           -0.807204            0.350233
-0.960995           -0.400856            0.789607
-0.423656           -0.844785            -0.93923
-0.0996695           -0.235532           -0.630057
0.578696           -0.220583           -0.678636
0.111729          -0.0151976             -0.3228
0.966708            0.973236            0.724565
0.901368           -0.347543            0.772296
0.629508             -0.8995             0.35707
-0.304115            0.635855            0.224986
-0.895501            0.497452           -0.569443
0.0651915           -0.907254           -0.500043
0.544086            0.907104            0.945435
0.10993            0.292949            0.668846
-0.402535           -0.208807           -0.493879
-0.848807            0.688254            -0.35331
0.619955          -0.0984494           -0.135744
0.180977           -0.346932            0.125311
0.91803            0.786831          -0.0485503
-0.332158           -0.754814           -0.726824
-0.410836            0.099006           -0.692159
0.804713             0.69683            0.113707
-0.735309            0.298228            0.693046
-0.657761           -0.616443            0.780902
-0.868799           -0.253393           -0.478313
0.195931           -0.779624           -0.578293
0.755368             0.33839           -0.246129
0.0539302          -0.0330204            0.401443
-0.339425          -0.0143414            0.167152
-0.743917           -0.704517             0.86096
0.444262           -0.534073           -0.252783
-0.110046           0.0639675           -0.427379
0.754969           -0.739125            0.725275
0.932984            0.365522            0.738183
-0.597092            0.626456           -0.610267
0.272627            0.455335            0.864197
-0.86779            -0.36338           -0.266939
0.156043            0.876429            0.491203
-0.00243917           -0.852645           -0.297957
-0.0305756            0.958495           -0.302929
0.869047           -0.920681            -0.37098
-0.139252           -0.171688           -0.478101
-0.601121           -0.845162            0.554646
-0.759022            0.674245            0.262919
0.235636           -0.376109           -0.454022
0.196635            -0.11727           -0.176883
0.232248            0.767463            0.346479
-0.689714            0.016205           -0.676715
-0.149752            0.743494            0.294323
0.0337879           -0.974785           -0.167454
-0.561754           -0.904617           -0.470059
-0.977411           -0.386823            0.236954
-0.333807            0.954412            -0.29987
0.319087           -0.562911          -0.0223428
0.285626           -0.427931            0.133727
0.330594            0.160139           -0.822788
-0.645921            -0.44788           -0.613999
-0.740975           -0.960175            0.574118
0.202616            0.551961           -0.361276
-0.175314          -0.0651186           -0.725484
-0.278264           -0.949603           -0.653033
-0.770859           0.0918859           -0.528426
-0.24979           -0.802939          -0.0616756
-0.821394           -0.562844           -0.891352
0.903047           -0.409154           -0.169009
-0.8492          -0.0463324           -0.891871
-0.0946051           -0.617422            -0.10855
0.598603           -0.311758            0.901243
-0.609391           -0.564619            0.431892
-0.214621           -0.462416            0.182511
0.377578           -0.989409           -0.273173
0.432955           -0.314554           -0.904849
-0.975003            0.102332           -0.624223
0.0943505           -0.834038            0.892821
0.198892           -0.385479           -0.354592
0.83094            0.840298            0.229044
-0.116243           -0.881524          -0.0428152
-0.474301          -0.0737609            0.173164
0.943025           -0.645893           -0.351083
0.740697           -0.715963             -0.8789
-0.0607906           -0.191958            0.200691
-0.168597            0.180397            0.204597
-0.0348508          -0.0909429           0.0160607
-0.258901          -0.0806299           -0.649477
0.285871           -0.513623            0.423074
0.406187           -0.353343            0.230183
0.721583            0.551195           -0.642627
0.652353            0.196418          -0.0685738
0.766443            -0.74706          -0.0313402
0.653938           -0.398386           -0.712819
-0.473094            0.540056           -0.420421
0.662027           -0.409741             0.88742
-0.377207           -0.383036            0.708734
0.894936            0.768092            -0.58928
0.0958931            0.287943            0.208444
-0.560056            0.856747             0.33946
-0.991362           -0.580826             0.14121
-0.0804323           0.0806932           0.0882914
0.153326            0.856474          -0.0676178
-0.926918           0.0067436           -0.885501
-0.120637            0.622916            0.527696
-0.974747            0.461397           0.0820577
-0.786154          -0.0511955           -0.396987
-0.617889           -0.637196            0.663626
-0.44032            0.715722            0.053013
0.110558            -0.54932            0.439591
0.527483            0.352531          -0.0168744
-0.888011           -0.333841             0.36305
0.0421179            0.604757           -0.917689
0.0755495            0.514765           -0.350777
-0.205419           -0.582129           0.0435522
0.14403            0.110508           -0.740835
0.760157           -0.972989          -0.0176994
0.846932           -0.929462           0.0900614
0.527513            0.525267            0.898242
-0.291739           -0.241341            0.499399
