Number of particles: 256
dt = 5.08585e-007
Number of timesteps: 500001
0   133.977
1000   133.977
2000   133.977
3000   133.977
4000   133.977
5000   133.977
Number of particles: 256
dt = 5.08585e-007
Number of timesteps: 500001
0   119.946
1000    120.43
2000   120.965
3000   121.551
4000   122.188
5000   122.874
6000   123.609
7000   124.393
8000   125.226
9000   126.107
10000   127.035
11000   128.011
12000   129.035
13000   130.106
14000   131.223
15000   132.388
16000   133.599
17000   134.831
18000   136.108
19000   137.431
20000     138.8
21000   140.215
22000   141.676
23000   143.184
24000   144.739
25000   146.342
26000   147.992
27000   149.667
28000   151.354
29000   153.087
30000   154.866
31000   156.714
32000   158.608
33000    160.55
34000   162.543
35000    164.59
36000   166.691
37000   168.848
38000   171.063
39000   173.335
40000   175.669
41000   178.064
42000   180.524
43000    183.05
44000   185.644
45000    188.31
46000   191.048
47000   193.862
48000   196.755
49000   199.729
50000   202.787
51000   205.934
52000   209.171
53000   212.504
54000   215.936
55000    219.47
56000   223.112
57000    226.82
58000   230.637
59000   234.576
60000   238.641
61000   242.832
62000   247.088
63000   251.486
64000   256.033
65000   260.737
66000   265.604
67000   270.643
68000   275.864
69000   281.263
70000   286.832
71000   292.611
72000   298.611
73000   304.845
74000   311.326
75000    318.07
76000   325.081
77000   332.365
78000   339.959
79000   347.838
80000    356.03
81000   364.596
82000   373.561
83000   382.953
84000   392.794
85000   403.128
86000   413.999
87000   425.449
88000   437.523
89000   450.274
90000    463.76
91000   478.046
92000   493.202
93000   509.312
94000   526.465
95000   544.765
96000   564.335
97000   585.319
98000   607.878
99000   632.209
100000   658.311
101000   686.378
102000   716.354
103000   749.168
104000    785.19
105000   825.132
106000   869.706
107000   919.825
108000   976.665
109000   1041.52
110000   1116.36
111000   1193.79
112000   1279.75
113000   1383.79
114000   1512.85
115000   1675.44
116000   1885.24
117000   2163.51
118000   2544.25
119000   3015.06
120000   3706.07
121000   4747.51
122000   6370.64
123000   8973.66
