Number of particles: 256
dt = 5.08585e-007
Number of timesteps: 500001
0   133.977   133.977
1000   133.977   133.977
2000   133.977   133.977
3000   133.977   133.977
4000   133.977   133.977
5000   133.977   133.977
Number of particles: 256
dt = 5.08585e-007
Number of timesteps: 500001
0   3514.15  -3274.26
1000   3514.61  -3273.75
2000   3515.08  -3273.15
3000   3515.54  -3272.44
4000   3516.01  -3271.64
5000   3516.48  -3270.74
6000   3516.95  -3269.74
7000   3517.42  -3268.64
8000   3517.89  -3267.44
9000   3518.36  -3266.15
10000   3518.82  -3264.75
11000   3519.28  -3263.26
12000   3519.74  -3261.67
13000   3520.18  -3259.97
14000   3520.63  -3258.18
15000   3521.06  -3256.28
16000   3521.48  -3254.29
17000   3521.87  -3252.21
18000   3522.25  -3250.04
19000   3522.62  -3247.76
20000   3522.97  -3245.38
21000   3523.32  -3242.89
22000   3523.64  -3240.29
23000   3523.96  -3237.59
24000   3524.26  -3234.78
25000   3524.54  -3231.86
26000   3524.81  -3228.82
27000   3525.03   -3225.7
28000    3525.2  -3222.49
29000   3525.35  -3219.18
30000   3525.48  -3215.75
31000   3525.61  -3212.18
32000   3525.71  -3208.49
33000   3525.78  -3204.69
34000   3525.84  -3200.75
35000   3525.87  -3196.69
36000   3525.88   -3192.5
37000   3525.87  -3188.17
38000   3525.84  -3183.71
39000   3525.78  -3179.11
40000    3525.7  -3174.36
41000   3525.59  -3169.47
42000   3525.47  -3164.42
43000   3525.32  -3159.22
44000   3525.15  -3153.86
45000   3524.96  -3148.34
46000   3524.74  -3142.65
47000   3524.51  -3136.78
48000   3524.25  -3130.74
49000   3523.97  -3124.52
50000   3523.68   -3118.1
51000   3523.36   -3111.5
52000   3523.03  -3104.69
53000   3522.68  -3097.67
54000   3522.31  -3090.44
55000   3521.92  -3082.98
56000   3521.53   -3075.3
57000   3521.07  -3067.43
58000   3520.59  -3059.32
59000    3520.1  -3050.95
60000    3519.6  -3042.32
61000   3519.09  -3033.42
62000   3518.49  -3024.32
63000   3517.89  -3014.92
64000   3517.29  -3005.22
65000   3516.68  -2995.21
66000   3516.07  -2984.86
67000   3515.46  -2974.18
68000   3514.86  -2963.13
69000   3514.25  -2951.73
70000   3513.62  -2939.96
71000   3513.01  -2927.79
72000   3512.41  -2915.19
73000   3511.83  -2902.15
74000   3511.28  -2888.63
75000   3510.76  -2874.62
76000   3510.55  -2860.39
77000   3510.36  -2845.63
78000   3510.23  -2830.31
79000   3509.81  -2814.14
80000   3509.42  -2797.36
81000   3509.09   -2779.9
82000   3508.84  -2761.72
83000   3508.68  -2742.77
84000    3508.6  -2723.01
85000   3508.92  -2702.66
86000   3509.08  -2681.08
87000   3509.67  -2658.77
88000   3510.14  -2635.09
89000   3510.79  -2610.24
90000   3511.63  -2584.11
91000    3512.7  -2556.61
92000   3514.01   -2527.6
93000   3515.59  -2496.96
94000   3518.04  -2465.11
95000   3520.54  -2431.01
96000   3523.12  -2394.45
97000   3526.12  -2355.49
98000   3529.87  -2314.12
99000   3533.87  -2269.45
100000   3538.23  -2221.61
101000   3542.96   -2170.2
102000   3547.77  -2115.06
103000    3553.9  -2055.57
104000   3560.23  -1989.85
105000   3567.88  -1917.62
106000   3577.04  -1837.63
107000   3587.65     -1748
108000    3599.7  -1646.37
109000   3613.61  -1530.57
110000   3630.37  -1397.66
111000   3639.88   -1252.3
112000    3646.6  -1087.09
113000   3657.39  -889.805
114000   3674.28  -648.579
115000   3700.49  -349.603
116000   3742.79   27.6835
117000   3811.81   515.203
118000   3924.12   1164.37
119000   4051.13      1979
120000   4308.31   3103.82
121000   4795.38   4699.65
122000   5709.67    7031.6
123000   7400.11   10547.2
