-0.703174             3.88083             3.02934
1.22735            0.135895            -6.66527
-3.28602           -0.717797            -1.49418
2.04072            -5.73101            0.236213
-1.09987             1.74342          -0.0516583
1.25232             1.15077          -0.0489173
-0.535435             0.26432             1.28985
-0.12306             -2.6102           -0.509751
-2.18427             1.30358           -0.140347
1.51628             0.13909            0.956234
3.70679             0.58995           -0.852978
0.558101            -3.29911           -0.659285
3.95071             3.28694            0.320444
-1.20818            -2.43469            0.741373
-4.032           -0.783237           -0.736284
0.193292             0.77572            0.182984
3.82242           -0.207553             3.02545
-0.126643             1.09492              3.2703
-1.95607            0.457252            0.550395
-0.576166           -0.603579           -0.904795
-1.63475             -1.6782            0.755872
0.381482            0.782672           -0.446584
-0.536824           -0.855389            0.884199
1.65213            -1.48588             1.12288
-2.37696            -0.28094            -1.12367
1.54117            0.914699            0.965026
-1.31319            0.539405           -0.129751
0.305782             1.32561             1.28465
-2.62941              1.0687            -1.07797
0.984187           -0.951015            -1.05416
3.06615              1.0656            -0.36637
1.14029           -0.978554           -0.111993
2.78219           -0.460426            -3.81903
0.565352            0.620943            -2.63934
-2.27598           -0.634284           -0.246941
0.363427             1.43138             1.19163
-3.24911            0.148969             1.67774
0.571508           -0.199033            -2.05163
4.32186            -1.16818             1.55777
0.744239          -0.0518271            -0.19283
-2.79435            0.823591             1.02664
-1.52438            0.605866            -1.25929
-3.10257            0.136784           0.0983261
0.4975              1.0126            0.583591
-2.91356            -1.16206             0.33289
0.51191           0.0425242            -0.14346
-2.96133           -0.635483           -0.655924
0.784026            0.149955           -0.785627
-1.66253              1.9219             4.91766
1.7263           -0.960729             1.08559
-1.03037            -1.56224            -1.14344
3.36539            0.659711            -1.99531
2.7573           -0.388937             1.64181
-0.205322           0.0208008             1.53436
2.3524           -0.850268              -1.657
-2.34631             0.95215            -1.71344
3.18706            0.304685             0.56785
-0.827489           -0.714623           -0.706903
-3.05827           -0.507497           -0.261565
-0.359231           -0.438653           -0.558764
3.36545            -0.12841          -0.0997258
-0.122742          0.00327842           -0.949728
1.47213           -0.773725           -0.448027
-1.00484            0.640307            -1.01283
-1.26871             5.22854             4.42686
0.81684            -1.25629              2.9775
0.870129            -1.48876           -0.934294
-0.905136            0.742736           -0.276944
-0.157533             5.04374             0.57158
0.316009            0.521962             1.50194
-0.532992           -0.915342           -0.930072
-1.38174            -4.07083           -0.773718
0.599147             3.40637             1.17563
-0.387667            -1.60576            0.561343
0.394468             -1.3541            -1.61131
0.964949             2.20521            0.205919
0.533853             1.62351             1.14652
-0.164373            0.484159            -0.51959
-1.50419        -0.000913833             0.20762
1.1363             -3.4979             1.26062
-1.29391             0.63182             3.17211
-0.70134           -0.446641            -3.17962
1.32156            -1.41122            0.467161
0.678608             1.44349          -0.0901736
-1.33529             1.30689           -0.275738
1.01528            0.154823            -1.78191
0.468591             1.15032            -1.40832
1.62852            0.285025            -1.24915
-1.31492           0.0987048            -1.51448
-0.0597754            0.315196            0.885072
-1.84509            0.516983            -1.36471
1.26531           -0.487812             1.72254
-1.15809           -0.428651            0.522556
-1.1587            -1.29335           -0.703235
-0.872082            0.611497            -1.15765
1.66196             1.25648            0.158807
1.37418             0.44987             1.88003
1.58524           -0.658586             3.25764
-2.0616          -0.0290218             1.11537
-1.04892            0.917804            -1.19869
-0.524455           0.0151849             1.46134
1.46533           -0.338566            0.264705
0.611059          -0.0404266            0.450912
0.191631            0.672174            0.776871
0.924646            -1.73173             1.53802
-1.4198           -0.131614             0.24368
-1.64904            0.328602           -0.610027
0.134301            -1.04644             1.19371
-0.92678             1.47762             1.82306
-0.34494            -1.59065             1.16738
-0.0415602            0.729083           -0.480062
1.2305           -0.604174           -0.491497
-3.16786             1.12562              4.7879
-0.434973             1.09178           -0.915876
-2.66254           0.0816832           -0.481298
0.855271           -0.711407             0.75716
0.264117             1.71922            0.386224
-0.981453            -1.00171            0.788361
1.193            -0.47128           -0.338805
-0.854672            -1.00762            0.894001
0.16948              1.2716           -0.540633
1.6754            -1.38478            0.873255
-1.342            0.178418           -0.535836
1.40337           -0.601835             1.01365
-0.609763            0.878859            0.826813
-0.975185             -1.0331           -0.426322
1.88747            -1.46089           -0.219984
-0.881379             1.52465            -0.29841
2.24526             11.2635            -11.6456
-1.76896            -2.99057             12.5829
-0.146885            0.381818           0.0539643
-0.60872             2.16378            -1.34139
0.090455             1.69309           -0.400271
0.215243            0.864779           -0.293965
-1.50568            0.434973           -0.190677
0.575464            0.872899          -0.0072953
-0.619266             2.06108          -0.0281064
0.140144            -2.17321           0.0602645
-1.94287             -1.3159            -1.38892
1.48344             1.00357           -0.995349
-0.0126082            -1.44133             1.78915
0.878987           -0.307845             1.18329
0.686409             0.22529            0.497275
-1.88448            -9.58151             0.86133
0.948343           -0.389589            -3.43943
-0.414634           -0.249328            -1.81556
0.0141453              -0.623            0.221922
1.04582           -0.853487           -0.386267
-0.632041           -0.416573             1.27499
0.871549            0.952693            -0.71146
-0.224712             1.38613             1.42386
1.27535          -0.0428642            0.513191
1.55705            0.389936            0.273629
-1.6015            -1.75743             1.62586
-0.992511            -1.12536            -1.54555
-1.26763             1.66539            -2.00188
-0.473928          -0.0639222            0.490255
0.374841            -1.08035             1.18912
1.08373           -0.850716              1.6609
-1.75188             1.33429           -0.111467
-1.00807           -0.425826            -3.04768
0.923699            0.617494            -2.14313
-0.208857           -0.545976           -0.485868
1.39678           0.0934143            0.297707
-0.904737           0.0287392             1.29306
-0.289222            -1.22677           -0.473281
0.138916            0.185284           -0.893309
-1.66382            0.859606             1.87003
0.161385          -0.0560538            -1.60058
0.842081            -1.69127            -1.80485
-0.0990012           -0.630408            0.546637
0.235847            -1.21798            0.310882
-1.40613             0.45017          -0.0397147
0.141177            0.832898           -0.480679
0.131578            -1.14984           -0.965834
1.79706           -0.535877             1.33816
-0.422015           -0.212928            -3.01742
0.548656            -1.58315             1.72172
-0.063328           -0.541743            0.686986
1.38702            0.207105           -0.733449
0.798646             1.02292           -0.394024
-0.813925           -0.492654          -0.0997407
0.500172            -1.11706             1.51529
-1.26109            0.698319            0.794737
-0.904809             2.50987           -0.593192
-1.25747           -0.991329           -0.567246
0.132892           -0.235864           -0.520991
-0.586837            -0.93397           -0.954924
-1.00444           -0.165507            -1.03556
-1.36014           -0.152416           -0.780432
-1.42324            0.920219           -0.969063
-0.166104            -1.42712            0.961525
-0.399563             5.06358            -5.72651
-0.044156           -0.287882              4.1838
-0.540315          0.00657594           0.0229291
-0.415266            -4.99296           -0.291993
0.507717             1.95211            0.256037
1.77089            0.984971           -0.602284
0.657386            -0.63636            -1.49124
-0.666611            0.681676              0.7322
-0.850608             1.29043            0.917994
-0.8714            0.619242            0.616385
-0.998762           -0.184995           -0.632463
-0.00444116             1.55978           -0.821573
0.89195             1.42632            -1.09616
-0.586116           -0.784839           -0.803256
-1.03042           -0.809549            0.326941
-1.25302            -4.16678            0.371237
0.219236            -1.46818             1.55576
-1.1214             1.17547            -1.63516
0.330848             1.33269            0.901797
0.000552297             -1.5296             -1.4849
0.275203           -0.469866             1.59365
-1.20897             1.88168             1.47364
-0.462628          -0.0979347            -1.62587
0.86636            -1.12119            0.357027
0.753845             1.02941            0.717915
1.02589            -0.33583             1.70518
1.1055             1.14437           -0.653653
0.189238            -1.27531            -1.46498
-0.358968           -0.457738            0.689008
0.919236            -1.45685             0.49128
-1.15942            0.565008            -0.72327
-0.0748609            -1.04882           -0.243965
-0.517066           -0.613237            -3.11227
-0.601424           -0.704539             2.10683
1.00298             1.03246           -0.614641
-1.00135             1.61981            -0.56003
1.07625            0.113555            -1.32437
0.676606          -0.0970967              0.1679
-1.23621              1.1904           -0.392765
1.10911           -0.657837            -2.16676
0.808491             1.61683            0.461596
-0.647596           0.0919945           -0.115266
0.709055            -1.20542            0.653571
-0.41073             0.77646           -0.839483
0.807406            0.329156           0.0787904
1.43578           0.0850528             0.56439
-0.592538            0.452737           -0.979111
-0.584283            -1.53791            0.774433
0.186156             1.10829             4.00911
-0.63925           -0.788241            -5.95748
0.322321           -0.683444           -0.618882
1.10686           -0.492317            -1.31207
-0.711735            0.413875             0.34957
-0.600727            -1.23741             1.32648
1.96507            -1.70189            0.754869
-0.668298             1.27737            -1.19724
0.419004           -0.681848            -0.85806
0.00970487            -1.53978             1.96516
1.14538             -1.5895           0.0758107
-0.173884            0.576824            -1.15295
-0.780228            0.816164           0.0115817
0.21816          0.00747153           -0.364866
1.12738           0.0713156           -0.209399
0.0599121           -0.347678            0.133454
