-0.415755            0.596519            0.897976
-0.888111            0.458176           -0.953865
-0.866271           -0.379493           -0.242041
0.486232           -0.642395            0.855099
-0.632102            0.180185           0.0250862
-0.143365            0.967441           0.0440983
-0.411326            0.286662            0.922575
0.150708           -0.794684           -0.169927
-0.745358            0.547991            -0.15659
0.972206           0.0280206            0.570849
0.656606            0.221352           -0.667928
-0.5847           -0.527248           -0.733757
0.173556            0.691458          -0.0807805
-0.219729           -0.972898            0.429549
-0.733089           -0.836542             0.87998
0.000279283            0.451511            0.469598
0.375623           0.0495926            0.532914
-0.0238031            0.858974            0.538614
-0.117838             0.50557            0.526174
-0.732894           -0.347607           -0.177189
-0.0320434           -0.842311            0.569689
-0.564947            0.591357           -0.342357
-0.498732           -0.601703            0.675527
0.50848           -0.738488            0.685598
-0.961733           -0.194555           -0.571581
0.936075            0.689749            0.386761
-0.422924            0.428327          -0.0835902
-0.563852            0.903469            0.687674
-0.993779            0.395764           -0.839867
0.224716           -0.416181           -0.810966
0.197146            0.392956          -0.0448495
0.964481           -0.299936            0.349752
0.513475           -0.137211           -0.258923
0.402364            0.482986          -0.0986418
-0.00852027           -0.519456           -0.231234
-0.963217            0.862148            0.290571
-0.90048           0.0722678            0.991423
-0.113494          -0.0594195            -0.93286
0.73528           -0.891781            0.736381
0.743927           -0.145512           0.0229499
-0.578725            0.542192            0.675161
-0.959558            0.296091           -0.498062
-0.414935            0.122898           0.0428175
-0.393372            0.785638            0.452315
-0.895964           -0.811762           0.0913429
0.370045           0.0854213          -0.0735486
-0.840454           -0.443342           -0.132529
0.445758             0.24015           -0.525424
-0.552355            0.658744             0.77166
0.655851           -0.277495            0.261015
-0.250955           -0.502108           -0.458356
0.842777            0.282908           -0.623309
0.796897           -0.660205            0.513565
0.337722          -0.0693864            0.691153
0.587906           -0.474553           -0.995697
-0.653953            0.218666            -0.79223
0.109529           0.0200221            0.273263
-0.343756           -0.787578           -0.552324
-0.283676            0.570522          -0.0928678
-0.400032            -0.28727           -0.405957
0.58907           -0.281318           -0.403392
-0.17017            0.780917            -0.78527
0.0528546           -0.536872           -0.339356
-0.324102            0.225931           -0.353853
-0.764307            0.767175            0.705954
0.598132           -0.644794            0.287543
0.653431           -0.247229            0.169867
-0.45323            0.458745             0.34761
0.0483403            0.093482            0.267739
0.0616169            0.492784            0.971404
-0.0880774           -0.974421           -0.424146
-0.795312           -0.881507           -0.441481
0.553544            0.598472            0.548692
-0.259011           -0.497023           0.0193487
0.213446           -0.437146           -0.579974
0.514115             0.71135            0.358531
0.487045           0.0310979            0.689781
-0.102512            0.414263           -0.180088
-0.226174            0.216835            0.879065
0.426771           -0.369372            0.717686
-0.845088            0.343791            0.511276
-0.599689            -0.31727           -0.449724
0.994963           -0.636616           0.0644564
0.667257            0.865413            -0.75484
-0.624654             0.93173           -0.168737
0.759758            0.249977           -0.981202
0.706838            0.697378           -0.947508
0.859554            0.653156           -0.631733
-0.271646            0.163701           -0.936247
-0.119602          -0.0250862             0.56621
-0.796778            0.163945           -0.524033
0.644398           -0.425153            0.926572
-0.584125           -0.547502            0.084935
-0.982391           -0.883358           -0.533005
-0.629231            0.395703           -0.858232
0.903287            0.815667           -0.400054
0.78927            0.373669            0.326547
0.962554           -0.232429             0.40397
-0.900328           -0.014771            0.452194
-0.523484            0.480697           -0.630447
0.0129694            0.181921            0.789483
0.931913           -0.185186            0.156621
0.229438          0.00604266            0.321543
0.0478835            0.523728            0.611774
0.860957           -0.893216             0.99765
-0.959197           -0.114902            0.432264
-0.909331             0.34257           -0.493942
-0.0531327           -0.735649              0.9082
-0.329418             0.95172            0.819119
-0.33787           -0.947417            0.535052
0.282692            0.730064            -0.15066
0.60036           -0.618213           -0.459291
-0.765283            0.320263            0.855067
-0.29545            0.407767           -0.566365
-0.714867            0.564144              0.1294
0.601611            -0.65932            0.629144
0.0932646            0.673271            0.236122
-0.478286           -0.941456            0.537399
0.630757           -0.694772          0.00723289
-0.446364           -0.828821            0.593463
0.0299081            0.630301           -0.296548
0.805353           -0.527198            0.804132
-0.58501           0.0900695           -0.482315
0.731193            -0.76412            0.658315
-0.502243            0.374678            0.093175
-0.785119            0.101975           -0.668232
0.834254           -0.995626            0.272997
-0.437056            0.613728           -0.604315
0.990387            0.500595            -0.23961
-0.888852           -0.815972            0.487841
-0.379772            0.680164            0.253766
-0.39732          0.00789621           -0.649582
0.0128788            0.432231          -0.0231035
0.0745872            0.835625           -0.141636
-0.950041            0.364392           0.0455336
0.400769            0.124783           -0.126347
-0.473373            0.259312           -0.273659
-0.0549333           -0.915161            -0.19068
-0.890957           -0.423901           -0.780633
0.772912            0.321295           -0.463393
-0.0868862           -0.332105            0.953796
0.402997            -0.45408            0.580586
0.433515           -0.462225           -0.259486
-0.779717           -0.297014            0.569244
0.60564           -0.460036           -0.937533
-0.0896634           -0.259682           -0.228891
0.306894           -0.346019           -0.219295
0.697378           -0.260048            -0.20978
-0.0618915          -0.0574053            0.947965
0.5468             0.73339           -0.341015
-0.166021             0.79751            0.932554
0.89169          -0.0636921            0.473067
0.747398          -0.0806299           -0.121555
-0.848964           -0.699759             0.79809
-0.802454            -0.63686           -0.854213
-0.751091            0.782434           -0.916501
-0.147801           0.0995199            0.168158
0.108371           -0.596881            0.461166
0.607105           -0.268899            0.536718
-0.816858            0.696126           -0.488863
-0.550981           -0.347697           -0.595388
0.676626            0.246712           -0.735069
0.253731           -0.507859            -0.53135
0.954436            0.151372           -0.821761
-0.547838          -0.0949736             0.96649
-0.246345           -0.924284           -0.235695
0.0719016            0.333323           -0.494339
-0.909421            0.268349            0.984039
-0.144444            0.185705            -0.65981
0.447462           -0.944395           -0.904721
-0.0780358           -0.672109            0.217109
0.0920743           -0.962157            0.292398
-0.70452          -0.0871303          -0.0993368
0.0310068            0.484939           -0.415051
0.133518           -0.798853           -0.799111
0.934324           -0.247261            0.272977
-0.440168           -0.291145           -0.924441
0.234993           -0.864977            0.211494
-0.198553            0.449696            0.681608
0.662252           -0.294349           -0.366706
0.670888             0.41307          -0.0675995
-0.425001            0.996649           0.0294198
0.150304           -0.242704            0.762169
-0.829035            0.207223            0.472518
-0.568346            0.831906           -0.209876
-0.604694           -0.230134           -0.236244
0.134404            0.498285           -0.307382
-0.450819           -0.989622           -0.922514
-0.606555           -0.215002           -0.581102
-0.888546            -0.30914           -0.838341
-0.918271           0.0542474           -0.883464
-0.0902127           -0.669972            0.982159
-0.435712             0.77142            -0.57522
-0.531708           -0.657273            0.498087
-0.215277           -0.168491           0.0230123
-0.730655          -0.0535102            -0.46995
0.398786            0.577285            0.148594
0.609993             0.71267           -0.404431
0.448348           -0.103094           -0.847346
-0.785469           0.0695131             0.58977
-0.40913            0.817707            0.470229
-0.944044            0.530501            0.340678
-0.921504            0.484388           -0.361736
-0.0856833            0.183347           -0.569811
0.408614            0.287881           -0.792748
0.361382           -0.371684           -0.793113
-0.8688           0.0316828            0.644194
-0.189935           -0.841864           -0.202081
-0.124056           -0.997955           0.0128153
-0.890368            0.496719           -0.444536
0.348583            0.749016            -0.64494
0.860302            -0.42021           -0.876032
0.341869           -0.225288            0.889798
-0.978892            0.883358             0.89645
-0.452497             0.17362           -0.816218
0.048208           -0.640004            0.199896
0.418288            0.857479            0.391278
0.333007          -0.0867336            0.963225
0.797419            0.774773           -0.290841
0.233513            -0.92645            -0.80401
-0.245398           -0.370251            0.134436
0.468017            -0.96118            0.382489
-0.769461           0.0965606           -0.828531
-0.461061           -0.673758            0.418906
-0.390421           -0.283944           -0.391737
-0.566133           -0.461409            0.285345
0.488785            0.738975           -0.248019
-0.918133            0.887875           -0.823473
0.628041            0.442244           -0.629811
0.734593            0.243507            0.269631
-0.963834            0.770104           -0.565264
0.396787           -0.174383           -0.754936
0.583576            0.956755           0.0503861
-0.258326            0.282601           -0.421247
0.403486           -0.664235            0.554125
-0.484859            0.541307           -0.376385
0.706749            0.161473            0.102024
0.939742            0.227393            0.125647
-0.156589            0.358715           -0.950914
0.828499           -0.984771            0.394285
0.293833            0.421005             0.43098
-0.120898           -0.709512          -0.0147159
0.246957           -0.523963          -0.0192526
0.311793           -0.326791           -0.420055
-0.777732            0.135443            0.240394
0.480557           -0.326844            0.891902
0.972779           -0.639906            0.696005
0.495291            0.273906           -0.669698
-0.00402646           -0.786979           -0.526872
0.200702           -0.519449            0.979614
0.539263           -0.972924          -0.0348216
0.158495            -0.16492           -0.594958
-0.712544             0.37068            -0.16199
0.59567           0.0565907           -0.332681
0.193581          -0.0469248           -0.168572
0.28942           -0.377116            0.540157
