Number of particles: 256
dt = 5.08585e-007
Number of timesteps: 500001
0   124.085
1000   125.672
2000   127.399
3000   129.264
4000   131.264
5000   133.395
6000   135.655
7000    138.04
8000   140.548
9000   143.175
10000   145.917
11000   148.771
12000   151.735
13000   154.804
14000   157.975
15000   161.246
16000   164.611
17000   168.069
18000   171.616
19000   175.249
20000   178.965
21000   182.762
22000   186.635
23000   190.583
24000   194.602
25000   198.692
26000   202.848
27000    207.07
28000   211.355
29000   215.701
30000   220.108
31000   224.573
32000   229.095
33000   233.674
34000   238.309
35000       243
36000   247.745
37000   252.546
38000   257.402
39000   262.314
40000   267.282
41000   272.309
42000   277.395
43000   282.542
44000   287.753
45000   293.028
46000   298.372
47000   303.786
48000   309.275
49000   314.842
50000   320.491
51000   326.227
52000   332.054
53000   337.978
54000   344.005
55000    350.14
56000   356.392
57000   362.766
58000   369.271
59000   375.915
60000   382.707
61000   389.656
62000   396.773
63000   404.069
64000   411.556
65000   419.246
66000   427.152
67000   435.289
68000   443.672
69000   452.317
70000   461.242
71000   470.466
72000   480.008
73000   489.889
74000   500.133
75000   510.763
76000   521.806
77000    533.29
78000   545.243
79000   557.699
80000   570.691
81000   584.253
82000   598.425
83000   613.249
84000    628.77
85000   645.035
86000   662.096
87000   680.011
88000   698.836
89000   718.635
90000   739.479
91000    761.44
92000   784.599
93000   809.042
94000   834.863
95000   862.161
96000    891.05
97000   921.658
98000   954.119
99000   988.587
100000   1025.24
101000   1064.28
102000   1105.96
103000   1150.57
104000   1198.46
105000   1250.09
106000   1306.06
107000   1367.16
108000   1434.49
109000    1509.6
110000    1594.8
111000   1693.61
112000   1811.82
