4.54818             2.38808              5.6328
0.0385005            -6.14011            -9.80118
-8.64629             1.92532             1.25125
3.66973            -4.71322             4.05728
-3.79829             -2.1363             7.56724
7.08702            -9.23701            -7.98577
0.707527             -8.5915             9.76541
-9.41291            -4.88449            -9.43355
7.43258            -8.14119            -4.92838
4.17613            -3.18265             4.53871
-6.20568             7.25941              1.6076
4.08434            -7.24881            0.351131
-7.23124            -2.21679              4.0808
-5.46654             9.74034             4.43879
3.07812             5.47513            -9.45718
9.47064             2.76619           -0.616901
5.25315             -8.7048             -7.2257
8.52576            -8.03197           -0.954164
-8.75946            -8.90084            -5.00753
-0.694932             1.48582             1.29075
-2.39804            0.919656            -7.43662
-3.65164             5.24146            -3.81971
1.15539            -2.83091             2.16544
9.94173             8.40917             4.96586
-2.30419            -7.11965            -5.96055
-4.49314            -1.73481             1.50437
-3.50559             1.24277          -0.0458227
2.06778            -8.24742            -6.10045
-0.365033              9.7648            -2.96525
-0.684249            -4.46191            -2.33196
6.72792             4.16729            -9.28813
9.01408             -8.9702             4.08994
-2.70248             2.52534             7.65793
-0.334972            -5.34367            -4.29565
2.22243             1.05105            -9.85121
9.8865             0.29008             1.81146
9.65126             2.47018            -8.49294
3.97991            -1.57833             6.96316
0.530585            -3.05509             3.86629
-6.43681            -8.12106             -6.2426
2.74097             4.32005             9.84778
7.76175             1.64367             8.38263
4.17564           -0.235614            -2.54731
-6.37216            0.512604            -3.49889
7.1043            -5.49634             5.44434
6.85244              5.5158            -6.93196
-7.46593            -6.69719            -9.32828
-7.13673             6.48469            -6.34066
9.28325            -6.95711             5.24838
-8.97607             2.56331            -2.14659
-3.5885            0.529918            -8.82961
-3.01046             -3.9566            -4.80652
3.51289            -8.91353             6.06511
-5.94429            -5.36781            -6.75384
7.73593           -0.817291            -4.68339
5.29071            -6.73099            -8.32828
3.75191             7.06908             2.21685
-5.52831             3.13203             0.48126
-4.78955             -8.8886            -4.56419
1.29129            -7.34814             1.13139
6.61785             8.22654            -7.06037
0.786537            -2.74903            -9.97724
6.4574             5.93666             5.86809
-0.842655             6.48475            -7.99498
-3.07123           -0.620899             1.40093
8.51077            -1.61099             4.97822
3.99372            -4.36143           -0.675892
4.64418             4.45432            -2.94686
0.129045            -7.96549              9.4273
-4.83187             9.81757             4.61175
-6.12939            -4.79982              3.3226
6.31364              6.6298            -7.35895
-6.50094             2.50077             8.67708
9.44205             5.84088             4.71607
6.29923            -6.21009             8.80253
-0.00656918            -7.65763            0.806878
8.08085            -6.39657            -4.33411
6.56534              3.8152             9.54405
7.41232             1.10895             5.92088
5.2249            -6.26092            0.314912
9.23302            -6.42377             4.32951
2.98385             5.83962             8.54428
-8.75045             3.19118             3.16516
2.75373             -6.0604            -1.71994
7.27963              1.3013             5.66874
-3.07173             7.88574            -2.41851
-6.8571             9.47509            -1.01869
-1.81322             -3.6308            -9.34507
-2.39818             6.63273             8.49666
0.151086            -2.66877             8.31274
-9.80542            -4.18394             9.00172
-2.0933             9.55439            -6.43858
-4.44783              7.1174             8.36543
-4.24046             7.97086             8.64938
8.06633            -6.61076            0.934506
1.72925             3.50109            -3.75992
6.80769            0.549815            -2.88388
4.28745             3.63586             3.54363
-7.16966           -0.014083            -6.91593
-6.32286             9.27757             -8.2698
9.04767            -3.42573             3.37511
8.163            -6.10583            -1.56236
-3.08219             3.85324             5.40949
-4.78125            0.688179            -8.90433
-7.39194             2.91375            -8.39175
-6.09462            -3.50794             7.58847
-8.11094             6.53606            -3.71004
2.39635            -4.28836            -2.76077
-5.94168             4.57856            -8.58634
8.53482            -9.91515            -4.11775
5.30085           -0.786093           -0.608887
7.23604            -9.85144             6.83345
9.59021             1.00103            -9.96344
1.64433            -2.27744             4.24804
-9.36178            -8.95631             9.31215
3.86596             4.52533            -9.50833
8.50916            0.518114            -6.30879
2.22432            -8.31792             1.53648
-3.65853            0.270115             4.20002
-7.9595            -1.59897             8.04904
-5.23674             -1.1114             6.32059
-1.59635            -8.93802            -6.67994
-1.11484             7.45174           -0.018039
-1.3885            -9.92767            -4.01703
-4.75404             8.99237            -6.64598
8.47096            -3.53885            -5.33287
-8.28182            -4.62203            -6.67759
-2.70925            -4.73419            -4.68484
1.81083             6.45702              6.9345
-9.94268            -1.64591             6.84931
-8.4822             3.98216            -8.07089
3.45119             5.93439             1.70786
-2.64879            -8.96512              7.3954
-0.27871             9.37632            -8.69586
6.31838             3.10584            -8.95204
-2.60266             4.83063             4.83895
-1.28978            -6.00691            -5.07909
-6.63538            -4.04122             6.35291
-8.69093            0.382778            -7.28215
1.08163            -5.09521             2.77898
7.73977             5.25901          -0.0304425
-4.97725             -5.5987             2.91005
1.98297            0.574708             6.43562
-1.64769            -9.04699             8.05193
-1.3288             4.98509            -6.73902
-8.78128             7.94531             8.70047
-4.76687            -7.69343             5.13184
-0.334194             5.06843            -8.48908
-4.23608             -4.3521             2.15861
-8.8069             -8.8655             5.12648
2.52608             7.51805             8.84934
7.04002            -7.18739            -2.25008
6.2358             6.16752             6.25792
-5.08513             2.11398            -2.61774
4.84625             6.75952           -0.892546
7.01536            -2.73695            -8.61056
0.972475            -1.70512             5.87246
9.87744            -9.53816             7.46359
2.0167            -1.22033            -6.82925
9.67635             8.97153            -1.85432
2.55052             2.80993             7.84657
0.789143              7.4613             6.80707
-9.37563           -0.050312           -0.279827
5.40883            -4.68372          -0.0654545
7.61666           0.0398645             2.70402
-4.96442             5.02243            -7.19789
-10.1819             8.24867            -4.36682
-6.10891            -7.63397            -6.87856
-0.448252             2.60972            -3.80653
3.40163             8.39775            -5.66317
1.50988            -4.74737             6.05412
-4.27651             3.86166            -6.96646
2.9138             8.95624            -4.61165
5.27392            -9.18578             8.40037
7.245            -8.11337            -7.86988
2.38973             9.68862            -3.92413
1.86918             3.02215             8.25774
0.944891           -0.368257            -6.62773
-8.18607             7.11031              5.0392
-5.92523             2.49265             1.79501
1.76301            -5.93698             1.36806
5.24918             -8.2338             4.53574
-7.38319             8.31791              -1.135
8.52465             1.00942             7.66524
-6.304            -7.70612            -7.93368
9.58619             3.88652             8.45299
-2.07748             8.01531             1.44248
-7.48589             1.28957            -7.79707
-8.30785            -8.47188            -3.93478
1.6153            -2.55414            -2.63707
4.06758             0.46826            -6.70627
-4.49818            -9.11887             4.03884
9.85617            -4.37638            -8.83791
4.83781            -4.43675            0.812233
-5.14091             9.81125            -6.25562
-1.63909             4.86805             2.84409
3.34391             7.38077             4.51436
-4.21204             5.05569            -8.55997
-7.12964            -7.80288                -3.6
-7.15192            -1.75223             4.64197
3.39703            -3.79611            -8.74763
-1.69343              9.0531            -5.52034
-4.65217            -4.43752             3.08448
-9.66053            -3.41145             4.37543
1.75679             1.51736            -2.31481
-7.14162            -5.56236              3.4222
-0.340501            -3.89289             1.08115
-8.62227             1.68728            -2.24779
5.60562            0.048251            -7.18217
-7.71991             8.75783            -8.11535
-6.76512             2.70274            -0.02185
-5.50878            0.647538             5.32528
1.29823            -3.67131            -6.18509
2.70609            -1.70371            -1.41393
0.131017             2.57922             8.82272
-6.447            -7.72686             -7.7159
1.97839             2.03534           0.0856182
-6.51098            -7.55113            -1.77519
6.77948            -4.91161            -8.00065
0.636993             7.95075            -1.96216
2.43179            -7.74356             2.91084
5.51998            -5.77471             8.92233
-8.17017             9.22072             3.24374
3.82698             -2.0908            -7.98503
1.00233             -6.2852            -1.87256
2.95187             7.49726             1.63593
-5.11156            -2.70001             5.27266
-1.556              4.8564             2.40999
-0.494563            -7.05508             2.07327
7.48666             7.97785             4.61214
9.20307            -3.10518            0.186279
-2.3991             3.89811             5.46946
5.96352            -1.00722              3.1604
8.9425           0.0227068             1.21238
8.9899            -2.07206             8.06012
6.01228             5.67048             6.74321
-6.62837             4.09843            -7.18796
5.745            -6.19138            -1.11024
-8.87927             1.16375              -3.674
4.65806             9.01255             -8.5932
-3.60422            -1.29984             5.30302
1.13257            -3.76942             8.53351
2.00135            -7.79775            -7.62177
-3.87796            -2.44508            -7.83487
-4.37902            -1.29241             2.97302
9.60338             1.08291            -7.76354
-2.82129             3.04725            -1.18421
-0.346441            -6.09107             3.74223
-7.46264             5.70222            0.429907
9.85241             7.97896             5.58521
-8.16744             8.98334             3.56859
5.5028            -4.15008             4.32787
1.65635             3.36632            -8.82099
-0.579482             8.92506            -4.54132
-6.36407            -7.20699             4.80683
-10.0571            -8.89542             -8.2156
-0.290861             3.86272            -8.34657
-8.79699            -3.15945            -7.59826
2.81158            -5.95224            -3.28821
5.20405            -2.19409            -3.94185
0.516593            0.293622             8.78108
-2.6651            -9.13871             7.47246
-8.07718             8.21713            -9.17784
4.1539            -4.91399              4.5627
-9.86171             5.79816             9.29027
5.92472            -7.17666            -3.31009
-0.858552            -8.09265             7.18434
-2.27317            -1.63412               8.697
0.864106            -3.23036            -7.33137
-4.55841            -9.18519            -4.95472
-0.341607             6.01743             4.92466
-0.788033              9.6677              6.3624
-2.45946            -2.46242              3.3878
-6.61432              7.6641             8.53265
-9.57234             3.46561             1.98658
-6.09289             9.81906            0.932997
-3.1409             7.79662              -2.053
-2.30592            -4.87601             5.85423
5.88468            -5.25993             9.12469
5.0726            -9.03582             4.80161
-2.45916            -5.65934             5.81205
-6.98379            -1.66701             8.11618
-8.50336             9.48926             7.58322
1.07407           -0.508782            0.871138
-5.46624            -4.51751             1.87577
3.87864            -8.39558             8.17475
0.736731            -6.92129             1.53577
0.308219             4.58857              6.9288
8.16169             3.03926            -8.63559
8.8779            -9.46256            -1.57499
-5.67031            -4.48533            -2.39185
3.12252             3.11781             5.19929
7.33568             4.36246            -1.96338
-4.63813             9.94216             9.56489
-3.54086             0.23931             7.28109
0.107687             9.37157             4.94518
3.495            0.785126            -8.50634
6.07675             7.40007            -7.76313
-9.774            0.631626             3.23913
7.51211            -1.15575             7.66361
9.91039            0.458736            -4.93847
-4.31525            -8.77084             8.71648
-0.916146             7.42754            -5.57293
-1.76351            -5.84251             6.74156
-6.57073             9.15859              1.3306
-1.79535               4.397              4.1222
8.8813             8.80157             3.73231
7.88961             3.98531            -8.91703
-2.4068            -7.64269             -7.9067
-4.96959             7.97955             8.26801
9.14768             7.59399              5.0441
1.01432             3.03916            -7.80835
4.04299            -8.95445             2.12305
-7.43808            -6.31492             2.93388
-4.92379            -3.79554            -6.12688
-6.49296            -6.23009            0.440332
-4.69151            -5.33221             6.23943
0.388001             6.77667            -8.67042
-1.93433            -3.46882            -4.88415
7.67274            -8.36026             4.27557
-1.7529            -9.59992            -2.10774
2.46394             6.01782            -2.22324
5.31868            -1.28984             1.48352
-5.81397            -3.45088            -7.53036
6.10264            0.670266             3.24139
6.62422            -8.76915            -3.60087
-4.90114            -8.81179              2.6558
-3.00284            -6.40048             7.41166
-1.90952              7.7405             1.26974
-5.60797             9.62829            -5.78543
-9.54678            -5.87096             5.57506
-1.17047             3.55013             3.86588
-0.543893            -3.06166             6.25532
3.88556            -6.45989            -6.42413
5.87337            -7.02137             8.02281
-8.14861             3.61567             8.76771
6.25438             7.76785              8.0549
-7.44115            -9.21594             6.61175
-3.34157            0.415218            0.118151
-4.88066            -4.86471            -9.03083
8.01488            0.413792             9.03804
9.60695             1.90917             7.91328
1.35786            -1.18557             2.94433
3.60593             9.37348            -7.50738
5.42461            -3.30677             4.29779
3.99263            -1.73472              8.9274
-8.13929             6.64172             1.85525
1.51923            0.316377             4.66324
-1.97199             5.92591           -0.161676
2.76255             3.74395            -5.32297
9.76523             5.27756            -8.00583
-0.110235            -3.33014            -8.31158
4.86286          -0.0154366            -7.24446
1.67043            -3.99781             3.58267
-7.22583            -6.97701             6.55834
4.31542            -7.78014            -3.78853
-3.50633             6.73259            -7.96157
9.47484           -0.439118             2.77372
-0.497884            -6.55116             5.09247
1.11758             8.92527            0.605494
6.84004             9.53631            -6.98512
3.64173            -4.12283            -3.92076
8.10862             7.63276           0.0875406
3.12044             6.85024            0.348915
-1.13164            -3.43935            -1.53607
9.83375             9.84401            -2.52354
9.43195            -9.36506             6.14127
-5.69722             3.22207             9.26778
-8.45658             -4.7483            -1.53643
-7.07259              9.1831             2.61093
-0.769323             2.92035             4.93518
3.29008             1.69476             1.27186
7.45918             1.07917            -7.96671
5.99634             4.78453            -8.00696
0.325489          -0.0396396             8.37542
3.6856             2.94473             6.44915
-6.44708            -6.43819             -6.3396
2.07565            -8.93927           -0.276439
3.12458           -0.860262            -3.89905
6.01634           -0.278371            -7.98026
-1.48799             1.16787            -6.02364
1.51162            -5.18758             7.68864
-3.0119            -3.11605            -5.64298
-1.12073            -6.77063             -4.6179
7.73016           -0.921224             1.36148
-1.42283            -6.16814             -5.3483
-1.18534          -0.0218309            -9.46185
9.8259             9.78835           -0.701703
-7.85287            -5.19064             -5.8845
1.92406             6.32248            0.366499
-7.6964              8.8419             5.92319
-7.83709             3.93357            0.967798
6.33634             9.16145             4.27597
-1.96944             2.82498            -4.02406
7.3113            -7.58479             9.25666
-3.34533             8.29526            -2.95537
1.64996             9.27592            -5.18456
-6.56824            -3.13863            -1.69612
5.02447             1.79796            -5.40289
5.51036             8.96022            -2.87909
-6.77858            -6.92514             8.88752
-7.00493            -2.74629             -4.0396
-2.81893            -8.69431            -8.52799
-9.42101            -2.69087            -8.39599
-9.79344             9.95567             1.38812
-1.7462             1.25622            -2.10268
2.94505            0.942746             8.46106
7.41416             2.78314             4.93803
3.70724            -6.50447            -1.35238
-9.96983            0.606221            -6.52899
8.71361             7.05151            -8.05133
0.259518             2.89668             7.70163
8.97348             1.45707            0.220347
-4.93554             3.70226            -5.55681
-9.67915           -0.788054            -3.94993
-9.40053          -0.0169842            -6.79764
7.19711             9.31047            -1.55002
-9.44888             6.81689            -1.60514
-0.891021             6.71219            -8.78714
3.94497            -2.22907             7.38173
9.03817            -4.00039           -0.569567
-0.476955             4.32715           0.0711099
2.946             -3.8801             8.05198
-2.04022             2.50766            -2.73374
-5.12905            -9.89529             0.68657
-5.33942            -9.10515            -3.25685
-3.15976            -5.22487             2.10096
2.37516            -4.15389           -0.388211
-3.49283             3.57503             -5.6251
-6.35645             7.24182             -8.9733
5.10597             4.46902              2.9031
-3.88252            -9.16492            -2.08898
-1.37598             1.43931            -6.16681
-6.38412          -0.0476822             8.19524
5.30961             7.94594            -7.85569
-0.102382             5.16302            -6.07703
-5.73205             2.64384            -9.92664
2.33751            -2.53016              -4.035
-5.17117             3.50223              1.8727
6.25337             2.00539            -1.14367
-0.0748792            -1.96474            -1.45477
-8.80006             0.92577             2.50748
8.05003            -3.59304             6.63164
-4.78635             -3.9625            -3.83865
-1.59945            -2.45957            -3.14274
9.22085            -8.33059            -9.16795
6.69953             4.84339           -0.855954
9.01724             8.41427             -6.2313
-6.67156            -2.39422             -2.9919
6.29778             1.80533            -2.47431
4.19864             -1.1382            -9.66883
-8.54385             6.93835             -6.4133
-8.38521             -6.4209            -9.78592
-9.49729             8.96982             5.89995
-1.61235            -2.68468            -5.92052
7.8581            -9.79108            -8.01169
4.63985            -5.38181             2.90575
-1.22907             8.03928              4.1144
-5.79213            -7.85565             4.22037
-0.80476             9.78057            -4.11005
-9.78217            -4.67384            -5.33224
9.22726            -9.47155            -9.66992
-1.13344            0.347067             7.18641
-2.60279            -6.25784             7.16409
8.89529             5.68853                8.62
-7.15648             2.73424             7.57765
-7.90776            -8.65862             6.39767
2.37269             5.45485             2.75393
7.41541          -0.0480266            -8.37853
-0.942857            -6.41459            -7.96069
-2.12635            0.136385            -8.84133
6.97292            -7.77953             1.08158
5.25637            -1.58574            -7.84696
-2.44716             5.70877            -8.28929
-8.13741             6.71119            -8.45989
0.563687             8.36618            -9.32926
-8.30672            -5.19896             9.39331
-8.23292            -4.78935             9.01238
-0.0805524            -4.61417             -5.7157
-9.21319            -1.44446             2.04138
-6.1309             7.86008             0.45563
5.31482             8.52499            -2.90113
2.85252            -5.23135             3.82268
5.89993             4.79601             1.66783
8.95431             1.03473            -5.32283
1.12863            -1.30341             2.16797
8.44263            -9.08937            -5.58072
4.66008            -4.99474             6.67125
2.61966            -9.53041             6.66121
9.96331              6.1338             4.35846
9.36033            0.573377             7.76677
9.79071             9.56381            -8.41754
-5.09474             6.26157           -0.859275
2.99918            -3.84293             9.45546
3.82646             5.20719            -8.41961
8.67396            -6.70816            -6.14981
2.59754            -7.41235            0.440209
4.10556             3.92695            0.073513
-4.69603             6.66279            -4.14584
3.54343             8.98284            -9.61493
-8.55793            -8.41421            -5.55698
-8.66743            -7.28063             8.36694
7.84656            -6.08627            -1.20279
1.6668             1.36127            -8.48322
-5.26507             4.46495             0.80747
7.65729             2.24698            -9.37495
-0.229071            0.397562             9.03411
-8.65999           0.0252081            -9.85506
9.46497             5.99213             7.49811
3.80151             5.30476             5.83693
-4.99251            -2.34561            -9.40008
4.80913            -2.57697            -1.32306
2.13551             3.49134            -8.08023
-2.67182             6.12412            -3.80338
2.82795             -8.7371            -10.0443
-8.44306            -5.78118             1.65653
-5.18528            -1.72539            -2.99753
5.29198              8.8976            -3.45853
6.94196             9.64203             4.62101
-7.19885            -1.44538             6.38092
-3.50205            -6.66543            -6.73634
4.62591             1.48422            -7.08726
-1.94184             6.26936            -1.45816
0.578308             6.95172            -0.41835
5.69333            -7.33447            -2.82267
-3.32272           -0.872673             4.23647
2.66293            -7.69859             8.38099
4.35998            0.989587            -4.98181
2.25865             4.71883             4.95481
4.76366            -8.55233             8.86755
3.55482              5.6006             7.78911
1.30468           -0.364331           -0.783716
-4.57379             9.14705            -4.32511
-4.3505             5.87837            -9.99089
-5.4072             9.33156             2.32025
7.72411             8.06218            -4.98789
2.93512             9.80575              9.6257
-3.88576             -9.6016            -6.50925
-9.53964             6.49515           -0.303451
0.679503            -2.02242            -3.93878
-6.98826            -6.48088            0.111525
5.43012            -8.76106           -0.751758
-5.58152            -3.02388             4.48694
5.66154             9.36329             8.78532
-7.69397             7.70918             8.04712
7.36124            -4.98005           -0.812041
4.14436            -9.06353            -2.61361
-9.03979            -8.77838             6.32966
-3.27392             7.61402             2.74223
9.79415            -6.12958             4.84126
-9.7838             4.01878             2.16031
-5.55626            -6.28957            -2.64546
-8.31098             1.09863            -7.00493
-1.16408              -4.017            0.764719
5.90357             5.88148            0.598989
-4.84796            -4.52347          -0.0302657
-9.19643             1.97096            -5.88735
-3.72504             7.53219           -0.293818
6.412            -9.08096            0.305889
7.33924             3.87701             7.36938
4.29501             6.00549            -4.51981
-9.53379            -2.83923            -2.43321
6.48075             6.88833           -0.415931
3.67433            -2.72083            -3.10098
-2.28779            -9.49241            -1.63488
-4.68038             9.91761             7.98539
-7.11959            0.881499             7.09499
7.87358             7.16341           0.0112258
-7.40527             7.78117             2.70811
3.56684             8.14334             5.77265
5.34028            -4.73776            0.880354
-8.36245             6.17482             -2.8866
-4.44779              3.4181             3.94601
0.537847             -0.2291             5.25654
5.08187             4.37608            -5.09234
-7.08437             3.51514             7.07752
2.56552             8.86833            -3.27373
1.17282             7.28124             4.88742
-0.801158             1.70513             3.13792
0.869863            -2.03453             9.25725
0.861196             3.27966             8.51824
0.196835             3.57829            -1.40599
-8.78457            -4.26019            -8.90475
-5.10564             -1.1388            -8.81148
4.58583             -7.8586           -0.381229
-8.3512             4.75924             9.07377
-7.45601             7.73614            -6.98682
4.63663             3.82757            -9.98484
5.00719             9.94148              8.8241
5.47616             7.57614            -4.24032
2.82421            -3.70246             -9.0384
-0.512897            -3.84759             -4.7892
1.63066            -9.87917           -0.603132
-1.64164             4.72536            -4.61632
-9.55075             9.79553            -1.82406
8.91407            -9.11062             6.27347
0.164834            -1.22026             8.49462
-4.13792            -3.23383             7.71486
-4.22603            -4.26258             2.03698
0.123172            -2.17464           -0.727929
-4.58435             7.96041            -7.47893
1.79237             9.90695            -8.51062
-0.912509             2.46607            -5.82962
3.90726             3.82459           -0.854159
-6.91725            -9.20641            -9.74907
4.30619             1.93983           -0.988669
5.75977            -7.11026            -6.75818
9.76336           -0.647876            -6.65945
-2.87472             5.86736            -3.76533
8.70798              6.7027             2.87023
-0.970916             9.77246         -0.00829727
7.32454            -2.58974             6.46108
-7.12489            -8.53348            -8.29892
9.90724             8.58127             8.83784
-4.71115             5.53367             7.17483
6.54545             1.33997             6.01162
-6.38759            -2.13543             8.85184
7.74492             6.58266             -1.0512
-7.05314            -8.26889            -9.06333
-2.1177             5.52146              5.8425
-3.92187             6.11165             4.38661
-7.63606             1.17215            -2.94122
8.72646             8.56296            -1.03844
2.22978             3.69647             6.63627
-3.75672             -5.4044             3.68526
7.10016             3.63512            -4.50718
2.98977             1.38821             8.29606
5.65003             1.02948            -2.75901
-8.16826              1.9562            -9.93475
-5.02968             6.51944             4.91489
7.09759             -6.0089             5.19006
7.82012           -0.561664              2.2391
-6.83373            0.827086            0.507385
6.54693            -8.49542             1.47577
-3.74904             4.99179            -6.88823
9.6855             5.10094             4.80211
-1.0422             1.42387             2.41411
-9.72652                2.25           0.0866022
-8.96543            -4.64951             6.71564
9.51636            0.525581             5.61308
-1.45991             7.86337            -9.88207
-7.38044            -8.47819            -6.57969
-6.79612             4.23851             7.36996
-2.17198             6.67096             6.70291
2.92116             8.54014            -4.28565
-0.115091            -5.01574            -2.92184
-7.44534             5.70694            0.759748
5.81474            -6.42378            -3.14216
-4.43968            -9.37377            -3.42281
3.68954             3.88084            -1.08787
-9.1179              1.6795             1.80272
10.0034             -9.3136            -5.91695
-8.41568           -0.664668             9.45489
7.17641            -5.06423             3.62559
-9.97385              3.4816              4.2744
-5.9507           -0.188138          0.00546594
-6.75517            -1.87718             3.31357
4.70206            0.611769             6.56312
-0.892662            -6.54751              2.6715
-2.7756             9.20393            -7.90359
7.93786             4.46015            -5.12414
-7.46684            -6.86686            -5.59638
5.07738            -5.40943            -6.16214
-9.58168              3.8768             -7.3294
3.13338            -6.99853             7.31275
8.60857            -9.10489              -6.618
-5.29123             5.39637             2.30045
8.4746             9.24117            -4.44649
-5.03481             2.86981           -0.751514
7.66458            -6.20136             4.85207
-5.1555            -3.23566             -3.7124
-7.56714            -6.98596            0.202847
7.67834             4.34318           -0.829567
-7.44409            -9.42389             2.50258
4.5502             3.89519             6.68148
9.56743            -9.51779             1.85595
-0.536526            -3.68505            -2.60223
9.89611            -3.35304             9.95393
5.94289             5.48542             5.07574
-4.21942             9.98848             7.01915
-5.95324             5.39349             4.25065
-3.37182            -2.58765             8.84417
-2.15032            -9.93195             6.70781
1.11195            -3.99851              1.4335
-2.47634            -9.16037            -4.95148
8.774             2.62805             3.77699
1.60198            -1.11836             8.25486
0.671196             4.18999             -9.8676
3.26001            -8.92149            -8.09159
-6.08946            -8.22968           -0.470819
-1.61277            -7.96493            -4.36401
9.61526             3.43726            -9.82405
2.55637             6.84565             7.25929
-9.38455            -8.04444            -6.14631
6.65854            -4.57252            -6.16452
9.46235             7.72126            -6.71352
-8.94024            -7.46913               2.548
1.56223            -8.44059             1.32406
-1.07417            -4.57662               6.856
3.33596              4.5498             2.42698
-8.66315            -1.73044              7.8032
-6.68277             5.45245            -7.95081
3.80965            -1.92416            -8.09634
-0.533789            -7.87596            -4.21724
7.38291             5.06884             4.34896
-1.92752             7.91199            -3.81564
-4.4498             5.33183             -5.6323
3.82703            -5.46775            -6.51465
3.95086             9.79227             3.49166
6.02326            0.580092             6.35456
-8.11249             8.38801             7.07756
-8.42934             9.66515             2.16592
-4.73439            -6.25334             0.46186
-6.81669            0.257292            -9.24849
-8.7084            -2.84442            -1.86669
8.69638             7.40953             6.33052
-1.6416            -2.41573             5.89957
4.98221            -3.69779             1.24076
7.53447            -6.94767            -4.07751
0.503038           -0.596124             9.03175
2.42206            -6.48103            -5.74311
5.75931           -0.662287              -1.346
7.48498             6.15351              9.4075
-5.59808             2.58026             -9.4489
6.72555             2.53208              3.5565
-6.5121            0.331084            -3.20031
9.36674             8.42636            -7.92444
6.64321            -1.77384             8.85751
6.4048             3.49989              9.9165
1.82322             4.81625            -8.16169
0.725071             -1.2448             -1.9224
7.65077             -8.3993            -4.06808
3.29036             1.54483           -0.504595
-3.27466            -8.11036             2.43822
3.43108            -2.59523            -1.67865
0.271982             5.15687            -9.28571
3.07            0.153276             -8.4014
6.69827            -3.85084            -7.65324
-0.937429             2.95296             7.95574
-9.6565            -7.90467            -7.92302
-8.56883            -7.86333             1.19695
-3.14416           -0.242532            -8.89613
-1.11107           -0.749913            -5.27789
-0.353167             7.16533           -0.954826
-1.12891             8.44746            0.300711
6.84229            -5.90298             2.66342
5.46145            -8.03974            -1.96105
-6.26141            -6.43661             7.42045
3.05589             6.59841            -1.28783
-6.12744             4.73453             4.15764
0.869719             9.24285            -4.43967
4.98631            -8.38673            -8.01553
0.00692488            -4.80329             3.01115
-0.908174             3.60907             9.54402
4.83004             9.41489           -0.285358
0.699276             4.55934           -0.526367
6.71148            0.252604             5.34797
2.42874            0.488907            -3.72725
9.79499              4.6753             5.75715
-5.71343              9.7861          -0.0026825
-4.09538            -6.62287            -2.15974
8.60461             -8.0686             5.14186
7.84223            -1.94149             5.48209
-5.07435             7.23332            -7.61245
-1.75522             1.07064          0.00379227
1.70553            -8.96467            -1.51622
1.64569            -9.92221             7.97983
-3.82768             4.84099              4.9386
-3.73599            -10.0878             8.50615
0.407053            -8.78389             7.11139
2.43077              8.9429            -5.25868
-2.12442             9.23549            -5.89411
-1.48189            -4.44651            -4.03795
3.78058             2.43243            -4.83226
1.03755            -1.74861             9.80223
-7.23793             8.20096            -3.62066
-2.06994            -8.68819             1.05318
-9.00797           -0.218783             -4.6192
3.03588            0.880303             8.22418
7.72302            -7.15407             4.30509
-5.3361             3.06522             4.29629
-0.423238            -8.89276            0.984907
-3.73534             9.10888            -3.56319
8.93096            0.615206            -5.26742
8.33794            -4.56636             5.67029
1.67862            -4.38754            0.730111
-4.14199             3.79438            -6.15484
5.00212             6.29826             9.63976
0.335519             3.93023            -8.00173
8.45352            -2.06286            -5.02434
-3.56518            -3.89208             5.50209
6.65421            -9.63424             -4.3059
7.28965             8.65128             1.15168
-3.91099            -9.58922             -5.4604
0.190646            0.904538            -1.98388
-9.67424             6.55535            -4.06775
8.587            -4.48078             1.42357
3.98667             9.24375              8.8995
-5.10871             1.37395             1.98699
3.83153            -7.05973            -8.46914
5.06112             5.29486           -0.605338
-4.5473             -5.6336             0.69516
-1.34984            -3.53426            -4.47147
6.55355            -1.10895             3.86536
-1.28221            0.932387              4.5148
8.14429             3.95743            -1.51574
-3.0015            -3.13069             2.26352
1.64853            -2.75202             8.16343
-1.04074            -3.90413             9.09077
-1.80915             5.30288             6.10103
6.217             -4.7313            -8.37522
7.18303             4.31443            -9.39356
-8.79564            -8.80809            -2.03447
-3.80828             5.50245            0.481986
7.39189           -0.417903             7.23064
-2.47076             4.32627            -6.97695
-6.24372             6.34417             8.61833
0.912496            -1.67874            -5.88357
9.99229            -3.53348             2.68741
-9.01657              3.9707            -6.09769
-6.95375              3.2394           -0.980282
3.79539            -4.93101            -4.66384
5.4733            -9.43041             4.60258
4.61489            -2.88239            -3.64014
-7.66711            -2.16876            -7.70395
2.64169             2.32744             7.75598
9.53932           -0.454299             2.53653
5.74702            0.855425             7.27029
9.75151            -1.05957            -3.93182
0.0375936            -6.91092             8.43852
-9.57536            -7.35786           -0.286505
-7.93473            -5.69725             4.96523
-9.08513            -7.09753             8.42571
-3.41714            -9.15925            -2.31619
4.34573            -4.35561             9.39171
8.53913            -3.95683            -7.58248
-8.12021            -4.54987             9.00757
-4.31497            -7.93312            -6.69933
1.36341              9.9032            -5.85977
1.41753            -4.57827           -0.356484
-8.08064             1.66929            -9.80169
-6.47526             4.99761             3.28543
-3.79538           -0.538552             -6.8163
9.11244             2.24525            -7.94742
5.22091             5.75049             5.79706
-0.0694955           -0.852865            -1.72284
-1.99651             9.91964            -2.75886
1.1102             0.72964             7.18461
9.24096            -1.56173             5.77346
4.32393            -6.04464            -1.34848
-0.857604          -0.0806694             2.07959
-3.57257             2.56267             2.16667
-7.55343            -2.52199            -7.77771
-5.41727             5.64642            0.583094
9.21282            -7.44973            -2.03075
-0.0975224             5.79979             7.76383
3.64038             9.30328            -1.82657
-2.38194            0.901591             5.86043
-1.71259            0.410325              4.7236
-7.85132            -3.82675             3.82859
-2.84911             5.76321            0.877566
7.54332             6.31774            -4.36632
9.84654            0.914469           -0.960914
-9.34277             9.20392             7.44064
4.63766            -6.77617             6.04486
-4.12127             5.48199           -0.423276
-1.92125             7.15079            -1.00963
4.06313            -7.45811            -5.46761
3.75247             7.62732            -8.09683
-8.22762             4.25748            -8.48553
9.34872             9.54137             5.41937
-9.72142            -1.67606            -3.87744
-9.8004            -9.49542             7.71298
-7.06277            -4.58234             7.73322
-8.69676            -7.20467            -4.42533
8.30534            -4.04326            -7.99216
7.94984             1.31334             0.85006
-0.818359            -7.64349             4.14074
-6.95755             7.12298            -9.10818
-5.50607            -5.01819            -7.67034
9.26909            -1.70814           -0.120358
-0.407721             9.40604            -8.73096
-9.4668             3.11156            -3.13361
-9.76084              6.2794            -2.76799
4.63767            -1.87988             5.97841
-8.15253            -7.26596           -0.952008
-7.62516             6.93729             8.39409
9.02653             8.22764             4.17913
-0.0248026             2.99548             2.52856
-3.64769             1.37332            -8.97018
6.70538            -8.57654             2.75393
-1.00266            -8.13313             -3.1878
-7.04864             8.51699             9.52174
-1.98932             -8.4292            -1.27222
-9.72619             -7.9773             3.66771
6.46242             9.74237            -6.53705
6.92133             5.98883             5.75402
-6.57841            -2.34983             -9.3791
-8.83633             5.37942             5.96327
9.39685            0.323128            -8.95874
1.42164             7.73654            -6.39216
3.58682             9.25857             5.27611
9.34429             2.44551            -7.20825
-5.10924             6.07048           -0.145779
9.3929              5.4649             6.32744
-0.448837           -0.964406             6.29209
7.8677             1.40544             8.69916
9.85517            -1.91764            0.405702
1.92683            -8.20364             -6.5475
-5.4573            -5.11646              7.3985
0.659312             4.37448            -6.73371
1.83949            -6.49348             8.15138
4.90343             8.58215              3.7673
0.542008            -5.23145             4.96754
2.52883            -9.98988             1.25647
9.03275             -8.3444            -5.76627
-2.2308            -6.59879             7.17389
4.62249             9.50784             4.36637
2.69698            -9.67733            -5.74331
-2.44559             4.22809             8.24718
-8.32984             6.39689            -7.82902
-9.70046            -1.38788            -1.62736
-8.37457           -0.544447            -7.35009
0.455023             5.52324             7.66106
-3.05376             4.71244              1.2855
-6.73581            0.848822             4.02741
2.18535            -7.32353            -9.80999
2.9589             -3.6348           -0.891251
-7.79476            -6.63812            -9.39616
3.52088            -9.06788             -8.9349
3.83415           -0.344702             8.21763
-1.08516            0.298483             2.03494
5.99797             7.83856              -2.519
1.88349             5.88924             5.67013
-2.76942             1.81265             -9.1768
-1.3574             3.83566            -8.42564
6.5528            -7.79219            -8.24307
-6.31646            -2.58283             1.12931
2.25592            -7.62025             3.62545
-9.14231             7.14054            -8.80289
3.64712            -4.48381             6.36203
1.22678             9.12228            -1.50264
-0.469386            -6.82386             7.69717
1.41906            -8.50124            -6.02069
-1.25232            -4.25476             7.78223
-8.79832             8.67999            -2.26239
0.75403            -5.92833            -8.29827
3.06519            -1.05817              1.7815
6.02219            -7.27757            -7.05988
-5.20487             8.54352            -9.61263
5.30696            0.293479             7.82178
-6.89995             1.91568             3.13347
6.56382            -2.95272             4.93521
6.64957           -0.214176            -3.64252
4.87278             9.71645             5.87928
1.72122             6.79286            -2.26284
-3.13069            -5.02184             1.61895
-2.88285            -7.62642             7.75168
-9.15832            0.517313             2.11084
7.91419            -1.24025             6.74616
-5.68566             1.10123            -7.22425
0.486669             6.50252              3.8754
-9.62163             -1.1325            -8.01179
-6.07473             4.21828             2.26316
3.89925            -6.17573             9.28702
2.4677             3.64631            -8.67883
-0.166932            -3.64454              0.7861
-7.58293            -5.11118            -5.78553
-7.58254            -5.15378             5.17825
7.1776             9.45268             9.72496
6.95279             8.16485             9.81983
1.97043           0.0553877             9.73775
1.16187             3.49242            -7.71866
3.13588             2.01333            -6.82569
-2.98174             -2.4495             5.56017
-0.929454            -8.44306             6.60658
-0.0429575             1.23664            -2.35466
-2.17485            -6.32904             8.23534
9.00182            -3.92624             2.82031
3.93638            -5.77572             4.21763
3.167             9.84514             5.43292
8.20396            -7.14934            -5.88654
-5.47917            -6.18729            -9.80701
-4.1354             3.46663             9.80974
9.27313            -6.45346            -9.97572
3.36256            -8.61665             0.15978
-8.17691            -7.28472            -2.15284
-0.665509             1.82011             4.94717
-1.11285             5.48581          -0.0243713
-9.38794             9.49609            -7.93519
-1.71036             1.90514             4.96168
-5.63048             7.01007            -8.39632
-5.54659            -1.88755            -9.00816
-5.83157            -7.07941            -4.73016
-3.15541             4.64965            -1.81197
-1.54276            -7.95649            -9.31298
3.10001              6.3788             -3.3161
-2.46077             8.58652            -3.66691
1.09622             6.77881              3.0203
-8.2267             4.12301             7.11881
5.38076            -6.44107            -7.80108
-8.29033            -3.11252             4.86945
-1.07018               3.134              4.4417
4.29227           0.0612522             2.45284
4.08965              3.8497            -2.22188
-4.02397            -2.75275             -3.9817
-3.74923            -2.02577             5.50587
2.46822             7.80469             2.95563
9.51239             2.23182             -6.7568
0.443795             6.44468            -5.68616
6.16762             4.79059             -9.7849
4.0085             2.92046             9.33763
2.43505             5.50183            -6.04437
9.61982             4.71195             2.65953
-2.37168            -7.61373            -8.54997
-1.24067            -5.11007             7.06076
7.61719            0.986456            -8.26728
-1.55681             8.95477            -1.57811
-4.53758             2.27479             -6.6551
-3.54311             9.53822             6.35859
-2.40695             7.36327           -0.128941
-2.98921            -3.66766           -0.417896
-9.96575             8.67345              4.3117
-5.85799             9.44906             7.74733
-8.92307            -2.08487            -3.70452
-0.739251            -4.82898            -6.64767
-5.32023            -5.70303            -3.00363
-5.01921            -6.56144             5.43036
-3.1269            -7.35579            -5.59915
-6.87907            -3.44652            0.306329
4.12773            -2.90564             8.48844
-3.02096             9.07599            -5.06426
-9.3163           -0.961946            -5.96269
-7.84677             6.67947             4.66462
7.84702           -0.575538            -1.17993
2.46605            -5.71642            -9.05808
-3.59052            -9.61023             5.48087
4.6178             6.81324             3.95881
-7.38721            -9.18461            -4.25252
-3.2546             2.05157            -5.95308
-4.43788           -0.357469             9.29837
6.12749            -8.81219            -2.85333
-5.18556             7.13246           -0.879128
5.9498            -2.06817            -6.19078
-4.12658           -0.864182               6.836
3.32999             -7.1901             9.69657
4.10678            -7.70242             2.42038
0.628506            -7.25101             1.48626
9.29794            -1.00913             4.13158
-5.79932             5.03946             3.73176
-4.14567            -1.59627            -6.36239
-6.82338             7.87686          -0.0165978
3.98355             7.21664             9.57151
-8.28023             3.88291             1.31131
-3.05643            0.753459            -7.70072
-3.53926             1.08482             4.69118
-3.89694            -4.50244             8.88573
9.19183             5.19169            0.435257
1.14409             6.65292              1.5186
-4.30842            -3.77487             6.50928
5.11605            -3.03066             1.02159
8.46396            -7.11183            -8.39637
6.96373             -6.3457             -1.3198
-7.02115            -2.43806            0.201754
-5.41651            -8.07055            -8.46322
6.75659             4.95725             2.52772
-4.47099             5.94269           -0.358781
3.17769             4.26432             4.50753
-2.44763            -9.76412            -7.11588
-3.31647             6.44931              7.9806
7.64227            0.186154           -0.104453
-5.99242            -0.94093             4.36091
6.24699            -8.82612             7.32239
4.65227            -4.64693             3.21826
-3.11932             7.50356             4.24014
2.76063            -1.41043             6.68558
0.183078             7.60964              -9.698
1.02599            -6.80099             7.09977
7.8737            -1.99565            -1.29629
9.99285            -3.96634            -7.48969
-8.55726           -0.907422            0.912892
3.4246            -2.61804             7.63028
-1.28596             9.70446             -4.8457
7.34421            -4.07664            -2.27991
-4.31136            -7.16187          0.00192682
-7.61752            0.564905            -6.97711
9.24288             1.21409            -4.10094
8.9841             8.67703             6.83227
-5.12289             3.11898            -1.96104
-7.96679              5.4012            -2.69692
9.61195             7.99793             -4.0696
7.59839             2.96801           -0.803877
-1.67914             3.27412            -8.46492
7.77773            -5.62872            -8.28185
6.35293             4.47563            -7.25665
-0.606827           -0.477229            0.794426
-6.20283             7.86175            -3.26027
-8.72744            -4.07333            -7.16753
-2.31663             3.05225             8.81657
-3.34485             2.55501            -6.48604
-4.93427             9.25436           -0.918054
6.47013          -0.0934956            -7.62584
7.21569            -4.39449             -2.9073
-8.6052             7.98785            -4.63206
-2.81986             1.56197            -7.25708
4.20708            -6.97846             -5.5461
1.05539          -0.0284092            -4.57796
7.72426            -8.94869             -5.4529
-3.97153            -3.03769            0.684298
2.1875             2.85454             -5.2531
9.9691             9.49563             6.73544
2.35136             3.98965            -7.31788
-6.26181            -6.07754             1.08771
-4.54295            -8.46755             9.68057
-4.3066               9.225             2.24163
-2.15714            -4.08459            -2.26621
3.5495             4.30056            -7.23054
-1.2007            0.622956            -4.21081
-5.77545            -5.38989             4.25365
-7.70473             2.76813             9.47716
-3.82444            -1.55282            -8.44517
6.68458             -4.0893             4.25236
3.87318              7.8574            -3.24097
-3.2601             6.13569               9.033
-7.08985             2.72357             1.11394
3.23136             1.22692            0.560461
-8.08324            -7.32721            -3.55485
9.48015             3.69663            -2.97765
0.81627            0.375319             7.32937
-0.372298            -1.91811             2.67605
6.76899             3.18744            -9.91384
-0.313942             6.18349             5.59448
-6.92881            -7.78243             4.69055
8.1283            -3.04386             4.83626
7.95385            -3.79523              4.0889
4.3877             0.95437            -1.15748
-8.70104            -2.40943             4.64601
5.80956           -0.222389              4.0209
4.08531            -6.83309             3.24278
4.45629             -1.1874          -0.0368473
-0.554273             9.65093             9.81366
4.11808           -0.809978             4.93414
5.72536             1.56365             1.74475
6.05689            -9.66742             1.00867
9.80294            -1.68968             6.16528
2.17942             1.29189            -1.55779
5.64478            0.384561             5.20731
8.8082             3.14472             1.94616
3.30006             1.19759             -1.0967
-7.04027              7.5348           0.0622555
9.07228             1.85406            0.270028
-0.719575            -8.18221             5.99443
7.80086            -4.02464             3.25733
-7.74953            -1.51645             2.43759
-1.06943              2.1976              8.7841
-0.138228            -4.49349            -5.57991
7.1286            -1.52729            -5.89821
1.03788             2.74764            -6.01143
7.09266             7.80746            -9.05171
4.57773             6.60759            0.736306
-4.8667            -6.10791            -6.68109
1.057            -7.85893             8.35617
7.20899            -5.51378             3.68399
-1.65305            -9.84595             5.14371
5.87203           -0.627534           -0.245446
0.224767              7.0685            -1.75483
0.748425             3.22523              6.5937
1.84543             1.63261             6.07317
4.95489             5.75636            -3.98398
3.28513            0.417431            -8.00543
-1.41105             -7.7847            -8.03052
-6.85166            -3.86817           -0.727136
-6.48616             5.17861            -1.21945
-1.91357            -2.86532             7.12573
-9.52136             2.49486            0.954096
4.75018             7.58164             6.38411
3.09696             3.41989            -6.69614
-2.05352             1.22319             0.32664
-1.69314            -1.25711            -6.98898
4.96388            -5.48861            -6.03298
6.77957             5.74167             5.50164
-0.949674            -1.32891             -1.8331
4.49536             1.80074            -6.01805
-4.22323            -3.71743             7.39779
1.35363            -5.00095            -1.23918
-6.41548             9.47031             9.05115
2.52103            -4.81283            -7.09683
-7.29246             8.31854            -6.94667
9.12315            -5.16209            -4.07947
5.21433             5.64163             5.90418
-7.21779             1.59843             4.15907
2.23828             7.79371            -5.76271
0.657715            -5.89453             6.46439
-2.92464               2.852            -8.87097
7.17378             7.04126            -6.58876
5.29693             7.33109            -1.30105
0.725619             8.30543              3.5715
-2.46236           -0.442425           -0.942447
-5.51636           -0.333869            -4.95825
4.89874             5.86535             9.30719
-9.15129            -6.16878             8.95769
3.26857             5.11533             -2.2954
-6.35883           -0.586369            -3.41432
-9.20427            -1.78597            0.668989
-9.89492            -2.72696            -3.12183
-8.53954            -7.72314            -3.17236
-4.87766             9.40117            0.540027
-7.37733            -8.32294              9.1175
-6.66292            -7.16711             2.37436
2.81956            -9.98591            -8.24363
-3.0592            -7.75054             7.44874
8.7171             4.44025             2.16264
-8.75081            -1.09662              -8.339
6.57509             8.66706             7.27228
-6.5182            -9.30162             6.71958
-9.7477            -2.25303            -2.56948
5.39959             9.27032            -4.70029
0.71522             1.32863            -1.80362
3.45374            -7.29631            -0.55027
-4.10718             6.92349             2.45322
2.00065             4.39612            0.924579
7.59776            -1.89655            -1.65861
-1.53382            -7.21979           -0.790314
-4.04645              9.8991            -7.67739
-6.9208            0.845499           -0.800316
-1.01347            -9.36342            -4.23414
-4.19364             2.55271             1.78816
-9.38057            -1.45974            -3.08195
-2.04103            -6.61019             4.61162
-2.41412            -8.11377             5.23581
1.35315            -5.59727             5.33351
2.73817            -3.55921            -8.63528
5.54971             8.65138            -2.18463
-5.19971             3.48093             6.94452
6.26194            0.740968            0.374404
6.05899            -8.79535             5.75858
0.498884           -0.738719             7.77196
4.73127           -0.670366            -4.76251
4.32028            -2.19466             8.25501
-8.25757             6.59298             2.68537
7.62132            -9.25196             1.84963
-5.81322            0.916839            -2.98634
-4.32279             3.56984            -2.89724
-8.41899              2.3587            0.682788
-5.58305            -5.78305             1.71702
-5.31508             2.66911            -4.29302
-8.74443            -1.25293             9.23886
4.19178           -0.733391            -8.13711
-7.39995            -1.86816              6.0072
1.50083              1.9595            -2.91932
-3.22901             9.05354             8.27382
-0.289519            -8.68357             4.80726
6.23228             5.26441            -5.56866
-7.80446           -0.115611            -5.16546
-2.07415             5.99319             2.53329
-6.997             9.63176            -3.84336
-9.06139             2.35333             -2.9562
3.14718             1.46912             9.73439
-9.96572            -4.68377            -8.87522
-2.52274             4.15506             2.28066
1.98876             6.76597             7.42945
5.43249            -1.55567            -7.71649
6.24664             2.28143            -5.31386
-9.84818            -8.69039            -9.66967
-4.82908             8.41059             5.47459
1.38956             6.17127            -7.27732
2.44941              -1.566            -6.40716
2.22332             7.82238            -4.74853
9.51328             2.94671             1.46013
9.01498             3.54493             -3.8526
9.37215             3.60176             3.39482
-6.95747             1.11636             8.37117
-9.55272             6.25609             -2.8695
5.32798            -8.84839            -7.48708
4.16154            -0.22897            -6.31401
-2.81076            -0.67783             4.80505
5.16614              3.6182              1.6473
6.48735             3.04174            -1.24587
-3.73031             7.33156            -2.15543
9.64038            0.151313             8.61634
1.45254             8.20707             6.87741
2.44572             8.01169             0.64004
-5.30408             7.30495            -6.74443
-5.85682             1.09205             9.08757
-3.84634            -9.17995             1.49754
-3.35322              5.3514            -8.55393
-9.9433             2.04269             4.42443
-3.30808            -7.93082             9.46872
9.00721             2.00914            -5.21084
9.89668             4.86744              5.9495
-0.136024             -3.8755            -4.11647
3.56164             6.38798            -3.45739
4.1945             5.08435            0.135316
4.62848            -8.64245               1.921
7.37572            -6.49161            -4.18296
-6.1149             9.29831              5.8111
4.37407            0.899677             9.58425
-6.84051            -5.59664             -4.0119
0.427684              4.1331            -5.67835
2.8838           -0.878282            -9.23671
9.78617            -8.44035            -4.55799
-7.74234              4.6744            -2.72506
0.737725            -9.31037             6.82764
-8.38556             4.64691             5.27805
2.72218             4.95444             -2.3055
8.31873          -0.0996091           0.0282787
-5.23285            -7.05388            -7.19449
0.882968            -9.98638           -0.532736
6.94258             3.55553            -8.27694
-7.0921             6.17813            -6.72951
3.17832           0.0379081            -5.33485
-3.5893             5.60188             6.31478
8.06928            -4.17476            -7.56091
0.0330985             7.38198             8.36441
7.19497            -7.16221             7.69623
1.16041            0.594773            -3.11529
-8.47227             2.80139             6.06693
9.49266            -9.39125             4.22308
5.36569             2.40487            -3.11538
-0.509791             9.12501            -7.50704
-5.18416            -2.31014             8.93704
-4.71162            -6.73358             8.80422
-4.46667            -8.25092           -0.271299
-1.59133              8.1128             4.09385
-3.89222            -3.60472             4.90665
-0.99775            -4.10502            -1.53576
-0.891282             7.13296             2.72486
-6.62147            -7.47462             8.22233
-7.97883             2.34833             4.40641
-9.49774            -5.48715            -3.13596
9.69558             -7.5316            -8.83037
-3.53838            -8.84463            -3.55966
5.68393            -1.29631            -1.53998
-5.13227             9.28033             3.98816
8.10874            -7.32911            0.982542
2.75395             4.16633           -0.293812
3.84624            -2.78601            -6.02196
4.6713            -2.78735            -4.12784
-4.38153            -1.21644             1.60849
-1.90494            -9.56615             6.72613
1.93334            0.419322            -5.85349
2.0751            -4.89684            -9.65805
-7.75772            -4.64494              -0.446
-8.86814            -6.17439             1.30343
-4.40963            -5.61054             6.90695
-3.55984            -9.74501             4.84401
0.386412            -1.37328            -0.48052
-6.76908             2.80765             -7.6363
5.27966            -8.14004           -0.700996
9.27875            0.417082            -4.90153
-7.50445             6.73642            -6.84458
-1.49974             2.58759            -8.83007
-2.6951            -5.19202             4.52062
-3.86732             5.78598             9.52066
-6.77537            -4.00552             6.70526
-6.14532            -8.49792             4.36952
-7.93188             9.20527             7.98207
-3.34913            -9.02297            0.712198
2.14792             5.90398             3.25425
1.86153            -9.38168             5.95659
6.1606            -8.58132            -8.85372
0.0582            -1.25683             5.97351
3.84068            -8.39013            -3.11239
0.032055             -2.0354              4.9345
-3.1502            -1.52742           -0.898506
3.17379              8.6249            0.520694
-0.243792             9.14869            -9.83266
-5.53046            0.497836             8.20275
6.26922            -7.06818             8.98233
-7.00774             6.40602            -8.71652
-2.44248             7.66221             -2.1343
-5.54438            -8.34363            -4.97266
2.73781              3.5777              2.6509
-4.06844             8.60551            -9.27325
7.34083             9.33588           -0.537973
3.60772            -5.08853            -1.60071
4.27278             8.94794              3.9226
5.13154              6.2846            -4.01599
0.520698           -0.640284           -0.395579
3.73853             2.36134             6.38529
-0.937396             2.58487              1.0301
3.62119             3.24373            -3.68642
4.77711             7.65544             5.38073
4.48162             -1.1355              2.0633
-3.13158            -3.46617            -1.44131
6.42303            -2.32866             4.65237
-4.93718            -4.95046              9.2903
-6.98468            -5.67566             7.35348
4.68066            -4.31229             9.66476
8.2848             1.12208             3.79472
-5.35587              7.3433            -9.69113
-7.50764             5.24317            -5.82142
5.8677             6.27006           -0.955558
2.00526             9.88794             9.10342
-0.480288             1.31579            -2.30798
8.40333            -9.51257            -3.31138
-9.71196             3.97054             5.20669
-1.62233           -0.882472             5.56086
-5.0362             8.63925            -8.96923
-7.62652             8.65367            -1.46652
9.87995             -5.6956              5.1683
-0.826551            -2.00045             -7.9765
-4.31853             9.15454             8.01913
1.75842            -3.86472            -9.76664
-3.48351             8.21483           -0.933325
3.63949            -3.25534             5.14273
-0.707679             4.99916            0.276383
1.14509            -9.58732             2.88666
-7.83777           -0.781572             5.95064
9.66574             9.72662             4.71302
-7.24029             3.44058             9.56314
3.26485             2.95178             5.72283
3.80531            -8.69169             6.58965
1.23413            -9.23394            -3.98555
-4.44025           -0.537599           -0.020417
-2.8574              1.7899             3.62495
-4.65955            0.125598            -8.26893
4.21972            -8.29072             6.04533
-0.898682             2.76703            0.509678
4.22789            -6.85384             8.89699
4.02393            -6.67809            -4.29546
-0.165497            -4.61925             5.50366
4.01373             8.79209            -7.54108
4.74236             9.33811             2.52037
0.673428            -2.15572            -7.75337
1.68379            -9.85026            -4.45908
-1.37518            -8.67738             -6.7811
5.10036            -9.52516            -1.53921
4.45567             8.90403            -1.05714
-8.13776           -0.731943            -2.62184
-9.35946            -2.59745            -5.49023
5.19256             7.69019           -0.490351
1.13959             6.82872              7.6695
4.41218            -2.29699            -1.41686
9.01327             6.28363            -4.95267
0.738737            -2.89626            -8.35235
9.92744             4.69676            -7.15473
9.06061            -1.44191            -7.06656
5.83535             5.39858            -6.07972
-0.20854           -0.983594            -8.72886
-2.02286            -8.14428            -9.88459
4.89144            -4.38982             1.97002
4.37425            -6.04987             -6.6985
-6.92228            -7.32911            -4.94504
3.68339            -4.45924             1.07116
-8.61758            -6.36203            -9.44249
-3.01284            -3.60151             -3.7039
5.54987            -5.61198             7.77503
2.03337            -8.43034            -2.60199
1.96092            -7.10147           -0.847275
-0.653426             6.93685             9.39254
-8.21108             8.31406             -7.6544
-7.46362            -9.31853           -0.337578
1.28064           -0.382832           -0.835063
-0.45792           -0.400411             3.84011
9.86592         -0.00893635             8.45089
0.706063             3.43464            -5.36695
-8.20586             1.30572            -9.32186
-2.26416           -0.682728              3.4705
6.86317             -9.3665            -5.23574
7.96273             1.94274            -9.17789
8.14862             9.40524              5.5954
9.20659           -0.641596             8.09386
9.63768              0.7169            -3.41738
-3.02904             8.87695            -8.60481
8.82665            -1.49888            -3.86222
-9.47473             7.44476             5.31088
3.0769             -1.2386           -0.812776
9.29773             8.70252            -1.75644
-6.456             2.27968            -5.27633
9.66821             7.09492             5.65936
4.94328             4.66092           -0.435537
0.219173             8.30847           -0.853791
1.36062              6.1342             5.64506
9.63244             2.57578            -6.99247
-6.65147            -7.33502             5.83706
2.00257             3.14693            -2.11537
-0.141322            -9.11633             4.08699
5.98841             -7.8541            0.895469
6.59344             7.76152            -6.57593
6.51732             2.04948             1.11438
-7.12524             3.78219             1.59144
-4.27938             4.76594             -1.5224
-9.72845            -5.38587              5.1604
8.09509            0.586809            0.271878
1.61734             5.81415             5.17157
6.31199              5.1489            -7.14468
4.59999            -9.67936             3.90644
-2.63258            -7.47742             8.99731
3.58066             5.83805             6.24001
-2.98199             5.33516             5.82616
0.739427             -5.3858            -2.82406
-2.44414             4.00664            -4.30894
-4.84642             4.64216            -8.58013
9.54781             5.18692            -6.96848
-7.73245            -4.90802            -6.21763
-5.17848            0.640129             -9.2047
7.97761             5.40988              5.4576
-2.88795             8.84643              7.9183
9.65721             -3.7698          -0.0311699
0.444568             -1.2123             9.27751
9.82467             1.39536             0.26022
8.26212             9.45651             8.39613
-4.55145          -0.0690149            -7.28741
2.37019            -8.82774            -3.79377
-2.4225             2.39001            0.878552
-4.88632             4.91903            -2.10308
4.6618             3.85683             -3.5597
1.73719            -3.26882            -1.61956
7.95704            -8.59857            -2.18582
-7.85528             7.11202             -7.5612
5.44499             7.44655            -9.93377
-5.96775             4.86401             9.50388
0.0728729            -4.89944            -5.99293
-5.89261             1.36577            -9.07825
9.8149             2.48787             5.65486
0.495703             4.09587              0.6209
-9.02981             4.81908             4.10764
-2.04766            -8.79643            -7.66374
-5.92881             4.82044             -6.9568
9.75196             2.11004             2.86109
-2.50014            -6.67943             -3.0416
7.44774            -8.45414             3.90699
4.09085             3.01195            -5.55686
1.69497             1.32965            -5.27038
-9.32432            0.788782             6.11191
-4.47866            -1.46272            -3.96703
1.65316             1.51753            -2.68115
-3.69596             -1.1724            -9.71475
-8.57224             -1.3481            -1.61033
-0.387726            -4.51348             8.23244
-1.63156            -4.41668             1.71944
3.7616             8.58379            -8.23049
-0.845651             1.04387            -2.75503
6.7093             -4.6566            -5.25026
3.8632           -0.693714            -6.16803
5.00422             7.67285            -2.52109
4.25474            -2.14844             8.17255
6.13036             2.83291            0.294948
3.41546             6.81714            -5.54027
-7.40496             8.70141            -5.38092
-1.9571             2.30631             8.42799
-2.2847            -8.08156              1.3659
6.84384             7.92856            -5.52607
4.86129             1.01224             2.59316
-3.8594              8.5269            -7.21856
-3.69026            -9.66625           -0.772665
9.75551             3.06097             6.25936
0.851824            -8.87223            -2.00129
9.21963             7.92178             3.60759
-7.36149            -9.99631            -7.11566
-6.23946            -6.04432            -3.53279
1.83357            -5.37082            0.268424
-2.59792             8.54259             2.95992
3.56927            -3.73945             4.32871
-4.56806            -6.83339              7.5132
0.988287            -5.46735             4.95538
0.468261             8.71265             2.90844
7.21944             7.46496             2.46382
8.70548            -5.99254             4.42225
-1.29381            -9.97172            -9.46926
0.193322            -8.35009             3.13074
7.20196             6.20652              8.2455
0.583174             6.17597             4.36427
1.21907            -2.43519             1.35479
9.16838          0.00502007            -3.94306
9.19079            -7.76357             8.70518
2.71906            -4.17155             1.88674
1.24126             3.01575             9.70847
5.83072             5.97133            -3.59145
3.2821            -3.81589             6.73887
5.77693            -5.25487             2.22067
-5.15434             -8.8273             3.34376
9.98882            -4.52472             7.72264
1.98898          -0.0466383             1.39748
-0.839265             6.52411             8.88217
4.11856             -5.3443            -4.20209
-4.47064            -4.40689             3.67295
9.95398            0.423993            -1.87373
1.25074            -9.65074            -6.89109
-6.88791             9.06002             9.12316
5.62299             2.26411             9.95033
-0.940105        -0.000895359             8.79225
-3.11259             7.69917            -7.31378
5.25907             5.55963             3.61432
-4.23046            -7.95903             4.45849
3.38868             2.38338           -0.244936
0.215323           0.0423655              5.5343
-7.21157             3.20246           -0.254125
-4.88668            -6.06942             4.10661
9.91753             4.18075            -7.33402
1.64898              7.2134            0.826705
-7.23191             6.53418              -6.825
5.12494            -6.58226            -6.03547
2.58412             3.76872            -6.51169
8.2558             1.12887             9.31034
-6.30907            -9.52411            -5.26741
2.11036             3.72093             5.23195
8.93415             6.45511            -2.91107
6.48155            -1.93545            -7.24376
0.717257             3.40272            -7.64451
8.95334             5.96289            -7.90956
0.415399              3.2418            -2.83823
-4.85186            -7.23234             6.95344
-2.61865             7.95965             9.43122
-7.56953              6.0184             5.30468
-8.62089            -5.42889             8.38517
-2.82854            -4.64671            -3.25873
-1.30524            -2.44583            -7.29169
0.649379            -3.82101             9.05132
0.944512            -2.16259             4.25126
-6.22959             3.84287           -0.296695
7.96508             4.35423           -0.673997
9.53334             1.41599             9.70426
0.571658            -3.17318             7.51872
9.54372            -8.66697             9.85293
2.97093             1.43716              -4.292
-0.610617            -2.63137             1.34309
-2.96038             -3.9079            -1.41896
9.27527            -5.56609             9.31245
-8.83447             6.74895             2.23344
-7.12573             6.70638            -5.07675
3.87062              5.1601            -5.11761
8.49299             9.06663            -9.10568
-7.34194            -1.01212            -9.26142
-8.52622             8.41307            -1.75636
9.89928             4.46705            -8.17974
-6.76591           -0.353515            0.692047
-4.16296             2.35114           -0.797623
-4.87557             4.01482             8.32106
8.22941             1.46567            -3.41824
-5.6885            -9.89068             2.45609
9.66496            -7.65628            -6.99847
-8.21839            -5.79664             7.62081
5.63736             4.26663            -6.40435
-4.14896            -9.88765            -6.17679
-9.03025            -5.94697              1.6802
8.16208            -4.03871            -6.72433
-3.07303             -9.2488            -4.58539
3.50735             7.75665            -9.84213
0.563248            -7.56841             3.84194
-3.92004             9.57707             2.41276
7.06749            -1.26173            -6.25688
-7.03032             6.28622             2.03389
-4.88366            -9.63228             9.51304
0.0525171             5.59979            -9.75073
3.02477             6.50415            -9.70811
3.73482            -1.63329            0.439501
-4.45352            -1.99396            -2.84476
-7.75128             2.09963            -2.72324
-2.48315            -5.29179            -4.13132
-0.348794            -5.00504            -1.34276
-5.85461             3.60316             5.91231
9.48121             1.24663             1.59723
9.417              -6.914            -3.85156
2.57457            -8.91202              4.3513
4.02791              3.7668            -3.27547
-8.39176              7.3032             6.99097
6.56061            -3.63396            -4.92242
-8.60834            -4.05987             5.46258
1.421             8.31791             -2.7538
-0.489516             9.40723            -5.25989
-8.41718            -6.17428             7.40917
6.3828             7.69986            -5.83345
0.856043            -4.97744             7.56464
1.05704           -0.741106            -5.02414
-1.10404            -7.85669             1.99054
-7.40877             9.42144             -8.1637
-5.17575            -7.97297             2.18479
2.92252             2.51529             7.95186
5.21497             9.40459            -3.86746
8.81262            -5.36232            -7.56287
-2.50528             6.21969            -4.84342
8.70218             6.02814             8.11035
-2.7345             1.90254             2.92979
6.25297            -6.68908            0.414091
-0.115883            -5.11929            -2.44317
-4.08276             1.57963             7.34106
-4.18221             9.81687            -3.37322
9.28082             3.36991            -6.22329
-5.79558             -6.5618              -8.804
-4.47075            -7.33786            -3.06498
-6.13463            -1.41666             1.25919
-2.41761            -9.06859            -6.95291
9.85366            -6.51584           -0.422637
-2.02866              6.8705            -9.64027
5.96164            -8.75364            -3.15774
2.55082             8.30228             9.36941
6.20991            -5.35762            -4.44493
-5.48296            -8.41203             3.71518
4.04085            -4.35879             5.01184
6.53675             1.49618             3.37968
6.26617            -0.31858          -0.0393335
9.78003             4.93631              8.4731
9.96497             6.87985             -3.7513
-9.6316            -9.19306            -3.45035
-3.62217            -4.82147            -9.15254
-7.69372             7.58537             6.36557
3.13427            -2.80565            0.986434
8.74535             1.08907            -5.02413
-3.40786            -4.46042             7.14937
-0.876319            -1.83423             5.06375
3.92646             -6.5784            -1.61065
-0.0460099            -1.04841            -3.16374
4.43214             4.16602            0.465731
-2.13036             9.14113             5.81143
-6.50383             6.06387             5.74377
-6.72329             3.84948             6.63843
7.6546            -6.32739            0.445131
6.3838             -2.6754             9.94443
-9.04898             -5.7707             8.04464
-5.03919             4.70893            -2.19471
-9.61093             4.76591           -0.793796
-2.41231            0.992206             2.10595
-2.18711             4.97282             2.18846
-4.68577             7.55002            -4.25902
-3.92016            -3.63019             8.99574
-2.73844              7.2882             -5.5896
-1.93414             2.78082             4.22415
2.37976             -2.8229             4.82876
9.42231             6.80778            -7.40163
-3.39771             8.52258             9.26323
7.86938             7.53567            -3.20416
-3.52796            0.954152            -7.00602
8.48575            -6.55165             5.62311
-1.32419            -2.20519            0.566891
-2.28846              2.5988            -2.68831
2.12988            -2.23025            -9.13361
3.90712             6.98869             9.19359
-1.17664            -4.68257            -4.97316
1.94352             5.71697             -1.0461
-2.45807             -9.2127            -1.11414
-7.63518             1.19271             6.74195
8.90281            -9.03616             4.63928
7.23105            -4.29926             4.79706
-3.88757            -2.46109            -1.22426
0.0857991            -7.51647             9.82596
-4.24288             6.41545           -0.476557
0.943718             3.55109            -2.79994
-1.73783             5.58271            -4.65585
3.0278            -4.09803            -8.44711
9.45381             8.81678            -5.39114
-1.61513             9.84039             4.79456
-5.26365           -0.564679            -1.11374
-5.08869            -6.49977             6.51608
6.04184             7.16676             4.87483
-2.9682             6.46464            -2.90999
6.73105             9.30231            -4.19073
-2.79124             8.35982             8.84709
7.35142             -2.7679            -6.09279
4.95348             3.90848            -9.74908
-1.31255             2.17498             9.20809
-5.72093             9.34074             5.86743
-8.53778             5.87215             6.27381
-7.6182             1.86914            0.943766
-3.04746             9.81764             1.78155
-9.39434            0.529936             6.48445
-1.61494            -9.41172            -4.53064
3.98413             5.20906             6.05391
-5.58261            -8.78191            -4.55579
4.14195            -1.50525            -5.40427
7.36663             1.94103             7.56347
1.91905           -0.995088             6.21669
-3.34188            -7.18986            -3.97094
-3.3395             9.20414            -5.25595
-1.57829             7.67212            -3.41899
2.18163            -8.89489              1.9103
-2.23813             1.30806            -4.12063
9.84626            -2.72672            -1.16011
7.85404             -6.9483            -2.42802
2.62091             -1.9837            -8.78339
4.83599            -8.79495            -1.31012
3.36464             4.59371            -5.55001
-3.62974             -6.4093             1.86299
4.96196            0.282377             6.30627
9.46113             9.92636             3.57436
7.98625            -2.05542            -2.66846
2.59661             1.53247            -1.73536
4.8972              -4.222            -5.99056
-8.32993             2.24286              -0.497
-2.71363             9.39843            -1.28588
-9.36197            0.151365             -8.1143
-1.5029            -9.87684            -4.08181
-3.98607           0.0846412             8.79273
-3.78464             4.54557             2.56895
0.137332            0.267243             2.69455
7.0305             3.86673             6.11225
8.78173             4.51041            -5.83436
1.95152           -0.994291            -3.70976
4.91359             1.27801             3.72535
-2.61738             9.39782            -7.35434
-7.25966            -4.81622              9.1654
3.37979             8.76639             3.61296
-4.92671            -0.96597            -8.11537
-1.46807           -0.857096            -7.62103
-6.4106            -7.48416             3.46181
-7.55952            -4.94512             1.12231
-1.43966              7.7438             8.63664
4.90222            -9.54046            -3.03752
-2.35928            -3.40336             2.06191
0.641287             6.44241             1.80994
8.53416              1.2536             7.26562
2.27652            -6.77666            -4.89362
-9.78856             9.42301             6.19395
7.34789            -9.29052             4.85884
7.12902            -8.59314             7.78496
-1.18037            -8.33897             -6.7845
-2.39663            -5.86656             7.94344
-0.569986             1.83637             5.12181
2.13864             1.47094             -8.4115
-8.35863             4.29544            0.552844
-9.76311             3.36814             9.75895
1.52341            0.653405            -1.72588
0.208434             2.95395            -8.94557
-7.29186            -1.26648            -3.07835
-0.307721            -4.41437             7.67652
-8.78848             4.13211            -9.32438
0.162829             3.20284             1.77039
3.75182            -7.89501            -3.21899
-4.67472           -0.544097            0.247477
-0.536136            -2.24248             2.49588
-3.23515             9.02586             1.70882
-4.8637             2.58014            -1.60614
-9.63428            0.350605           -0.434978
7.19427            -9.72348            -9.61789
5.31888            -4.69589              4.3414
-3.1245             5.36344             2.30328
6.9226             1.56314             -2.9037
8.91148             9.99017            -6.61617
8.6892            -6.26521            -7.60325
0.581672             8.04461            -9.86419
-6.7579            -8.39926            -3.00245
5.93718              5.9557            -8.05328
-4.7772            -1.71868            -5.86956
4.63172            -1.19194              8.9282
-0.81161            -2.60754             1.70703
5.20517             4.84054            -3.51506
5.8943            -4.62051            -1.90969
1.54707            -7.55284            -2.05393
-4.22478             5.31647           -0.420563
-1.76739              7.1985             8.69537
7.59182             5.82184             5.87602
-7.94859           -0.792987            -2.21009
-1.4398             -8.6575            -1.29692
8.56182            -1.90301            -9.58358
9.03176            0.980815             6.19491
-7.02734            -1.28595            -4.16542
5.41786             6.83905            -7.77481
2.53519           -0.831732            -7.05869
-3.53797             7.75747            -2.09003
9.58409            -6.08767             -3.3457
-5.06001            -2.42568             8.80208
-1.23019             3.35931            -1.97961
-6.49534            0.737751            -2.38068
-6.46233             5.35563             5.36481
0.460802            -9.74151            -3.33347
7.76155             5.16966            -7.46657
2.87961             7.78759           -0.274308
-3.41619            -2.34572             4.47567
0.588068          0.00267132            -7.83576
-7.50179             1.43926             -8.3145
1.43707             6.19377               8.195
3.45463            -9.31189            -5.58054
-3.35124            0.417342             2.82743
5.79225            -8.34798             5.38593
-7.80654             1.98932              4.5207
8.51988             6.26987            -5.18228
-2.36105             2.32544             3.09094
8.75261            -3.43419            -2.79258
-3.71476             -0.9709             3.36534
6.24273             4.97679             9.46477
0.419987             -9.5865            -5.07087
-6.99349             8.82514             7.34332
4.655             4.86711           -0.415391
2.25531             -5.3343             3.26562
-4.18882            -3.29212             7.35855
4.80126            -7.40913             8.39183
2.81978            0.846991             -7.7156
4.52178            -6.27389            -6.32874
-9.88712             -3.4522             8.83706
-3.28211             6.66978             -5.6999
7.8362            -8.24188             7.54833
0.375057            -8.39051            -4.11232
4.57324            -3.86275             8.14656
-1.60105              9.3636            -5.48034
2.36788           -0.585853           0.0664171
-2.21574            0.537265             -6.7534
-2.82179            0.935155           -0.817123
3.77559              6.5056           -0.757557
-4.70429             6.40833            -4.60731
2.98472            -7.46232             4.67803
3.32937            -2.47734             6.66046
5.13754            -1.59494            -6.71279
-5.60456            -7.39505             8.39392
6.83564           -0.881572             -4.9591
-5.30003            -7.29821            -5.11105
6.81182             1.43714            -8.21663
1.64547             7.38102            -4.68928
6.82377           -0.865404              4.6316
9.21685             1.74911            -8.36509
-1.33732            -2.49212            -7.97841
2.16953            0.238405             1.50433
4.62786          -0.0252434            -7.87777
1.71937             3.88958             3.72364
-8.25484             8.39662            -4.04175
1.82069           -0.612443             3.68185
3.85093             7.53047             2.46166
9.10936            -1.41034             2.89345
2.74235             7.29628             -5.6588
-6.4011            -5.61477             1.80139
2.53925            -5.14765            0.150478
9.54375            -4.21378             8.36068
5.99692             4.60835            -4.26407
3.59549           -0.869837            -7.30122
6.04423              2.5837             9.71973
8.16458             7.47852             7.73175
-0.79545            0.260391           -0.318603
-6.40943             9.69025            -9.20381
-5.96334             4.16761             5.42817
-5.18624             6.27192             3.63963
-0.517362              5.3897             1.77938
0.674554             8.30765             1.57897
6.4443             4.20031             9.94303
-1.4267            -7.66396             1.33613
-5.02196             8.12602             6.44446
-4.85603            -6.27805            -6.55568
3.09262            -3.13271            -4.33767
-1.09833              1.0908             1.34463
2.17403            -3.14017           -0.139451
3.2341             4.79414            -3.29138
6.47202             1.67264             -4.6727
6.48013             3.11011             -8.4285
7.94688             4.71117            -8.43525
0.70554             1.65851             6.03748
-5.05747            -5.04669             7.83937
-4.19507             7.47294             5.98569
4.12714            -7.70829            0.900017
0.429425             6.62406              2.5824
9.47738             4.75494            -5.16443
7.63643            -6.24188            -5.71666
6.4572             6.82212             3.08131
-2.35076             4.99051             6.93128
-2.9886            -9.70443             7.70076
5.55704            -3.15849            -1.69756
-2.05668            -7.79404           -0.822461
4.06405            -3.31069             5.91548
-0.518312              -4.243            -0.86358
1.09037             5.03234             9.82375
-9.52645            -1.38445            -7.87687
-1.87617             -5.5181             4.76023
0.647313            -4.98367             2.74283
1.26419             2.07555            0.349233
-9.8635            -3.78848             2.64137
3.56684            -2.78474             0.96463
2.56108             -3.8306             3.83036
-1.44928            -3.33276             5.75608
2.09867            -3.91552             6.10556
0.722483             5.80183             1.46979
-3.6278             9.27678             -1.6138
-4.55035             7.84794           -0.731304
1.60409             1.82456            -3.73959
-2.241            -2.65335            -2.45939
8.47377            -3.16563             9.40921
-9.56232            -7.66865            -6.93773
5.01167             8.08006            -7.58494
-6.52438            -1.06217            -6.96802
-5.04057            -5.19247             1.33953
-9.23459             3.69601            -9.32807
9.69546             8.93416             8.98841
4.62074             7.93457            -9.35716
9.91048            -2.19541             -3.3213
-1.51051          -0.0787243            -6.47569
1.57367            -6.58197             6.29826
1.10391            -5.12176             1.96235
-6.89374            -4.55282             2.68589
4.36712            -8.40941            -2.04416
-9.53092             9.71807             2.52631
5.3198            -4.75735             3.16287
-1.90541             6.78037            -4.90883
-8.88664            -7.31977            -9.47938
-0.0620999             3.46492            -3.62408
9.91422            -2.22999            -1.80968
8.20147             4.57301            -1.52055
0.0832029             8.69666            -7.28635
-0.203839             4.04039             3.67205
-8.93134           -0.719473            -7.76284
-4.10212             5.47042              6.4496
-0.296841             6.30828            -6.94114
2.7074            -7.27273            -8.42992
-2.58061             -5.4067            -2.02651
9.03812            -5.31051             6.26278
-4.78274             7.74143           -0.375791
1.39996             6.04553           -0.686466
-1.12999            -1.00885              9.7113
7.89686             7.66041             9.37421
-4.16867            -5.78974           -0.375821
-0.587483             5.96217            -2.92606
4.6598            0.883164             4.68241
1.0923            -8.42826             1.99088
3.54865             9.95952             -9.0483
-6.6515            -4.44943            -8.48971
-1.34838             1.21438            -1.57885
-9.93736             2.87954            -5.40698
2.76222             4.28243             8.61169
5.29288             2.55023            -5.06616
-0.942598             8.85949              6.0639
4.28139             7.11413           -0.326888
7.7562            -2.11944            0.357868
3.01295             4.11567             5.54167
-6.30198            -6.02921             4.19979
-2.26998             1.38691            -5.71231
-7.43509              4.2336             -4.6213
6.26583             2.44827             7.08818
9.49152           -0.495598             5.93202
9.69418             7.28405            -6.03655
-5.99195           -0.616261            -8.67195
-6.49925            -8.66098             4.54789
-5.07591             4.52588               1.717
8.0278            -6.02651              4.8812
5.16504             2.46679            -4.71364
4.85382             1.77251           -0.235292
-7.51669            -1.21086            -7.63628
8.76321          -0.0785961            -9.25119
-6.22076            -4.95932            -5.15082
-4.40314            -4.73424            -1.71435
-5.22237            -1.41471             7.78864
-3.83943            -5.26588             1.74513
6.34361             6.85905            -8.02794
4.35032            -6.97921            -5.99907
7.98294           0.0256673            -9.75432
-8.68376             5.52559            -4.93931
-9.12984            -7.74696            -8.21024
3.29971            -7.04849            -8.68066
-0.346177             4.67252            -2.10855
8.56083            -7.60555             6.47576
-3.77328            -9.24737             8.33516
-6.35023             5.90442             3.25171
-7.86668             5.49465             8.68773
-4.1553            -7.61529             7.48022
-2.81405            0.556372             -5.3898
3.58468            -5.04729            -5.13171
8.67372            -9.46686            -9.44518
7.79131             7.08098            -3.71471
2.94057            -4.68509             5.95333
-3.46608               9.657             1.81826
-7.34907             7.53752             2.86644
-5.2127           -0.308525             2.24717
-8.68516              6.2918            -6.46892
