4.54818             2.38808              5.6328
0.0329621            -6.14154            -9.74612
-8.56933             1.91626             1.24789
3.66374            -4.59215             4.05316
-3.61557            -2.04265             7.56188
7.17213            -9.13146            -8.00713
0.74678            -8.54336              9.7586
-9.34447            -4.75391            -9.43723
7.41417             -8.1213            -4.93209
4.16242            -3.10101             4.53566
-6.06162              7.2518             1.60741
4.07391            -7.13984            0.350357
-7.08248            -2.02586             4.07728
-5.3786              9.8068             4.43068
3.11868             5.52262            -9.46409
9.50712             2.79548           -0.622268
5.23088            -8.63705            -7.22861
8.51558            -7.99433           -0.960719
-8.59069            -8.90073            -5.01083
-0.650663             1.53964             1.28209
-2.32127            0.918001            -7.44163
-3.56275             5.22905            -3.82641
1.18472             -2.8373             2.15919
9.96459              8.4109             4.96231
-2.20865            -7.04645            -5.96209
-4.45296            -1.70019             1.49968
-3.36899             1.27627          -0.0521826
2.10484            -8.18389            -6.10309
-0.278965             9.74608            -2.97219
-0.57499            -4.43069            -2.33985
6.78151             4.15968            -9.28802
9.00326            -8.88914             4.14347
-2.62279             2.51687             7.65431
-0.337851            -5.33952             -4.1594
2.27545             1.05045            -9.80438
9.96092            0.272535             1.89091
9.68199             2.44759            -8.50367
3.97016            -1.58604             6.93931
0.528887            -3.05582             3.86182
-6.45374            -8.13684             -6.2508
2.80494             4.29488             9.83948
7.74865             1.63976             8.37367
4.15632           -0.237128             -2.5605
-6.32985             0.49471            -3.50901
7.15292            -5.52171             5.43901
6.8392             5.50585            -6.93594
-7.26405            -6.69729             -9.3295
-7.08946             6.48274            -6.35242
9.38624            -6.97988             5.24278
-8.93766             2.55349            -2.15125
-3.38239            0.529192            -8.82778
-2.93407            -3.95794             -4.8149
3.57858            -8.92422             6.05884
-5.89893            -5.37644            -6.76168
7.71753           -0.819726             -4.6913
5.27452            -6.73269            -8.33643
3.78825             7.04673             2.21199
-5.54338             3.12571            0.475788
-4.65258            -8.88516             -4.5674
1.37972            -7.36716             1.12278
6.72778             8.21803            -7.07174
0.825212             -2.7546             -9.9884
6.4449             5.93738             5.86869
-0.862444             6.47359            -7.99587
-2.96763           -0.621046             1.39435
8.55219            -1.60985             4.95316
4.04857            -4.36292           -0.689713
4.68031             4.45509            -2.91483
0.115973            -7.97143             9.42229
-4.84176             9.80865             4.60433
-6.00608            -4.80056             3.32011
6.34571             6.62862            -7.36594
-6.40525               2.501              8.6694
9.5071             5.83667              4.7087
6.34052            -6.20868             8.79391
0.030208            -7.66167            0.799894
8.12615            -6.40583            -4.34309
6.55233             3.80993             9.53643
7.39403             1.10843               5.909
5.25162            -6.26209            0.308851
9.35023            -6.43147             4.32539
2.97068             5.82995             8.53878
-8.54033             3.19071              3.1605
2.82813            -6.06372            -1.72734
7.37172             1.29521              5.6621
-3.02989             7.87683            -2.42286
-6.71593             9.47051            -1.01931
-1.79327            -3.63384            -9.35026
-2.31152              6.6271             8.49208
0.234666            -2.67403             8.30592
-9.70706            -4.18561             8.99564
-1.95139             9.55504            -6.44612
-4.31749             7.11417             8.35536
-4.15145             7.96472             8.63857
8.12219            -6.61519            0.925304
1.76732             3.50352            -3.76478
6.80075            0.545677            -2.81812
4.28266             3.63201             3.58897
-7.00159          -0.0149529            -6.91978
-6.27705             9.27549             -8.2159
9.14484            -3.43485             3.35186
8.18322            -6.11011            -1.56682
-2.98565             3.85266             5.40666
-4.70109            0.686057            -8.91293
-7.32387             2.91269            -8.40235
-5.99813            -3.51176             7.58233
-7.99223             6.53096            -3.71318
2.45764            -4.29121            -2.76802
-5.86935             4.57809            -8.58943
8.61749            -9.92187            -4.12366
5.33249           -0.786156           -0.616165
7.25302            -9.85656             6.82547
9.62248            0.993076            -9.97222
1.62817            -2.28339             4.24177
-9.20746            -8.95199             9.30662
3.94419             4.52376            -9.51811
8.70781            0.509968            -6.31794
2.25836            -8.32331             1.53051
-3.51973            0.271311             4.19783
-7.85915            -1.60253             8.04072
-5.16836            -1.11636             6.31367
-1.4936             -8.9468            -6.68599
-0.94123             7.44896          -0.0228848
-1.25862            -9.93042            -4.02325
-4.69623             8.99076            -6.65486
8.55859            -3.54472            -5.33921
-8.16831            -4.62782            -6.65275
-2.63315            -4.73312             -4.6901
1.9028             6.44826              6.9521
-9.94903            -1.64769             6.84225
-8.30991             3.98084            -8.07153
3.51785              5.9328             1.69775
-2.55598            -8.97305             7.39037
-0.202359             9.36552            -8.70296
6.3393             3.10068            -8.95657
-2.51413             4.82864             4.83414
-1.23176             -6.0158            -5.08072
-6.59445            -4.04736             6.34694
-8.55286            0.381177             -7.2869
1.20728            -5.09842             2.77017
7.8115             5.25102          -0.0405856
-4.94584            -5.60655             2.90231
1.9654            0.571002             6.42751
-1.66508            -9.04996             8.04773
-1.26502              4.9794            -6.74062
-8.73624             7.93726             8.69229
-4.59064            -7.69402             5.12437
-0.204811             5.06852            -8.49574
-4.15698            -4.35834               2.154
-8.69932            -8.87173             5.11735
2.5309             7.51671             8.84366
7.12117            -7.18924            -2.25684
6.31121             6.15742             6.25019
-5.09842              2.1067            -2.62611
4.82834             6.75863           -0.900292
7.05313            -2.73842            -8.61751
1.07453            -1.71605             5.86444
9.8645              -9.541             7.45079
2.00049            -1.22318            -6.80778
9.6881             8.97763            -1.82411
2.61725             2.79916             7.88565
0.782802             7.46117             6.80044
-9.21082          -0.0466922           -0.285038
5.48263            -4.68795          -0.0769016
7.70132           0.0323537             2.69723
-4.92112             5.01175            -7.20175
-9.99942             8.24549             -4.3675
-6.09089            -7.63756            -6.88558
-0.36321             2.60842            -3.80962
3.48031             8.38863            -5.66789
1.52501            -4.74929             6.04542
-4.18746             3.85998            -6.97561
2.94411             8.94986            -4.62263
5.26201            -9.19187             8.39015
7.24204            -8.11731             -7.8814
2.37252             9.68993            -3.93444
1.90251             3.01584             8.25221
0.932345           -0.376594            -6.63319
-7.95926             7.10929             5.03495
-5.84675             2.49001             1.78351
1.85123            -5.94378             1.36174
5.27908             -8.2406             4.52834
-7.214             8.31355            -1.13498
8.54213              1.0062             7.66046
-6.25541             -7.7047            -7.93847
9.64078             3.88043             8.44814
-1.90257              8.0105             1.43865
-7.39862             1.28788            -7.80449
-8.22568            -8.47193            -3.94055
1.69955            -2.56233            -2.64656
4.09924            0.461137            -6.71043
-4.47219            -9.11558             4.03178
9.84984            -4.38123            -8.77075
4.82895            -4.43861            0.863054
-5.00445             9.81292            -6.26393
-1.56318             4.86496             2.88247
3.49341             7.37236             4.49447
-4.1725             5.04838            -8.56471
-6.9616            -7.79961            -3.60057
-7.04979            -1.75664             4.63454
3.51449            -3.80169            -8.75667
-1.65442             9.04233            -5.52385
-4.47557            -4.43708             3.08237
-9.61791            -3.41502             4.36598
1.82194             1.51098            -2.32276
-7.10228            -5.56749             3.41594
-0.17307             -3.8905             1.07853
-8.57204             1.68584            -2.25684
5.72189           0.0421196            -7.18924
-7.66778             8.74997            -8.12067
-6.64421             2.70303          -0.0225797
-5.41766            0.643942             5.31694
1.48591            -3.68114            -6.19464
2.73811            -1.71025            -1.42155
0.095227             2.58126             8.81528
-6.39668            -7.72942            -7.72515
2.07859              2.0246           0.0763003
-6.52394            -7.55638            -1.78563
6.76138            -4.91317            -8.01324
0.671402             7.94946            -1.97241
2.4845             -7.7517             2.90232
5.50738            -5.78081             8.91294
-8.00686             9.21476             3.24318
3.83892            -2.08777            -7.99007
1.06843            -6.28955            -1.82138
2.94412             7.50997             1.74258
-5.0545             -2.6893             5.27237
-1.4643                4.85             2.45551
-0.409308            -7.06472             2.06642
7.60243             8.03733             4.60555
9.28432            -3.08878            0.178232
-2.32187             3.89294              5.4619
6.04478             -1.0187             3.15104
8.92637           0.0781062             1.20487
9.03255               -2.06             8.05353
6.03076             5.66607             6.73635
-6.56152             4.08521            -7.19138
5.81589            -6.18673            -1.12216
-8.83301             1.16976            -3.68327
4.77276             9.01059            -8.59828
-3.47276            -1.30924             5.29771
1.20516            -3.76692             8.52382
2.04016            -7.79382             -7.6339
-3.77821            -2.44728            -7.84295
-4.31779            -1.29917             2.96823
9.62858             1.12459            -7.76696
-2.76441             3.05215            -1.18686
-0.272244            -6.09577             3.73822
-7.42121             5.69781            0.425737
9.96487             7.98576             5.58611
-8.06425             8.98769             3.56029
5.56106             -4.1557             4.32173
1.74899             3.36101            -8.83114
-0.542321             8.92939            -4.54786
-6.32771             -7.1685             4.85091
-9.95424            -8.89798            -8.18844
-0.303957             3.93165            -8.31482
-8.79818            -3.16629            -7.46457
2.78544            -5.90168            -3.13856
5.2031            -2.09176            -3.94973
0.487085            0.493117             8.76126
-2.66914            -9.10337              7.4511
-8.08801             8.25189            -9.18637
4.15113            -4.81493             4.56038
-9.87517              5.9956             9.28648
5.91846            -7.12944            -3.31431
-0.886247            -8.04469             7.17674
-2.2721            -1.57661             8.69351
0.841711            -3.13492            -7.34153
-4.56465            -9.06402            -4.96353
-0.35706             6.04723             4.92111
-0.796224             9.69816             6.35457
-2.46681             -2.3817             3.38542
-6.62068             7.70134             8.52352
-9.60355             3.51145              1.9773
-6.10248             9.88066            0.921663
-3.1669             7.83805            -2.06091
-2.31482            -4.88876             5.84705
5.87329            -5.26993             9.11802
5.06913            -8.90625             4.79812
-2.48511            -5.61547             5.81012
-6.99179             -1.5818             8.10847
-8.53296             9.56753             7.57989
1.06846           -0.402574            0.866119
-5.4802            -4.41946             1.87079
3.87311            -8.30502             8.16218
0.729702            -6.81999             1.54056
0.294815             4.61195             6.92951
8.15028             3.02805            -8.59015
8.87234            -9.46226            -1.36544
-5.68559            -4.48561              -2.252
3.10923              3.1016             5.33124
7.32841             4.35561            -1.98766
-4.64461             9.93286             9.54009
-3.5557            0.238961             7.27226
0.0933936             9.35454             4.93515
3.48949            0.780362             -8.5168
6.06586             7.38976            -7.76757
-9.79155            0.631124             3.23283
7.49963            -1.17404             7.65649
9.90448            0.434286            -4.94796
-4.32233            -8.77773             8.70693
-0.944842             7.42546            -5.58061
-1.77709            -5.84551             6.73452
-6.57887             9.13542             1.32359
-1.80211             4.38796             4.11298
8.85313              8.7991             3.72448
7.87592             3.98541            -8.92635
-2.41554            -7.65099            -7.91436
-4.97482             7.97144              8.2577
9.13633              7.5924             5.03678
0.999183             3.02317            -7.81731
4.03638            -8.98281             2.11585
-7.44651            -6.32129             2.92429
-4.95284            -3.79864            -6.13391
-6.50837            -6.24805            0.430925
-4.70076            -5.35721             6.22883
0.379654             6.76657            -8.67946
-1.94311            -3.47911            -4.88267
7.65253            -8.35811             4.32812
-1.76243             -9.6118             -2.0491
2.46101             6.01428            -2.09575
5.30504            -1.29032             1.56588
-5.82445            -3.45286            -7.37972
6.09608            0.660425             3.21818
6.61123             -8.7762            -3.62376
-4.933            -8.81374             2.64687
-3.01766            -6.40553              7.4041
-1.93426             7.73431             1.25981
-5.61632             9.61761            -5.79241
-9.56297            -5.87176             5.56566
-1.18289             3.54778             3.85754
-0.553602            -3.07168             6.24897
3.87585            -6.46717            -6.43177
5.85712             -7.0217             8.01294
-8.16247             3.61278             8.75882
6.24592             7.75964             8.04499
-7.45048            -9.22513             6.59933
-3.37045            0.411696            0.108955
-4.89669             -4.8674             -9.0411
8.00898            0.403154             9.03104
9.59777             1.90314             7.90582
1.33001            -1.18808             2.93558
3.58776             9.37254            -7.51884
5.40209            -3.31644             4.29152
3.98267            -1.74199             8.91843
-8.17071             6.63961             1.84668
1.5061            0.312816             4.65469
-1.9956             5.91876           -0.172729
2.75491             3.73486            -5.33494
9.76043             5.26902            -8.00899
-0.129695            -3.32713            -8.31143
4.85916          -0.0268502            -7.15666
1.67211            -4.00159             3.61735
-7.25668            -6.97806             6.59565
4.30342            -7.78252            -3.68513
-3.51634             6.72995             -7.9876
9.46593           -0.444345             2.76651
-0.527959            -6.55141             5.08317
1.10508             8.92483            0.597556
6.81845             9.53032            -6.99575
3.62957            -4.13159            -3.92986
8.07948             7.63085           0.0805729
3.10527             6.84958            0.341201
-1.15664            -3.44615            -1.54423
9.82422             9.83581            -2.53029
9.41771             -9.3643             6.13178
-5.71062             3.22215             9.26085
-8.46736             -4.7557            -1.54484
-7.07876             9.17295             2.60049
-0.799879             2.91757             4.92783
3.27586             1.69347             1.26347
7.45384             1.07303            -7.97723
5.9859             4.77707            -8.01233
0.294209          -0.0393677             8.36818
3.67199             2.94138             6.44033
-6.47236            -6.44612            -6.34846
2.06641            -8.94558            -0.28687
3.09611           -0.861231            -3.90545
6.00178           -0.279854            -7.98761
-1.5134              1.1594            -6.03564
1.50396            -5.19455             7.67785
-3.03567            -3.12448             -5.6142
-1.14199            -6.77297            -4.61899
7.72088            -0.93203              1.4386
-1.42399            -6.16596            -5.20588
-1.21554          -0.0222774            -9.41802
9.81384             9.78851           -0.652494
-7.87835            -5.19791            -5.89281
1.91626             6.31306            0.344562
-7.71172              8.8403             5.91632
-7.84905             3.93109            0.958896
6.31307             9.15464              4.2671
-1.97851             2.81503            -4.03241
7.28203            -7.58598             9.24589
-3.36161             8.29341            -2.96426
1.6419             9.27092             -5.1976
-6.57887            -3.14798             -1.7072
5.01267             1.79418            -5.41306
5.49425              8.9584            -2.88674
-6.80501            -6.93777             8.88211
-7.01284             -2.7546            -4.04797
-2.84767            -8.69716            -8.53907
-9.43693            -2.69448            -8.40449
-9.82024             9.95117             1.38127
-1.75389             1.24913            -2.10944
2.93039            0.941192             8.45149
7.40227             2.78054             4.93027
3.69976            -6.51417            -1.36021
-9.97711             0.59481            -6.53981
8.70144             7.04734            -8.05993
0.245681             2.89499             7.69311
8.96482             1.44872            0.210277
-4.94522             3.69183             -5.5684
-9.68779           -0.792868            -3.95613
-9.418          -0.0109892            -6.80351
7.19078             9.29747            -1.48572
-9.44975             6.81143            -1.44815
-0.919512             6.71011            -8.67369
3.93415            -2.23182             7.49775
9.03257            -4.01135           -0.593272
-0.483714             4.31837           0.0470065
2.91666            -3.88104             8.04468
-2.05541             2.50588              -2.743
-5.15243            -9.90508            0.678431
-5.34836            -9.11252            -3.26578
-3.17361             -5.2269             2.09205
2.3597            -4.15631           -0.395821
-3.50169             3.57006            -5.63341
-6.36402             7.23198            -8.97976
5.0911             4.46608              2.8953
-3.8969            -9.16837             -2.0954
-1.38371             1.43193            -6.17664
-6.39057          -0.0555396             8.18537
5.28338             7.94305            -7.86492
-0.115048             5.16221              -6.086
-5.74053             2.63986            -9.93438
2.32918            -2.53761            -4.04278
-5.20339             3.49956             1.86468
6.24013             2.00232            -1.15024
-0.0997875            -1.97485            -1.46336
-8.8052             0.91678             2.49855
8.0215            -3.59355             6.62161
-4.803            -3.96588            -3.84655
-1.62144            -2.46742            -3.15439
9.20896            -8.33521            -9.17996
6.69546             4.83475           -0.854231
8.99748             8.42006            -6.22915
-6.675            -2.40546            -2.94877
6.29261             1.80487            -2.24438
4.16945            -1.14017            -9.56544
-8.55769             6.93747            -6.24931
-8.39259            -6.42964             -9.8123
-9.50224             8.96024             5.87543
-1.63883            -2.68715            -5.92822
7.84387            -9.79369            -8.01812
4.63271            -5.39262             2.89774
-1.236             8.03095              4.1081
-5.82109            -7.85577             4.21278
-0.81972             9.77844            -4.11847
-9.79003            -4.68123            -5.34012
9.21659            -9.47782            -9.67711
-1.16397            0.345776             7.17979
-2.61604            -6.26148             7.15751
8.89035             5.67767             8.61202
-7.163             2.72409             7.56859
-7.93785            -8.66054             6.38844
2.35939             5.45183             2.74301
7.40929          -0.0552345            -8.38984
-0.951868            -6.42353             -7.9696
-2.13934            0.134588            -8.84945
6.96128            -7.78252             1.07517
5.2501             -1.5955            -7.85668
-2.4549             5.69964            -8.29737
-8.15301             6.70858            -8.46522
0.549035              8.3639            -9.33683
-8.32026             -5.2089             9.38628
-8.23755            -4.79628             8.99869
-0.101619            -4.62233            -5.69111
-9.23337            -1.44078              2.0731
-6.14154              7.8515            0.542258
5.30992             8.57568            -2.80712
2.82724            -5.22447             3.85753
5.88825              4.7908             1.74869
8.93461             1.02421            -5.33311
1.11698            -1.30041             2.14363
8.43624            -9.08414            -5.59007
4.64431            -5.00046             6.66433
2.61269             -9.5413             6.65487
9.95209             6.14061             4.35011
9.3521            0.586868             7.76361
9.77478             9.56054            -8.42646
-5.12344             6.25477           -0.867332
2.98533            -3.83772             9.44182
3.80506             5.21225            -8.43012
8.66085            -6.71041            -6.15649
2.57455            -7.42606            0.433062
4.09284             3.97013           0.0662292
-4.70534             6.66738            -4.15662
3.53039             8.98099             -9.6237
-8.58424            -8.42555            -5.56322
-8.67397            -7.24969             8.36055
7.828            -6.07776            -1.20975
1.65228             1.35838            -8.49086
-5.29068             4.45571            0.800505
7.64276             2.29406            -9.38322
-0.256042            0.413217             9.02799
-8.67396           0.0210602            -9.86388
9.4583              5.9798             7.48742
3.78674             5.30898             5.82263
-5.01174            -2.34047             -9.4116
4.79172            -2.57668            -1.32574
2.12104             3.54316            -8.04383
-2.67128              6.1153            -3.66074
2.8187             -8.6871            -9.87888
-8.44294            -5.74056             1.65011
-5.1973            -1.67982            -3.00362
5.28703             8.96388            -3.47788
6.92954             9.70974             4.61593
-7.20145            -1.39565             6.37441
-3.5142            -6.58597            -6.74215
4.61868             1.57351            -7.09433
-1.95745             6.34874            -1.46275
0.569174             6.96706           -0.426034
5.68133            -7.25277            -2.82815
-3.33201           -0.827365             4.22773
2.65054             -7.6568             8.37245
4.35255             1.04952            -4.98825
2.248             4.74103             4.94889
4.75631            -8.56685             8.86044
3.5426             5.59435             7.77826
1.30131           -0.229224           -0.787068
-4.5851              9.2907            -4.33332
-4.35957              5.9218            -9.99816
-5.4213             9.37405               2.313
7.71417             8.03095            -4.99649
2.92398             9.94746             9.61974
-3.89721            -9.61455            -6.51478
-9.5529             6.54163           -0.308843
0.678125            -1.93398            -3.94116
-6.99636            -6.39858            0.101937
5.42436            -8.67002           -0.762652
-5.59282            -2.98686             4.52252
5.65051             9.39389             8.78931
-7.70744             7.70105             8.29149
7.35893            -4.97757           -0.642749
4.1313             -9.0643            -2.51871
-9.05178            -8.79818             6.41955
-3.28165             7.59301             2.73355
9.78332            -6.13696             4.81766
-9.80162             4.01532             2.15339
-5.57054            -6.31092            -2.65358
-8.32087             1.07548            -7.01468
-1.1713            -4.02478            0.756558
5.8913              5.8797            0.591148
-4.8619            -4.52559          -0.0375337
-9.20529             1.94984            -5.89831
-3.73058             7.52404            -0.30274
6.39943            -9.08292            0.294508
7.32567             3.87646             7.36168
4.28572             5.99933            -4.52955
-9.5413             -2.8492            -2.44331
6.46841             6.88437           -0.424203
3.65857            -2.73934            -3.10678
-2.29407            -9.50407            -1.64098
-4.68672             9.90875             7.97754
-7.13369            0.879545             7.08762
7.85822             7.16208          0.00397145
-7.41538             7.77551             2.69967
3.55999             8.13624             5.76465
5.32732            -4.73891            0.870392
-8.37641             6.16047            -2.89468
-4.45722             3.39611             3.93659
0.530721            -0.23743             5.24247
5.07462             4.37178            -5.09417
-7.10012                3.52             7.07784
2.55563             8.85709            -3.18837
1.16642             7.27989             4.90341
-0.815753             1.70538             3.22975
0.856356            -2.03711             9.33559
0.85147             3.27281             8.49514
0.188608             3.56975            -1.41361
-8.79817            -4.26343            -8.91323
-5.121            -1.13956            -8.82046
4.5787            -7.87102           -0.389412
-8.35749             4.75174             9.06492
-7.46909             7.73309             -6.9924
4.62204             3.82489            -9.99267
4.99924             9.93408             8.81528
5.46801             7.56798            -4.24604
2.81259            -3.70708            -9.04873
-0.527048            -3.85052            -4.79751
1.6242            -9.88982            -0.60823
-1.6483             4.71603            -4.62202
-9.5648             9.79248            -1.82928
8.89981            -9.11679             6.26759
0.155954            -1.23081             8.48964
-4.14502            -3.24015             7.70654
-4.24146            -4.26435             2.02552
0.109874             -2.1778           -0.737628
-4.59212             7.95648            -7.48985
1.78442             9.89807            -8.51649
-0.927451             2.46407            -5.83727
3.89447             3.82092           -0.862144
-6.92648            -9.21659            -9.76042
4.29884             1.93335            -0.99734
5.75            -7.11783            -6.75865
9.74365           -0.646993            -6.61918
-2.8843             5.85712              -3.698
8.70174             6.70126             2.90505
-0.98452             9.77264           0.0274585
7.31194            -2.59407             6.49006
-7.13248            -8.54182            -8.32239
9.90021             8.57418             8.83084
-4.72701             5.53057             7.16819
6.53371             1.33885             6.00483
-6.39729            -2.14514             8.84732
7.73706               6.574             -1.0596
-7.069            -8.27296            -9.07132
-2.13263             5.51714             5.83545
-3.93047             6.10462              4.3788
-7.64336             1.16184            -2.94992
8.71426             8.55861            -1.04739
2.21626             3.69366             6.62923
-3.76323            -5.41367             3.68084
7.09128             3.62713            -4.51521
2.97495             1.38646             8.28944
5.63617             1.02786             -2.7665
-8.17835             1.94983            -9.94537
-5.03647             6.51052             4.90524
7.08457            -6.01031             5.18113
7.80695           -0.565507             2.23365
-6.84499            0.820036            0.500813
6.53707            -8.50123             1.46733
-3.76262             4.98795            -6.89565
9.67193             5.09873             4.79477
-1.05166             1.41545             2.40486
-9.73418             2.24128           0.0759959
-8.97396            -4.65956               6.711
9.49645            0.527663             5.65262
-1.47404             7.85883            -9.84779
-7.38334            -8.48323            -6.42236
-6.81325             4.23902             7.48951
-2.18481             6.66738             6.78607
2.9133             8.53328            -4.31317
-0.125122            -5.02426            -2.94442
-7.45963             5.70422            0.753506
5.80219            -6.42811            -3.14951
-4.44715            -9.38413            -3.42997
3.68267             3.87372            -1.09408
-9.13266             1.67638             1.79663
9.98963            -9.31669            -5.92303
-8.42799            -0.67415              9.4525
7.16789            -5.07065             3.61858
-9.98992             3.47789             4.26771
-5.96484           -0.191045         -0.00243744
-6.76503            -1.88543             3.30516
4.69497            0.605491             6.55355
-0.906088            -6.54713             2.66305
-2.79061             9.20377            -7.91406
7.93085             4.45082            -5.13596
-7.47581            -6.87521            -5.60686
5.06455            -5.41185            -6.17114
-9.59867             3.87585            -7.34122
3.12601            -7.00888             7.30675
8.59707            -9.10916            -6.62679
-5.30533             5.39415             2.29591
8.45974             9.23917            -4.45509
-5.0441             2.86234           -0.763873
7.65435            -6.20807             4.83933
-5.16373            -3.24503            -3.70832
-7.58659            -6.97867            0.230702
7.6687             4.33211           -0.726438
-7.44377            -9.42961              2.5428
4.53933             3.89203             6.75586
9.55535            -9.51872             1.94065
-0.545362            -3.69426            -2.62672
9.88586            -3.35764             9.94477
5.92823             5.48509              5.0676
-4.2323             9.98779             7.01041
-5.96331             5.38622             4.24299
-3.37931            -2.59621             8.83389
-2.16253            -9.93408             6.69973
1.09928            -4.00006             1.42491
-2.48329            -9.16806            -4.96108
8.76614             2.62215             3.76965
1.5888            -1.11911             8.24733
0.65707             4.18958             -9.8767
3.25358            -8.93124            -8.10174
-6.0979            -8.23725           -0.480968
-1.62724            -7.96716            -4.37238
9.59991             3.43577            -9.83275
2.54555             6.83737             7.25303
-9.39085             -8.0523            -6.15588
6.64602            -4.57564             -6.1745
9.44762             7.72149              -6.722
-8.95077            -7.47734             2.54342
1.55462            -8.44782             1.31566
-1.0895            -4.57839             6.84958
3.32195             4.55062             2.41921
-8.6761            -1.73741             7.79413
-6.68965             5.44206            -7.96075
3.79956            -1.93395            -8.07094
-0.554512            -7.87744            -4.21829
7.37358             5.05997             4.48646
-1.92694             7.90796            -3.66622
-4.46333             5.33036            -5.52875
3.81482            -5.47105            -6.48244
3.94177             9.78485             3.48552
6.0149            0.573447             6.33229
-8.12921             8.38679             7.07084
-8.44355             9.66277             2.15461
-4.74105            -6.26239            0.453509
-6.82455            0.248425            -9.25626
-8.72554            -2.84738            -1.87261
8.68344             7.40715             6.32344
-1.65074            -2.42317             5.89252
4.97452            -3.70647             1.23234
7.52221            -6.94906            -4.08795
0.489524           -0.598772             9.02219
2.41615            -6.48976            -5.75365
5.75091           -0.669267            -1.35349
7.46972             6.15192             9.40093
-5.61113             2.58004            -9.45768
6.71774             2.52419             3.54961
-6.52058            0.322279            -3.21024
9.35546             8.42158            -7.93298
6.62863            -1.77709             8.85037
6.39668             3.49193             9.91028
1.81494             4.80606             -8.1695
0.712919            -1.24943            -1.93121
7.63543            -8.40358            -4.07513
3.28319             1.53478           -0.514537
-3.28318            -8.11517             2.42531
3.42388            -2.59926            -1.68037
0.253617             5.16526             -9.2926
3.05643             0.13734            -8.34204
6.69058            -3.84657            -7.50545
-0.947596             2.96579             8.07425
-9.66856            -7.91131            -7.75235
-8.57905             -7.8756             1.17406
-3.15835           -0.233793            -8.92147
-1.11972           -0.734584             -5.2855
-0.366215             7.15934            -0.96316
-1.13986             8.43593            0.291456
6.82852            -5.90047             2.65237
5.44908            -8.03156             -1.9721
-6.27368             -6.4391             7.41234
3.04697             6.58956            -1.29734
-6.14215             4.77643               4.149
0.863373             9.24619            -4.45265
4.97178            -8.39106             -8.0224
-0.00243744            -4.81307             3.00669
-0.917076             3.61276             9.54039
4.82773             9.41923             -0.2945
0.686063             4.55336           -0.535901
6.70462            0.240185             5.34196
2.41738            0.528866            -3.74034
9.78271             4.68093             5.75091
-5.72923             9.78179          -0.0122034
-4.10382            -6.63319            -2.16773
8.59371            -8.03463             5.13413
7.83502            -1.92816             5.47808
-5.08865             7.23075            -7.62382
-1.76305             1.06052         -0.00670879
1.69012            -8.96056            -1.53202
1.64129            -9.92614             7.98212
-3.8496             4.84542             4.94306
-3.74889            -9.97259             8.56986
0.403456            -8.73807             7.08488
2.41829             9.02247            -5.21898
-2.13324             9.28799            -5.90441
-1.4954            -4.35169            -4.03943
3.77484             2.46345             -4.8384
1.02085            -1.66695             9.79828
-7.24478              8.2464            -3.62865
-2.08105            -8.64258             1.04984
-9.01394           -0.184035            -4.62538
3.025            0.913408              8.2162
7.71539            -7.06111             4.29884
-5.35111             3.12934             4.28816
-0.430307            -8.84702             0.97385
-3.74919             9.10154            -3.56791
8.92545            0.600912            -5.27359
8.32454            -4.46491             5.66912
1.67211            -4.34066            0.721767
-4.15753             3.89933            -6.16321
4.99802             6.33624             9.62859
0.325638             4.02536            -8.00805
8.44661              -2.078            -5.02914
-3.5789            -3.89874             5.49456
6.64938            -9.53462            -4.30768
7.27501             8.79233             1.14018
-3.91918            -9.54772            -5.46922
0.17793            0.948199            -1.98919
-9.68352             6.52853            -4.07788
8.57693            -4.43378             1.41515
3.9787             9.27518             8.89218
-5.11978             1.41117             1.98277
3.8197             -6.9845            -8.47227
5.0438              5.2849           -0.509141
-4.54787            -5.63616            0.741595
-1.36234            -3.53679            -4.35379
6.5386            -1.11179             3.90514
-1.29184             0.90946             4.49172
8.13593             3.94879            -1.52195
-3.01614            -3.13425             2.25563
1.63458            -2.75552             8.15669
-1.04861            -3.93047             9.08323
-1.81524             5.29497             6.09058
6.20625            -4.73311            -8.38557
7.16667             4.29915            -9.40244
-8.8052            -8.81832            -2.04016
-3.81389             5.49547            0.474262
7.37786           -0.419018             7.22221
-2.48481             4.32569            -6.98446
-6.25629             6.32131             8.61111
0.904267            -1.68767             -5.8922
9.97864            -3.53526             2.67739
-9.03256             3.97046            -6.10736
-6.96371             3.23313           -0.988796
3.7846            -4.93759            -4.67116
5.45916            -9.43205             4.59365
4.60128            -2.89864            -3.64757
-7.6754            -2.17444            -7.71355
2.63345             2.32033             7.74652
9.52666            -0.45564             2.52724
5.73382            0.854519             7.26371
9.74731            -1.08462            -3.94573
0.0286914            -6.91793               8.428
-9.58922            -7.36533           -0.253016
-7.95495            -5.71001             4.99464
-9.09695            -7.10776             8.56222
-3.41777            -9.15738            -2.12657
4.33058            -4.35804             9.43113
8.52657            -3.95764             -7.5332
-8.13257            -4.55824             9.00266
-4.32386             -7.9403            -6.72475
1.35045             9.90051            -5.86932
1.40508            -4.58113           -0.364692
-8.08862             1.66113            -9.80895
-6.48091             4.98978             3.27586
-3.80901           -0.542618            -6.82332
9.09757             2.24311            -7.95495
5.21287             5.74267              5.7915
-0.0790389           -0.862144            -1.72979
-2.01086             9.91546            -2.76619
1.09654            0.724816             7.17552
9.23552             -1.5717             5.76587
4.31441            -6.05304            -1.35715
-0.871907          -0.0823988              2.0713
-3.58744             2.56142             2.15736
-7.5634            -2.52876            -7.78862
-5.42191              5.6383            0.574668
9.20012            -7.44957            -2.03985
-0.10986             5.79974             7.75659
3.63232             9.29686             -1.8366
-2.39021             0.89206              5.8501
-1.72765            0.408644             4.71633
-7.86583            -3.82946             3.81909
-2.85897             5.75793            0.867341
7.5338             6.30971            -4.37604
9.84192            0.910675           -0.924728
-9.35849             9.21354             7.43765
4.62661            -6.78609             6.19276
-4.12091             5.48113           -0.201456
-1.93548             7.14805           -0.965614
4.05195            -7.46086            -5.37982
3.74279             7.62017            -8.10693
-8.23603             4.24879            -8.50947
9.33287             9.54009             5.41155
-9.73692            -1.67943            -3.88348
-9.81017            -9.50743             7.70684
-7.07022            -4.58876             7.72241
-8.7115            -7.20694            -4.43525
8.29067            -4.04462            -8.00073
7.94123             1.30314             0.84201
-0.824911            -7.65038             4.13252
-6.97195             7.11905            -9.11435
-5.52049             -5.0209            -7.68028
9.26115            -1.71758           -0.129394
-0.415048             9.39604            -8.73561
-9.4824             3.10862            -3.14127
-9.77477             6.27644            -2.77626
4.63149            -1.89031             5.97217
-8.16065            -7.27378           -0.959803
-7.64091              6.9335             8.38741
9.01304             8.22535             4.17066
-0.0360078             2.98838             2.52053
-3.6555             1.36357            -8.97732
6.6915            -8.57875             2.74331
-1.0184            -8.13654            -3.19467
-7.06106             8.50917             9.51262
-1.99865            -8.43501            -1.28452
-9.73265            -7.98303             3.69272
6.44521             9.74822            -6.54105
6.91367             5.97797             5.92845
-6.57582            -2.34901            -9.24164
-8.8525             5.38072             6.03593
9.3817             0.32014            -8.84886
1.41179             7.72912            -6.40186
3.57983             9.24986             5.25285
9.33287             2.44209            -7.21793
-5.12344             6.06983            -0.15564
9.38475             5.45488             6.32008
-0.455942           -0.973536             6.28224
7.85425             1.40294             8.69015
9.84131            -1.91839            0.396745
1.91931            -8.21222            -6.55507
-5.46342            -5.12436             7.38701
0.646999             4.37147            -6.74184
1.82746            -6.49831             8.14509
4.89517             8.57296             3.75958
0.532247            -5.24002             4.95865
2.51534            -9.99451             1.24638
9.01701             -8.3459             -5.7744
-2.23883            -6.60847             7.16819
4.61501              9.4995             4.35896
2.68319            -9.67864            -5.75243
-2.46009             4.22529              8.2397
-8.33979              6.3918            -7.83929
-9.70824            -1.39835             -1.6364
-8.38984           -0.548416            -7.35831
0.443746              5.5211             7.65405
-3.06344             4.70657             1.27446
-6.74153            0.839568              4.0141
2.17933            -7.32902            -9.81477
2.94382            -3.62987           -0.856672
-7.80144            -6.65303            -9.35828
3.51512            -9.06583            -8.83393
3.8194           -0.342417             8.28148
-1.0953            0.297251              2.1564
5.99048             7.83197            -2.54707
1.87659              5.8797              5.6441
-2.78359               1.807            -9.18668
-1.37149             3.83313            -8.43684
6.54561            -7.80266            -8.25312
-6.32374             -2.5901             1.12125
2.24129            -7.62108             3.61767
-9.15707             7.14103            -8.81313
3.63873            -4.49385             6.35518
1.218             9.11253            -1.51005
-0.485237            -6.82638             7.68762
1.40264            -8.50429            -6.02832
-1.26255            -4.26343             7.77673
-8.80459             8.67062            -2.26996
0.740996            -5.93219            -8.30805
3.05033            -1.06143             1.77404
6.01703            -7.28598            -7.06808
-5.21286             8.53359             -9.6179
5.29192            0.291453             7.81457
-6.91366              1.9129             3.12479
6.55752             -2.9609             4.92844
6.63992           -0.222781            -3.65001
4.85703             9.71496             5.87268
1.70538             6.79159             -2.2721
-3.13882            -5.03219             1.60986
-2.89254            -7.63329             7.73858
-9.16196            0.509052             2.10973
7.89484            -1.23692             6.75007
-5.69505             1.09409            -7.13409
0.482804             6.49739             3.87829
-9.63652            -1.13285            -7.90493
-6.08508             4.21583              2.3319
3.89203            -6.18793             9.26482
2.4601             3.63812            -8.68465
-0.181578            -3.64788            0.777616
-7.59941            -5.11399            -5.79455
-7.59025            -5.16068              5.1735
7.17033             9.44487             9.71801
6.9387             8.16279             9.81232
1.95807           0.0515774             9.73083
1.15421             3.48644            -7.73064
3.12601             2.00385            -6.83217
-2.99752            -2.45002             5.55285
-0.942405            -8.44813             6.60085
-0.0500463             1.22898            -2.36426
-2.18207            -6.33564             8.22627
8.99045            -3.92773             2.80984
3.92286            -5.77898             4.21034
3.16111             9.83856             5.42467
8.19361            -7.15689            -5.89373
-5.49363             -6.1919            -9.81566
-4.14837             3.46385             9.80041
9.26817            -6.46382            -9.98779
3.35399            -8.62544            0.152291
-8.19116            -7.28568            -2.16101
-0.679335             1.81799              4.9379
-1.12308              5.4793          -0.0378377
-9.39481             9.48668            -7.94335
-1.72246             1.89612             4.96077
-5.65049             7.01071             -8.3981
-5.56352            -1.89702            -8.97009
-5.83605             -7.0733            -4.58759
-3.16629             4.66323            -1.67153
-1.55552            -7.96167            -9.21631
3.09275             6.36891            -3.33933
-2.47627             8.58758            -3.68846
1.08463             6.79067             3.01432
-8.23816             4.11878             7.10929
5.37645            -6.45313            -7.81151
-8.30591            -3.10772             4.86252
-1.07394              3.1431             4.42916
4.27748           0.0524942             2.44454
4.08185             3.83954            -2.23151
-4.03637            -2.75218            -3.99426
-3.75805            -2.02124             5.50096
2.45583             7.80267             2.94626
9.50744             2.22084            -6.76778
0.428181             6.44518            -5.69506
6.15742             4.79903            -9.79857
3.99549             2.91544             9.33104
2.42836             5.49395            -6.05456
9.60967             4.71295             2.65694
-2.37769            -7.61162            -8.55952
-1.25217             -5.1149             7.05253
7.61071            0.979344            -8.27753
-1.56681             8.95686             -1.5897
-4.55092             2.28217            -6.66097
-3.5554             9.53459             6.35182
-2.41401             7.35405           -0.140075
-3.00332            -3.63355           -0.426644
-9.96673             8.67489             4.31227
-5.87725             9.45463             7.79014
-8.93764            -1.96881            -3.64275
-0.74404            -4.78501            -6.48676
-5.33463            -5.65784            -2.90905
-5.02395             -6.4837             5.46279
-3.1315            -7.25918            -5.61875
-6.88345            -3.35187            0.281694
4.11299            -2.87333             8.48232
-3.0317             9.11678              -5.074
-9.32615           -0.914991            -5.95935
-7.85332             6.71132             4.65774
7.83899           -0.489236            -1.18656
2.46041            -5.60812            -9.06155
-3.60118            -9.51573             5.47106
4.61044             6.87244             3.95154
-7.40256            -9.13176            -4.25794
-3.26517              2.1018            -5.96057
-4.44593           -0.303082             9.29564
6.11897            -8.77316            -2.85805
-5.19882             7.17611           -0.882286
5.94165            -1.95109            -6.19556
-4.13891           -0.792934             6.83554
3.32561            -7.10778             9.69055
4.0962            -7.59517              2.4128
0.624718            -7.16731             1.48107
9.28862            -0.90036             4.12214
-5.80767             5.13106             3.72204
-4.15906            -1.53814            -6.37135
-6.83462             7.93572          -0.0265471
3.97229             7.27497             9.56084
-8.28638             3.87097             1.29979
-3.06131            0.842289            -7.67207
-3.55265             1.13375             4.72852
-3.90972            -4.53016             8.99253
9.18943             5.18723            0.412313
1.12889             6.65334             1.50731
-4.31928            -3.79345             6.53858
5.10911            -3.05551             1.01169
8.45272            -7.11874            -8.40388
6.94999            -6.34663            -1.32877
-7.03634            -2.43904            0.194102
-5.42314            -8.09564            -8.47224
6.74765             4.95011             2.51961
-4.48652             5.94134           -0.365303
3.16417             4.24482             4.50087
-2.45368            -9.78941            -7.12424
-3.32224             6.44185             7.97144
7.62994            0.184333           -0.112304
-6.00451           -0.943021             4.35225
6.24104            -8.85189             7.31773
4.64217            -4.65376             3.20903
-3.13333             7.50206             4.23323
2.74698            -1.42796             6.67715
0.174265             7.58874            -9.70854
1.01871            -6.80868             7.08915
7.8631            -1.99896            -1.30527
9.97834            -3.98327            -7.49717
-8.56654           -0.930501            0.907319
3.41716            -2.62398             7.62048
-1.30008             9.69939            -4.85427
7.33086            -4.08002            -2.28827
-4.3205            -7.17337         -0.00548855
-7.62413            0.556967            -6.98599
9.23674             1.20945            -4.10964
8.96757             8.67733              6.8285
-5.13656              3.1135            -1.92061
-7.96564             5.39628            -2.51508
9.5996              7.9986            -3.91922
7.58447             2.96396           -0.722089
-1.6892             3.26701            -8.49085
7.76727            -5.63676            -8.30621
6.34114             4.47371            -7.26493
-0.619824            -0.47975            0.787382
-6.21417             7.85486              -3.267
-8.73622            -4.08185            -7.17581
-2.33283             3.05094             8.80887
-3.35917             2.55196            -6.49464
-4.94399             9.24833           -0.928369
6.45925           -0.100402            -7.63268
7.20146             -4.3965            -2.91573
-8.62056              7.9867            -4.64247
-2.82906             1.55584            -7.26767
4.19813            -6.98599            -5.55436
1.04313          -0.0317381             -4.5851
7.71051            -8.95199            -5.46067
-3.98022            -3.04635             0.67721
2.17872             2.84708            -5.26078
9.95576             9.49309             6.72842
2.33772             3.98816            -7.32535
-6.27216            -6.08752             1.08189
-4.5497            -8.47438             9.66979
-4.32111             9.22422             2.23457
-2.17016            -4.08795            -2.27515
3.54412             4.29274            -7.24448
-1.20914            0.614036             -4.2207
-5.78508            -5.39872             4.25701
-7.72453             2.77596             9.51718
-3.83587            -1.56376            -8.39147
6.67989            -4.09131             4.25733
3.85938             7.85516            -3.15991
-3.27341             6.13239             9.10487
-7.09769             2.71554             1.09074
3.22337             1.21861            0.552389
-8.09472            -7.33024            -3.56334
9.46471              3.6961             -2.9841
0.807219            0.366531             7.32445
-0.379036            -1.92602             2.66702
6.75619             3.18339            -9.92278
-0.328372             6.18183             5.58733
-6.93838            -7.79229              4.6846
8.11945            -3.05124             4.82803
7.94062             -3.7962             4.08124
4.37239             0.95401            -1.16428
-8.70998            -2.41706             4.64065
5.80096           -0.229495             4.01197
4.07179            -6.83401             3.23405
4.44198            -1.18931          -0.0433322
-0.563673             9.64477             9.80804
4.1081           -0.816061             4.92569
5.71277             1.55889              1.7359
6.04084            -9.67009             1.00162
9.79614            -1.70049             6.15772
2.1714               1.283             -1.5659
5.6322            0.383314             5.19914
8.79269              3.1431             1.93793
3.29112             1.18931            -1.10873
-7.04764             7.52526           0.0524966
9.06187             1.84454             0.30944
-0.739149            -8.18323              6.0338
7.78894            -4.03942             3.43143
-7.75231            -1.51433             2.41341
-1.0834             2.19733             8.80702
-0.153501             -4.4969            -5.59038
7.12333            -1.53538            -5.90868
1.02939             2.73874            -6.01916
7.08091              7.8045            -9.05972
4.56344             6.60634            0.727565
-4.87472            -6.11682             -6.6866
1.04923            -7.86523             8.34651
7.19749            -5.51591             3.67504
-1.66661            -9.84863             5.13566
5.86597            -0.63356           -0.255131
0.21516             7.05924            -1.76183
0.733977              3.2252             6.58529
1.83203             1.62999             6.06403
4.94553             5.74969            -3.99548
3.27556            0.407731            -8.01385
-1.42582            -7.78832            -8.03918
-6.86574            -3.87097           -0.735492
-6.49433              5.1732            -1.22806
-1.92144            -2.87148             7.11662
-9.53672             2.49153            0.944857
4.73709             7.57897             6.37563
3.09031             3.41228            -6.70766
-2.06091             1.21373            0.319228
-1.70476            -1.26102            -6.99728
4.94889            -5.49089            -6.03961
6.77237             5.73199             5.49242
-0.956751            -1.33701             -1.8424
4.48409              1.7951            -6.02437
-4.23993            -3.71471             7.43124
1.33824            -5.01022             -1.1308
-6.41407             9.46959             9.07162
2.50985            -4.81216            -7.00066
-7.3046             8.31874            -6.89506
9.11741             -5.1738            -4.10412
5.20677             5.63433             5.89557
-7.23349             1.59673             4.15144
2.22267             7.79229            -5.77257
0.649743             -5.9035             6.45864
-2.9313             2.84372            -8.87936
7.16056             7.03787            -6.59688
5.28215             7.32902            -1.30924
0.71841             8.29768             3.56579
-2.47047           -0.451975           -0.950953
-5.53025           -0.337228            -4.96597
4.88388               5.862             9.30021
-9.16043            -6.17938              8.9523
3.2606             5.10636            -2.30262
-6.3747           -0.587785            -3.42173
-9.21689            -1.78869            0.660119
-9.90478            -2.73568            -3.12936
-8.54609            -7.73186             -3.1785
-4.8915             9.39757            0.534688
-7.38883            -8.32789             9.10886
-6.67073            -7.17673             2.36855
2.80984            -9.99267            -8.25129
-3.07412            -7.75292             7.44103
8.70358             4.43892             2.15583
-8.76033            -1.10141            -8.35169
6.56728             8.65872             7.26372
-6.53218            -9.31028             6.72107
-9.76713            -2.24952            -2.57395
5.39019             9.25902            -4.64072
0.709556             1.32298            -1.63065
3.43853             -7.2982            -0.44315
-4.11816              6.9216             2.54766
1.99256             4.38918            0.899388
7.58874            -1.90435            -1.68278
-1.54728            -7.22098           -0.799276
-4.06109             9.89776            -7.68761
-6.92953            0.837432           -0.807821
-1.02267            -9.36979            -4.24329
-4.21033             2.55135             1.78137
-9.39451            -1.46245             -3.0903
-2.05053            -6.62129             4.60403
-2.42164            -8.12036             5.22569
1.34038            -5.59862             5.32457
2.72439            -3.55937            -8.64375
5.54155             8.64559            -2.19397
-5.20645             3.47271             6.93564
6.24959            0.738244            0.365616
6.0442            -8.79849             5.75152
0.489521           -0.747089             7.76513
4.72152           -0.677202            -4.76943
4.30403            -2.19611             8.24702
-8.27142               6.592             2.67526
7.61407            -9.26145             1.83874
-5.82171             0.90793            -2.99569
-4.33728             3.56731            -2.90505
-8.43226             2.35817            0.674768
-5.59068             -5.7918             1.70599
-5.32181             2.66091            -4.30219
-8.74813            -1.26224             9.28249
4.17342           -0.727564             -8.1393
-7.41294            -1.88054             6.17597
1.49633             2.00474            -2.80407
-3.23282             9.06735             8.40019
-0.299074            -8.69197             4.88996
6.22609             5.25407            -5.57939
-7.82097           -0.111108            -5.19516
-2.08105             6.00238             2.52663
-7.00979             9.62981            -3.85235
-9.07223              2.3423            -2.96426
3.13395             1.51217             9.72991
-9.9765            -4.67208            -8.88454
-2.53669             4.15082             2.27272
1.97852             6.75497             7.41997
5.41826            -1.51557            -7.72759
6.2386             2.28797            -5.32456
-9.86358            -8.69472            -9.67803
-4.8381             8.39992             5.46678
1.37639             6.21752            -7.28049
2.44423            -1.55706            -6.41743
2.20833             7.81671            -4.75783
9.50621             2.93619             1.45055
9.00022             3.55172            -3.85967
9.3643             3.61949             3.38573
-6.97195             1.10874             8.36177
-9.56114             6.24531            -2.87972
5.31297            -8.81132            -7.49992
4.15388           -0.225228            -6.32648
-2.82418           -0.681782             4.79751
5.16099             3.60912             1.63671
6.47573             3.07838            -1.25583
-3.73729             7.33695            -2.15277
9.62524            0.153202             8.61658
1.43651              8.2833             7.01311
2.44331             8.00623            0.616177
-5.31754             7.34335            -6.69882
-5.86504             1.07822             9.07529
-3.85601            -9.15255             1.49083
-3.36191             5.37949            -8.55861
-9.95544             2.07891             4.41847
-3.31217            -7.75693             9.46013
8.9993             2.15365             -5.2208
9.8877             4.90432             5.94135
-0.148923            -3.82612            -4.12396
3.55419             6.35854            -3.46385
4.18165             5.16034            0.126656
4.62173            -8.65413             1.91107
7.36077            -6.49678            -4.19232
-6.12201             9.30204             5.79913
4.36263             1.00585             9.57854
-6.84621            -5.61357            -4.01898
0.415669             4.17462             -5.6859
2.88248           -0.824026            -9.23856
9.77447            -8.34292            -4.56526
-7.74681             4.76026             -2.7314
0.72299            -9.21234             6.81784
-8.39045              4.6794             5.26719
2.71432             5.02118            -2.31482
8.31264           -0.115355           0.0225877
-5.24582            -7.06076             -7.2045
0.881073            -9.90542           -0.536817
6.93229             3.67164            -8.28852
-7.09708             6.20715            -6.73635
3.16691           0.0308271            -5.34015
-3.59935             5.59191             6.30846
8.05537            -4.18683            -7.49176
0.0329611             7.38121             8.40448
7.18101             -7.1633             7.72972
1.14445             0.59206            -3.06987
-8.48323             2.78055             6.04359
9.48363            -9.39603             4.21247
5.35265             2.40181            -3.12296
-0.524606               9.111            -7.51609
-5.19455            -2.32001             8.93186
-4.71816            -6.74031             8.79361
-4.48164            -8.25434           -0.280766
-1.60435             8.11243             4.08277
-3.90179            -3.61308             4.89945
-1.00589            -4.11267            -1.54362
-0.905477             7.12882             2.71615
-6.63472            -7.47917             8.21589
-7.98944             2.34016             4.39925
-9.50407            -5.49668            -3.14462
9.68322            -7.53441            -8.84212
-3.55296            -8.86288            -3.56669
5.67675            -1.32022            -1.54912
-5.1387             9.27183             3.98053
8.09565            -7.33116            0.972019
2.73935             4.16578           -0.303045
3.83862            -2.79305            -6.03106
4.6614            -2.79702            -4.13617
-4.39802            -1.21921             1.60131
-1.91717            -9.58708             6.71865
1.92725            0.411088            -5.86687
2.0658            -4.90585            -9.66612
-7.76726            -4.65468           -0.413237
-8.88759            -6.17237             1.32967
-4.42457            -5.62425              7.0134
-3.55907              -9.747             4.81888
0.372638            -1.37608           -0.444968
-6.78029             2.80679            -7.65282
5.27147            -8.14874           -0.709551
9.26817            0.409868            -4.90829
-7.51945             6.73391            -6.85049
-1.51585             2.58583            -8.83846
-2.70485            -5.20218             4.51491
-3.87371             5.77746             9.51445
-6.79036            -4.00769             6.69882
-6.15771            -8.50185             4.36171
-7.94305             9.20011             7.97602
-3.35764            -9.03225            0.704676
2.13417             5.90014             3.24717
1.84851            -9.38536             5.94867
6.15559            -8.59218            -8.86318
0.0500544            -1.26468             5.96363
3.82764            -8.39076            -3.12051
0.0177077            -2.03741             4.92722
-3.15744            -1.53416           -0.906091
3.16538             8.61691            0.513936
-0.25818             9.14548            -9.84069
-5.54338             0.49318             8.19422
6.2621            -7.07876             8.97641
-7.01345             6.39485            -8.72463
-2.45765             7.65954            -2.14148
-5.55833            -8.34712            -4.98062
2.73111             3.57067             2.64138
-4.07544             8.59646            -9.28159
7.33055             9.33134           -0.505403
3.59173              -5.085            -1.60743
4.26253             8.94101             4.04273
5.12894             6.28193            -3.82187
0.505699           -0.643329           -0.360127
3.72693             2.35878             6.41529
-0.946985              2.5779              1.0239
3.61248             3.23375            -3.71013
4.76303             7.65099              5.3737
4.467            -1.13834             2.05695
-3.13882            -3.47361            -1.44993
6.41408            -2.33558             4.64462
-4.95345            -4.95224             9.28343
-6.99667            -5.67858             7.34489
4.67178            -4.32142             9.65667
8.27662             1.11423             3.78644
-5.37064             7.34001            -9.69939
-7.5225             5.24278            -5.83117
5.86047             6.26271           -0.964686
1.99836             9.87793             9.09452
-0.493477              1.3123            -2.31696
8.38802            -9.51659            -3.31736
-9.72472             3.96253             5.20219
-1.62938           -0.888085             5.55285
-5.0505             8.63704            -8.97763
-7.64             8.65047            -1.47618
9.87457            -5.70726             5.16221
-0.834982            -2.00933            -7.98455
-4.33454              9.1525             8.01233
1.74353            -3.86883            -9.77446
-3.49223             8.20704           -0.943322
3.6311            -3.26212             5.13047
-0.711383             4.99466            0.311272
1.12828            -9.58373             2.88154
-7.84997           -0.793781             6.10669
9.66216               9.729             4.68826
-7.25607             3.43913             9.55321
3.25114             2.94717             5.76097
3.79803            -8.70296             6.58376
1.22471            -9.24222            -3.99395
-4.45447           -0.540787           -0.028073
-2.87148             1.78747             3.61523
-4.66811            0.119637            -8.28028
4.21186            -8.29767             6.03687
-0.911886             2.76437            0.502034
4.21644             -6.8572             8.88944
4.01777            -6.68935            -4.30372
-0.173036            -4.62538             5.49334
4.00098             8.78933            -7.54814
4.72854             9.33653             2.50954
0.665918            -2.16589            -7.76299
1.67425            -9.85931            -4.46821
-1.38736            -8.67946            -6.79097
5.08653             -9.5294            -1.54759
4.44747             8.89584             -1.0654
-8.14539           -0.742206            -2.62917
-9.37467            -2.60048            -5.49943
5.179               7.687           -0.498974
1.12858             6.82089             7.66259
4.40535            -2.30445            -1.42521
9.00083             6.28132            -4.96231
0.724822            -2.89804            -8.36207
9.92127             4.68826            -7.16757
9.05057            -1.44963            -7.07449
5.82843             5.39354            -6.08785
-0.224608           -0.983612            -8.70451
-2.02978            -8.15393            -9.79437
4.89029              -4.391             2.00536
4.36049            -6.05029            -6.66342
-6.93319            -7.33238            -4.90647
3.67596            -4.47004             1.04832
-8.62605            -6.37165            -9.44914
-3.02682            -3.60485            -3.71227
5.53606            -5.61449             7.76819
2.02582            -8.43928            -2.60963
1.95227            -7.10776           -0.856651
-0.669264             6.93411             9.38689
-8.22504             8.31416            -7.66472
-7.47245             -9.3292           -0.343329
1.27263           -0.391854           -0.842307
-0.473946           -0.402233             3.83221
9.85077          -0.0128166             8.44264
0.697047             3.42815            -5.37797
-8.21588             1.29399            -9.32889
-2.27789           -0.684224             3.46324
6.84958            -9.36827            -5.24063
7.95893             1.93671            -9.18729
8.14021             9.39726             5.58825
9.19432           -0.643024             8.08558
9.62341            0.715355            -3.42417
-3.03964             8.87418            -8.61354
8.81528            -1.50639            -3.86913
-9.49094             7.44255             5.30443
3.0659            -1.24271           -0.820028
9.29014             8.69564            -1.76946
-6.46382             2.26814            -5.28641
9.66064             7.08701             5.65506
4.92203             4.66445           -0.440094
0.208448             8.30379           -0.757235
1.35746             6.13575             5.67339
9.62036             2.57576            -6.89385
-6.66432            -7.33878              5.8803
1.99408             3.13883            -2.13995
-0.149537            -9.12198             4.07667
5.97553            -7.85607            0.885956
6.57858              7.7636            -6.58375
6.5093             2.04291              1.1063
-7.13278             3.77362             1.58239
-4.2912             4.76394            -1.52989
-9.74242            -5.38896             5.15244
8.08985            0.577719            0.262768
1.61108             5.80493             5.16374
6.30116             5.14481            -7.15323
4.58602            -9.68291             3.90057
-2.64046            -7.48893             8.99289
3.57342             5.83087             6.23219
-2.99691             5.33311             5.81836
0.725127            -5.38835            -2.83089
-2.45307             4.00129             -4.3202
-4.85427             4.63363            -8.58821
9.53674             5.18388            -6.97775
-7.74712            -4.91165            -6.22547
-5.18509            0.633873            -9.21353
7.96869             5.40361             5.44969
-2.90169             8.84427             7.91284
9.64294            -3.77331          -0.0360078
0.434893            -1.22287             9.26909
9.81476              1.3886            0.252088
8.25068             9.44853             8.39562
-4.57288          -0.0659217            -7.26647
2.3539            -8.83815            -3.71053
-2.42164             2.39172            0.904257
-4.8973             4.92752            -2.00967
4.64981             3.85235            -3.52398
1.72888            -3.28104            -1.64372
7.94214            -8.55527            -2.19123
-7.85912             7.11966            -7.57255
5.43078             7.44133            -9.94232
-5.97705             4.85397             9.50042
0.0628734            -4.86467            -6.00482
-5.90655             1.36784             -9.0878
9.80133              2.4836             5.64715
0.486774             4.08552            0.612511
-9.03775             4.81641             4.09864
-2.05542            -8.79604            -7.67418
-5.94378             4.81735            -6.96768
9.74578             2.09907             2.85348
-2.51106             -6.6793            -3.04696
7.43859            -8.44356             3.90179
4.07484              3.0073            -5.56657
1.68768             1.31718            -5.28092
-9.33957            0.794682             6.09882
-4.4911            -1.45482            -3.97991
1.63824             1.51311            -2.68959
-3.70494            -1.18015            -9.72441
-8.5821            -1.34711            -1.61412
-0.39338            -4.50758             8.22474
-1.64494            -4.42335             1.71148
3.75378             8.57662            -8.24732
-0.85726             1.04493            -2.76985
6.7037            -4.66231            -5.25345
3.84259           -0.692161              -6.173
4.9968             7.66531            -2.43053
4.25153            -2.15094             8.22351
6.11744             2.82876            0.338442
3.40648              6.8218            -5.49151
-7.41843             8.78106            -5.40635
-1.96112             2.29561             8.41884
-2.29743            -8.03401             1.35716
6.83584             7.91681            -5.53666
4.85001             1.10839              2.5837
-3.86639             8.51375            -7.22617
-3.70555            -9.67437           -0.778218
9.74701             3.06253              6.2563
0.842622             -8.8147            -2.00537
9.21415             7.94182              3.6021
-7.37388            -9.94721            -7.12118
-6.24561            -5.95176            -3.53923
1.8244            -5.32341            0.267651
-2.60384             8.61291              2.9545
3.55908            -3.64546             4.32326
-4.57106            -6.70526             7.50725
0.982397            -5.42534             4.94766
0.460223             8.78656             2.90292
7.2097             7.50083             2.45888
8.69656            -5.82053             4.41573
-1.30222            -9.90515            -9.46928
0.183725             -8.2504             3.12144
7.18834             6.26634             8.23939
0.573752             6.18793             4.35896
1.20701             -2.3747             1.34831
9.16105           0.0335622            -3.95092
9.18699            -7.72638             8.73682
2.70974            -4.10905             1.96201
1.23051             3.00486             9.75703
5.82904              5.9679            -3.46816
3.26793            -3.81725             6.77052
5.76404            -5.25834              2.2486
-5.16403            -8.83541             3.33751
9.97864            -4.53077              7.6983
1.97425           -0.049744             1.38799
-0.850239              6.5215             8.87265
4.11268            -5.35447            -4.21186
-4.47706            -4.41541             3.66253
9.94233            0.421462            -1.88238
1.23692            -9.65239             -6.8984
-6.89901              9.0399             9.11649
5.61449             2.25868             9.94171
-0.954612         -0.00152477             8.78293
-3.1257             7.68304            -7.32444
5.25193             5.53729             3.60638
-4.23993            -7.96716             4.44869
3.37749             2.38197            -0.25391
0.199903           0.0238096             5.52569
-7.22006             3.17821           -0.261234
-4.89455            -6.07715             4.09589
9.90632             4.17799            -7.34428
1.63427             7.19596            0.815459
-7.24204             6.51266            -6.83462
5.11552            -6.58955            -6.04388
2.57058             3.76599            -6.51875
8.24306             1.12522             9.30418
-6.31763            -9.54893            -5.27878
2.10456              3.7138             5.21837
8.93094              6.4507            -2.91484
6.46474            -1.94464            -7.24847
0.710782             3.39031            -7.59125
8.94925             5.95874            -7.78807
0.399799             3.24137            -2.75828
-4.86403            -7.23594             7.07477
-2.62947             7.95343             9.40978
-7.57713              6.0094             5.28154
-8.63521            -5.43077              8.3755
-2.84279            -4.64919            -3.26731
-1.31107            -2.45307            -7.30185
0.643334            -3.82671             9.04172
0.931737            -2.16315              4.2436
-6.24225             3.84259           -0.306097
7.95984             4.34859           -0.683611
9.52544             1.40721             9.69634
0.559411            -3.17637             7.51061
9.53124            -8.67061             9.84405
2.96457              1.4301             -4.3025
-0.620132            -2.63954             1.33488
-2.97585            -3.90911            -1.42765
9.26054            -5.56902             9.30723
-8.84487             6.74185             2.22541
-7.13187             6.69699             -5.0853
3.85785              5.1561            -5.12711
8.47683             9.06552            -9.11313
-7.3519            -1.02023            -9.26938
-8.53114             8.40358            -1.76488
9.888             4.46547            -8.18781
-6.77937            -0.35615             0.68545
-4.17066              2.3423            -0.80782
-4.88235             4.00647             8.30806
8.22749             1.45787            -3.42053
-5.71031            -9.89044             2.45916
9.65606            -7.66655            -6.89819
-8.21802            -5.80309              7.6455
5.62548             4.26283            -6.31674
-4.1618            -9.89074            -6.06069
-9.0408            -5.95721             1.65686
8.15333              -4.044            -6.73207
-3.08786            -9.25199            -4.59242
3.49407              7.7572            -9.85168
0.554525            -7.57774             3.83374
-3.92468             9.56817             2.40425
7.05375            -1.26316            -6.26697
-7.04458             6.28498             2.02369
-4.89211             -9.6411             9.50744
0.0457818             5.59008            -9.75798
3.01188             6.50014             -9.7177
3.72082            -1.63701            0.430925
-4.46211            -2.00354            -2.85134
-7.7578             2.09083            -2.73232
-2.49763            -5.29404            -4.14075
-0.362248            -5.00809            -1.34861
-5.86413             3.59417             5.90564
9.47417             1.23997             1.59124
9.40459            -6.91732            -3.86181
2.56051            -8.91629             4.34492
4.02143             3.75775            -3.28409
-8.39686             7.29271             6.98233
6.54928            -3.63536            -4.93301
-8.62178            -4.06354             5.45336
1.41423             8.31172             -2.7668
-0.498668             9.39604            -5.26841
-8.43195            -6.18305             7.44833
6.3622              7.6989            -5.83424
0.846589            -4.99099             7.70403
1.05564           -0.741904            -4.81586
-1.12002            -7.85607             2.02398
-7.42423             9.42107            -8.11061
-5.18601            -7.98059             2.17719
2.91513             2.50893             7.92689
5.20311             9.40184            -3.87432
8.79849            -5.36363            -7.56828
-2.51411             6.21388             -4.8503
8.69442             6.02131             8.10358
-2.74788             1.89886             2.92124
6.23982            -6.69393            0.407731
-0.124817            -5.12924            -2.45002
-4.08765             1.57232             7.33177
-4.19781             9.81384            -3.38023
9.26695              3.3668            -6.23188
-5.80675            -6.57155            -8.81191
-4.47828            -7.34397            -3.07229
-6.14978            -1.41697             1.25187
-2.42957            -9.07071            -6.96066
9.84833            -6.52546           -0.430612
-2.03589             6.86148             -9.6469
5.94715            -8.75606            -3.16538
2.5364              8.2989             9.36034
6.20442            -5.36729            -4.45356
-5.49119            -8.42127             3.70465
4.02723            -4.35957             5.00412
6.52151             1.49327             3.37108
6.25935           -0.325018          -0.0497404
9.77234             4.92813             8.46004
9.96186             6.87369            -3.75532
-9.64842            -9.18668            -3.42572
-3.6259            -4.83413            -9.09856
-7.69372             7.58049             6.38599
3.12175             -2.8074             1.01962
8.73074              1.0886            -4.94036
-3.41654            -4.47035             7.12974
-0.884117            -1.84148             5.05448
3.91431            -6.58101              -1.619
-0.0613353            -1.05045             -3.1727
4.42366             4.15998            0.456256
-2.1366             9.13175             5.80462
-6.51844             6.06037             5.73748
-6.73512             3.84625             6.62832
7.65038            -6.33839            0.437334
6.37502            -2.68166             9.93469
-9.06674            -5.77105             8.03705
-5.05325             4.70718            -2.20496
-9.62279             4.76059           -0.803548
-2.42011            0.984226             2.09785
-2.20099             4.97147             2.18299
-4.69832             7.54906            -4.26587
-3.92895            -3.63902             8.99137
-2.74544             7.27989            -5.59709
-1.95013             2.77871             4.21675
2.36641            -2.82601             4.82101
9.41496             6.80288            -7.41325
-3.40586             8.51497             9.25413
7.85669              7.5338            -3.21298
-3.54258            0.953094            -7.01468
8.47835            -6.56422             5.61358
-1.33243            -2.21198            0.556052
-2.29682              2.5895            -2.66154
2.10914            -2.23182             -9.0985
3.90027             6.97837             9.23364
-1.17679             -4.6849            -4.75635
1.93061             5.71612            -1.00681
-2.47321             -9.2172            -1.07914
-7.64641             1.18626             6.73666
8.89401             -9.0411             4.61654
7.21672             -4.3025             4.78714
-3.90209            -2.46162            -1.23294
0.0796573            -7.52708             9.81964
-4.24939             6.40614           -0.485545
0.930821             3.54961              -2.808
-1.75115             5.58123            -4.66689
3.02164            -4.10565            -8.45729
9.44426             8.80826            -5.39567
-1.62877             9.83886             4.78866
-5.27695           -0.567643            -1.12155
-5.0972            -6.50929             6.51052
6.03382             7.15965             4.86588
-2.98318              6.4623            -2.91726
6.71652             9.29899            -4.19873
-2.80129             8.35017             8.84091
7.34184            -2.77565            -6.09943
4.94126             3.90545            -9.75768
-1.32541             2.17292             9.20072
-5.73107             9.33226               5.862
-8.54457             5.86261             6.26423
-7.6345             1.86651            0.934481
-3.06192             9.81414             1.77191
-9.40672            0.522481             6.47664
-1.62267            -9.41923            -4.54298
3.97962             5.20371             6.04967
-5.59831            -8.77591            -4.52957
4.1371             -1.5192            -5.32373
7.36198             1.98399             7.63907
1.90955           -0.993683             6.25049
-3.35703             -7.1926            -3.86855
-3.35093             9.20011            -5.28244
-1.5897             7.66928            -3.42661
2.16834            -8.89218             1.90161
-2.25134             1.30406            -4.12885
9.84131            -2.73812            -1.16916
7.84296             -6.9146             -2.4369
2.61391            -1.98126            -8.78963
4.82071            -8.80123            -1.31779
3.35643             4.58144            -5.55925
-3.64451            -6.40433             1.85766
4.95865            0.295417             6.29902
9.44732             9.92096             3.56487
7.97937            -2.06945            -2.67769
2.58248             1.58084            -1.74443
4.88998            -4.20759            -6.00207
-8.34467             2.23701           -0.507519
-2.72286             9.38719             -1.2949
-9.37711            0.192245            -8.12433
-1.50883            -9.86786            -4.09192
-4.00097           0.0778246             8.78628
-3.79284             4.53414             2.56112
0.123301            0.314931             2.68258
7.02048              3.8789             6.10554
8.76797             4.50881            -5.84368
1.94251            -1.00588            -3.72112
4.89884             1.28328             3.71899
-2.61544             9.40123            -7.36411
-7.28049            -4.82162             9.20925
3.36773             8.86498             3.64511
-4.91806           -0.970182            -8.05874
-1.4835           -0.864282            -7.57806
-6.39851            -7.46395             3.46171
-7.56919            -4.89522             1.11485
-1.4304             7.85116             8.61203
4.89029            -9.48822            -3.04788
-2.35298            -3.34639              2.0539
0.628993              6.5294             1.79876
8.53969              1.2894             7.26219
2.25838            -6.78304            -4.89974
-9.78851             9.46988             6.18855
7.33391            -9.22762             4.85672
7.13797            -8.48569             7.77521
-1.19205             -8.2327            -6.79433
-2.38563            -5.80101             7.93116
-0.581371              2.0047             5.11369
2.14179             1.52042            -8.41487
-8.37824             4.33789            0.545065
-9.75677             3.34422             9.75189
1.51311            0.790075            -1.73284
0.216069             2.93589            -8.95474
-7.30551            -1.21007            -3.08694
-0.292674            -4.34068             7.67694
-8.80306             4.30154            -9.33469
0.171207             3.28591             1.76825
3.73639             -7.9046            -3.22519
-4.66201           -0.533194            0.242626
-0.546274            -2.13331             2.49062
-3.22764             9.10121             1.69439
-4.87136             2.67889              -1.612
-9.63408            0.434866           -0.438854
7.18529            -9.73479            -9.53804
5.32761            -4.69741             4.35316
-3.14065             5.36485             2.37981
6.9274              1.5418            -2.82512
8.90225             9.96949            -6.64357
8.6877            -6.27338            -7.61101
0.564905             8.04132            -9.87426
-6.7632            -8.42036            -3.01309
5.92761             5.94898            -8.06268
-4.77432            -1.72521            -5.87633
4.61746            -1.19388             8.91995
-0.812401            -2.61421             1.69775
5.19487             4.81888            -3.52519
5.89801            -4.62935            -1.91473
1.52776            -7.55394            -2.06274
-4.22712             5.30504           -0.428476
-1.778              7.1923             8.68893
7.60033             5.81439             5.87085
-7.96685           -0.795616            -2.21869
-1.43803            -8.66237            -1.30436
8.55465            -1.91229            -9.59502
9.03653            0.974155             6.18519
-7.04519            -1.28941            -4.17157
5.41338             6.82425            -7.78405
2.52633           -0.838645            -7.06808
-3.52977              7.7514            -2.09296
9.56787            -6.08936            -3.35612
-5.05844            -2.44514             8.79544
-1.24118             3.33599            -1.99194
-6.49068            0.730922            -2.39326
-6.47755             5.34776             5.36392
0.449542            -9.74517            -3.33414
7.7453              5.1616            -7.40357
2.88491             7.78253           -0.172154
-3.43119            -2.34413             4.60857
0.585957         0.000916707            -7.73799
-7.51304             1.43132            -8.34009
1.44352              6.1855             8.17531
3.43883            -9.31455            -5.59038
-3.35032             0.41963             2.82419
5.78326            -8.35779             5.37828
-7.79504             1.98004             4.50789
8.50735             6.26698            -5.19272
-2.36305             2.32399              3.0781
8.74447             -3.4434             -2.8016
-3.71166           -0.975979             3.35643
6.22731             4.97574             9.45586
0.417495            -9.59319            -5.07828
-7.00643             8.82046             7.33604
4.65804             4.86008           -0.418406
2.23732            -5.33677             3.25633
-4.18744              -3.296             7.35039
4.79202            -7.41966             8.38466
2.82754            0.838042            -7.72423
4.50485            -6.27552            -6.33777
-9.888            -3.45378             8.83206
-3.29111              6.6625            -5.71092
7.85271            -8.25006             7.54143
0.360737            -8.39167            -4.12244
4.58388            -3.86547              8.1396
-1.61198             9.35759            -5.49424
2.37983           -0.594802           0.0506668
-2.22632            0.529499            -6.75163
-2.82998            0.941799           -0.821555
3.7663             6.49099           -0.706284
-4.6968             6.40431            -4.47833
2.96793            -7.46391             4.77948
3.32866            -2.47688             6.79125
5.12864            -1.60283            -6.73939
-5.59557            -7.39951             8.36879
6.81937            -0.88351            -4.96963
-5.29618            -7.30155            -5.11826
6.80472             1.42888            -8.22565
1.66142             7.37297            -4.69679
6.80625           -0.866114             4.62417
9.223             1.75085            -8.37366
-1.34891            -2.50068             -7.9873
2.1778            0.227978             1.49205
4.61441            -0.02655            -7.88689
1.71697             3.88714              3.7135
-8.26563             8.39076            -4.05102
1.82867           -0.618302             3.67657
3.83405             7.52861             2.45461
9.11557            -1.41362             2.88675
2.73263             7.28966            -5.66789
-6.3921             -5.6212             1.79114
2.52389               -5.15            0.138863
9.55321            -4.21735              8.3575
5.98743             4.60281            -4.27381
3.60576            -0.88259            -7.30948
6.02589             2.58248              9.7116
8.17682             7.47734             7.72576
-0.807209            0.253308           -0.328374
-6.40095             9.67651            -9.21597
-5.97277             4.15968             5.46981
-5.1912             6.27949             3.64147
-0.528879             5.38042             1.97295
0.682696              8.3047             1.54608
6.42629             4.19813             9.96978
-1.42247            -7.66869             1.38889
-5.03677             8.11884              6.4388
-4.85122            -6.29017            -6.56819
3.07719            -3.13669            -4.34736
-1.09348             1.08432             1.33702
2.16316             -3.1489             -0.1474
3.24595             4.78653             -3.2963
6.45528             1.66936            -4.68276
6.48701             3.10892            -8.44141
7.93756             4.70291            -8.44447
0.708334             1.65045             6.02649
-5.07492            -5.04807             7.83197
-4.1966             7.47215             5.98072
4.11756            -7.71691             0.89206
0.437939             6.61215             2.57607
9.46349             4.75173            -5.17227
7.6455              -6.245            -5.72466
6.44643             6.81296             3.07322
-2.34413             4.97879             6.91977
-3.00393            -9.70733             7.69311
5.55925            -3.16477            -1.70903
-2.06701            -7.80175            -0.83071
4.06842            -3.31339             5.90686
-0.534371            -4.24543            -0.87191
1.0889              5.0261              9.8175
-9.53733            -1.39317            -7.88964
-1.8717            -5.52171             4.74899
0.634485            -4.98611             2.77625
1.26042             2.07312            0.345473
-9.877            -3.80046              2.7936
3.57463            -2.78756            0.963166
2.54342            -3.83343              3.8197
-1.44749             -3.3372             5.74695
2.089            -3.92529              6.0976
0.731527             5.79425             1.46184
-3.64573             9.27488            -1.62175
-4.54909             7.84997           -0.737019
1.59307             1.81524            -3.74858
-2.23426            -2.66548            -2.47199
8.45791            -3.16629             9.39879
-9.56328            -7.67571            -6.95089
5.00199             8.07551            -7.59819
-6.5273            -1.07089            -6.97683
-5.05752            -5.19394             1.32939
-9.24131             3.69488            -9.33835
9.6875             8.92606             8.98008
4.62386             7.92658            -9.36094
9.89411            -2.19916            -3.33048
-1.51311          -0.0817885            -6.48548
1.5653             -6.5926              6.2917
1.11148            -5.12924             1.95441
-6.90999            -4.55428               2.678
4.36903            -8.40968             -2.0487
-9.54618             9.71374             2.51778
5.33158             -4.7676             3.15531
-1.92205             6.77664            -4.91683
-8.88424            -7.32017            -9.49003
-0.0747651             3.45775            -3.63322
9.92309            -2.24005            -1.82317
8.19148             4.56832            -1.49054
0.0790461             8.70235            -7.29911
-0.214844             4.03333             3.81933
-8.91721           -0.720236            -7.62966
-4.1203             5.46892             6.53247
-0.295418             6.30665            -6.89475
2.69876            -7.28202            -8.43867
-2.57058            -5.41123            -2.05175
9.02067            -5.31083             6.25325
-4.78164             7.74224            -0.38514
1.39043             6.03931           -0.696428
-1.12339            -1.01718             9.70245
7.87958             7.65893             9.36613
-4.17157            -5.78967           -0.383614
-0.596632             5.95539            -2.93649
4.67116            0.879852             4.67208
1.07395            -8.43074             1.98096
3.54717             9.96521            -9.05697
-6.66158            -4.45661            -8.49726
-1.33702             1.20945            -1.58665
-9.95788             2.87607            -5.41337
2.76711             4.27992               8.605
5.2849             2.54403            -5.07614
-0.933563             8.85373             6.05335
4.26802             7.11051            -0.33631
7.75689            -2.12622            0.350662
3.0015             4.10566             5.53423
-6.29933            -6.03442             4.18959
-2.28522             1.38402            -5.72008
-7.43919             4.22987            -4.63179
6.25569             2.44026             7.07908
9.49705           -0.502331             5.92517
9.68597             7.27897            -5.99507
-5.99994           -0.606711            -8.67916
-6.51234            -8.67488             4.76478
-5.06699             4.53169             1.75725
8.01966            -6.01673             4.87228
5.17075             2.46254              -4.673
4.84238             1.76031            -0.24567
-7.51427            -1.20335             -7.6519
8.75943          -0.0701944             -9.2645
-6.22181             -4.9678            -5.16281
-4.41419             -4.7444            -1.72124
-5.22385            -1.41179             7.77704
-3.84929              -5.262             1.73956
6.3451             6.85324             -8.0346
4.33791             -6.9927            -6.01001
7.98913           0.0296024            -9.75493
-8.69808             5.53667            -4.94979
-9.12381            -7.75506            -8.22046
3.2896            -7.06045            -8.69014
-0.340587             4.67208            -2.12256
8.54885            -7.60033             6.46749
-3.76812            -9.25657             8.33064
-6.36188             5.89557              3.2429
-7.86309             5.49455             8.68649
-4.16791            -7.60796             7.47216
-2.81045            0.552997            -5.40177
3.57403            -5.05752            -5.14053
8.6877            -9.46501            -9.45585
7.78436             7.08945            -3.71898
2.9426            -4.68825             5.94348
-3.47727             9.64782             1.80823
-7.34947             7.54356             2.85257
-5.22293           -0.303049             2.23457
-8.68801             6.29078            -6.47511
