4.54818             2.38808              5.6328
0.0410674            -6.14082            -9.81883
-8.68108             1.93046             1.25284
3.67276            -4.78343             4.05991
-3.90486             -2.1804             7.57146
7.05237            -9.30024            -7.97495
0.685871            -8.61887             9.76861
-9.46618            -4.93649            -9.43244
7.4417            -8.15049            -4.92656
4.18393            -3.21581             4.54022
-6.29079             7.26455             1.60699
4.09056            -7.31312            0.350349
-7.29528            -2.31643             4.08265
-5.50387             9.72518             4.44311
3.05312             5.44937            -9.45386
9.45852             2.75919           -0.614345
5.26466            -8.73606            -7.22429
8.53104            -8.04877           -0.950157
-8.83864             -8.9017            -5.00593
-0.718095             1.46053             1.29552
-2.42438            0.919716            -7.43457
-3.69116             5.24959             -3.8173
1.14433            -2.82796             2.16795
9.94212             8.40945             4.96697
-2.35051            -7.14771            -5.96125
-4.51131            -1.74969             1.50793
-3.57347             1.23281          -0.0428849
2.0523            -8.27488            -6.10053
-0.421458             9.77437            -2.96118
-0.748175            -4.47273             -2.3289
6.69215             4.17178            -9.28731
9.02149            -9.02818             4.05304
-2.75125               2.531             7.66063
-0.334035            -5.34621            -4.36553
2.18025             1.05204            -9.87964
9.86161            0.298592             1.78092
9.63082             2.48067            -8.48568
3.98465            -1.57469             6.97506
0.53079            -3.05511             3.86768
-6.42741            -8.11493            -6.23831
2.70254             4.33256             9.85225
7.76881             1.64458             8.38801
4.18595           -0.233534            -2.53973
-6.39721            0.521246            -3.49215
7.07334            -5.48032             5.44682
6.85977             5.52234            -6.93142
-7.55818            -6.69784            -9.32939
-7.16844             6.48553             -6.3319
9.23532             -6.9448             5.25129
-8.9939             2.56978            -2.14492
-3.68761            0.531592             -8.8331
-3.03881            -3.95656            -4.80199
3.49781            -8.90619             6.06701
-5.96874            -5.36303            -6.74999
7.74507           -0.815187             -4.6788
5.29917            -6.73043            -8.32398
3.73653             7.07986             2.21876
-5.52058             3.13575            0.483988
-4.86037            -8.89205            -4.56256
1.24813            -7.33814             1.13615
6.54849                8.23            -7.05317
0.768528            -2.74617            -9.97194
6.46339             5.93592             5.86631
-0.831494             6.48939            -7.99492
-3.12097           -0.621064             1.40473
8.49574            -1.61232             4.99137
3.96265            -4.36058           -0.669099
4.62856             4.45169            -2.95704
0.135826            -7.96222             9.42833
-4.82895             9.82293             4.61691
-6.18141            -4.79964             3.32313
6.29984             6.62987            -7.35446
-6.54665             2.50043             8.68163
9.42837             5.84205             4.71943
6.2731              -6.211             8.80729
-0.0246699            -7.65409            0.809624
8.05424            -6.39211            -4.32881
6.57226             3.81775             9.54762
7.42134             1.10986             5.92683
5.21881            -6.26114            0.316435
9.16539            -6.41799             4.33044
2.99105             5.84596             8.54708
-8.84429             3.19262             3.16848
2.72679            -6.05803            -1.71664
7.24538             1.30477             5.67186
-3.09377             7.89086            -2.41725
-6.92392             9.48019            -1.01893
-1.81311            -3.62868            -9.34252
-2.45326             6.63728             8.49988
0.113556            -2.66637             8.31744
-9.85539            -4.18362             9.00581
-2.16794             9.55176            -6.43309
-4.52853             7.11908             8.37113
-4.28204             7.97447             8.65597
8.02197            -6.60802            0.940914
1.70759             3.49817             -3.7573
6.81199            0.551779            -2.92703
4.29022             3.63703             3.52219
-7.24276          -0.0136899            -6.91546
-6.35057             9.27834            -8.30846
9.00713            -3.41946             3.38714
8.16491            -6.10475            -1.56096
-3.12978              3.8548             5.41202
-4.81582            0.689243            -8.89736
-7.4235             2.91394            -8.38591
-6.14716            -3.50722             7.59196
-8.15826             6.53921            -3.70968
2.38289            -4.28652            -2.75575
-5.96792             4.57907              -8.586
8.50251            -9.91281            -4.11629
5.28712           -0.785888           -0.605085
7.24003            -9.84666             6.83777
9.57949             1.00578            -9.95651
1.65333            -2.27422             4.25173
-9.44639            -8.96098             9.31647
3.83526             4.52559            -9.50203
8.37861            0.522966            -6.30251
2.21021            -8.31526             1.53966
-3.72965            0.269386             4.20174
-8.01985            -1.59611              8.0552
-5.27709            -1.10878             6.32412
-1.65515            -8.93298            -6.67645
-1.20014             7.45342          -0.0155573
-1.4467              -9.926            -4.01334
-4.78116             8.99329            -6.64215
8.43142            -3.53755            -5.33021
-8.32337            -4.61961            -6.68138
-2.74149            -4.73272            -4.68155
1.77278             6.46151             6.93633
-9.93892             -1.6435             6.85371
-8.56648             3.98453            -8.07267
3.4322             5.93469             1.71487
-2.69075            -8.96033             7.39673
-0.304113             9.38396            -8.69301
6.30629             3.10958            -8.94989
-2.64775             4.83135              4.8409
-1.31742            -6.00176            -5.07803
-6.65816            -4.03772             6.35621
-8.74157             0.38299            -7.28131
1.03034            -5.09296             2.78398
7.70807             5.26313          -0.0249458
-4.98495            -5.59472             2.91366
1.9911            0.575831              6.4404
-1.63951            -9.04485             8.05301
-1.36329             4.98729            -6.73733
-8.8072              7.9494              8.7065
-4.85515            -7.69446             5.13609
-0.392552             5.06679            -8.48516
-4.27031             -4.3493             2.16088
-8.86993            -8.86375             5.13182
2.53273             7.51875             8.85239
7.00598             -7.1869            -2.24771
6.19891             6.17303             6.26155
-5.07771             2.11894            -2.61321
4.85487             6.76153           -0.888838
6.99608            -2.73685            -8.60783
0.914144            -1.69862             5.87544
9.8845            -9.53888             7.47272
2.02497            -1.21835            -6.83259
9.68455             8.96674            -1.86802
2.50422             2.81577             7.83529
0.792803             7.46161             6.81096
-9.44195          -0.0522475            -0.27778
5.38455            -4.68011          -0.0606816
7.58053           0.0451907             2.70725
-4.98809             5.02969            -7.19719
-10.2801              8.2519            -4.36706
-6.10648             -7.6311            -6.87368
-0.488924             2.61024            -3.80524
3.37409             8.40327            -5.66331
1.50485             -4.7479             6.05906
-4.32079               3.862            -6.96118
2.90556             8.95821            -4.60376
5.28133            -9.18445             8.40732
7.24675            -8.11127            -7.86243
2.39951             9.68492            -3.91695
1.85732             3.02592              8.2605
0.951206           -0.363806            -6.62504
-8.30091             7.11246             5.04211
-5.95622             2.49432             1.80341
1.72212            -5.93269             1.37069
5.24168            -8.23138             4.54084
-7.46616             8.32271            -1.13605
8.52703             1.01167             7.66713
-6.3214            -7.70785             -7.9327
9.58304             3.88822             8.45499
-2.17323             8.01818             1.44391
-7.52931             1.29016            -7.79209
-8.33676            -8.47189             -3.9322
1.58083             -2.5499            -2.63236
4.05549            0.472549            -6.70458
-4.50512            -9.12031             4.04178
9.85964            -4.37351            -8.87379
4.84273            -4.43615            0.783843
-5.20227              9.8118            -6.25151
-1.66555             4.87025             2.82651
3.27672             7.38598              4.5232
-4.23306             5.06069            -8.55817
-7.20869            -7.80621            -3.60036
-7.21252            -1.74846             4.64531
3.3182             -3.7932            -8.74034
-1.71185             9.06051            -5.52012
-4.74202            -4.43877             3.08602
-9.68617             -3.4088             4.38128
1.71669             1.52007            -2.30892
-7.16233            -5.56009             3.42586
-0.440898            -3.89663             1.08334
-8.65807             1.68723            -2.24228
5.54111           0.0505745            -7.17737
-7.75777             8.76335            -8.11274
-6.82256             2.70315          -0.0220524
-5.55541            0.650289             5.32979
1.1823            -3.66598            -6.17891
2.69618            -1.69964            -1.41046
0.150016             2.57764             8.82615
-6.48296            -7.72529            -7.71037
1.92274              2.0417           0.0912571
-6.50403            -7.54869            -1.76798
6.78825            -4.91068             -7.9937
0.621914             7.95047            -1.95539
2.39512            -7.73749             2.91471
5.5265            -5.77312             8.92903
-8.26498             9.22561             3.24445
3.83391            -2.09219            -7.98225
0.952875            -6.28246            -1.89017
2.95542             7.48896              1.5767
-5.13809            -2.70578             5.27292
-1.60515              4.8601             2.38705
-0.527509             -7.0506             2.07679
7.44674             7.93816             4.61421
9.15913            -3.11575            0.190278
-2.42904             3.90029             5.47277
5.93083            -1.00141               3.165
8.95082          -0.0114616              1.2157
8.96664             -2.0789             8.06308
6.0137             5.67183             6.74773
-6.65803             4.10491            -7.18637
5.72105            -6.19402            -1.10174
-8.89321             1.16139            -3.66984
4.61831             9.01206            -8.59094
-3.68664             -1.2942             5.30612
1.10757            -3.77176             8.53976
1.96665            -7.79925            -7.61423
-3.93787            -2.44527            -7.82884
-4.40221            -1.29012             2.97545
9.59938             1.05888            -7.76346
-2.83966             3.04476            -1.18341
-0.374256            -6.08807             3.74318
-7.47114             5.70528            0.431568
9.81456             7.97383             5.58228
-8.21435             8.98154             3.57292
5.49406            -4.14764             4.32957
1.61002             3.36768            -8.81505
-0.59739             8.92294            -4.53839
-6.3832            -7.22242              4.7829
-10.1244            -8.89205            -8.22353
-0.281791             3.81208            -8.36503
-8.7972            -3.15586             -7.6555
2.82388            -5.97899            -3.36648
5.20598            -2.24106            -3.93824
0.533863            0.188492             8.78984
-2.66409            -9.15438             7.48301
-8.07196             8.20745            -9.17305
4.15634              -4.956             4.56465
-9.85238             5.69202             9.28981
5.92833            -7.20768            -3.30884
-0.844306            -8.11987             7.18973
-2.27565            -1.67149             8.70038
0.874741            -3.27216            -7.32606
-4.55463            -9.26952            -4.94948
-0.332583             6.01318             4.92493
-0.783778             9.65921             6.36617
-2.45571            -2.50183             3.38973
-6.61236              7.6496             8.53807
-9.55543             3.44477             1.99227
-6.08807             9.78391            0.940037
-3.12696             7.77238            -2.04841
-2.30073            -4.86939             5.85899
5.89059            -5.25422             9.12897
5.07433            -9.09339             4.80355
-2.44381            -5.67381             5.81187
-6.97983            -1.70394             8.12167
-8.48645             9.46261             7.58322
1.07753           -0.566635            0.873837
-5.45806            -4.56089              1.8773
3.88138            -8.43898              8.1819
0.739484            -6.97637             1.53104
0.316646             4.58121             6.92748
8.16668             3.04547            -8.65595
8.88337            -9.46485            -1.70251
-5.66152            -4.48474            -2.45782
3.12882             3.12461             5.14405
7.33875             4.36505            -1.95096
-4.63605             9.94787             9.57804
-3.53264            0.237999             7.28608
0.115264             9.37936             4.95187
3.49588            0.785126            -8.49926
6.0844             7.40714            -7.76371
-9.76208            0.630435             3.24105
7.51773            -1.14665             7.66698
9.91185            0.471432             -4.9326
-4.31213            -8.76798             8.72238
-0.902436             7.42847            -5.56941
-1.75685             -5.8404             6.74431
-6.56659             9.16958             1.33328
-1.79292             4.40237             4.12781
8.89461              8.8032             3.73617
7.8964             3.98379            -8.91133
-2.40186            -7.63804            -7.90298
-4.96905              7.9838             8.27499
9.15164             7.59447             5.04765
1.0229             3.04556            -7.80327
4.04526            -8.93694             2.12607
-7.43345            -6.31286             2.93986
-4.90975            -3.79337            -6.12408
-6.48392            -6.22119            0.446091
-4.6859            -5.31882             6.24409
0.392553             6.78339            -8.66769
-1.92941            -3.46198            -4.88457
7.68351            -8.36054             4.24082
-1.74785            -9.59528            -2.13627
2.46447             6.02062            -2.29137
5.32551            -1.28919             1.44984
-5.80921            -3.45019             -7.6095
6.10481            0.676584             3.25244
6.63449            -8.76624            -3.59003
-4.88336            -8.81075             2.66096
-2.99466            -6.39564             7.41492
-1.89656              7.7421             1.27619
-5.6035             9.63549             -5.7827
-9.5368            -5.87148             5.58075
-1.16527             3.55149             3.87033
-0.537716            -3.05498             6.25703
3.89165            -6.45665            -6.42043
5.8834            -7.02284             8.02918
-8.14138             3.61737             8.77287
6.2593             7.77238              8.0616
-7.4351            -9.21025             6.62134
-3.32767            0.417957            0.123811
-4.87049            -4.86276            -9.02347
8.01638             0.42119             9.04081
9.61256              1.9107             7.91689
1.37044            -1.18407             2.94925
3.61853             9.37307            -7.49902
5.43487            -3.30065             4.29972
3.99919            -1.73168             8.93265
-8.12205             6.64251             1.86003
1.52546            0.319163             4.66789
-1.96041             5.92884            -0.15647
2.76603             3.74929            -5.31662
9.76772             5.28242            -8.00293
-0.100594             -3.3313            -8.31034
4.86451         -0.00905251             -7.2881
1.67029             -3.9959             3.56059
-7.20917            -6.97736             6.54382
4.32205            -7.77886            -3.84891
-3.49981             6.72968            -7.94689
9.4799           -0.438577             2.77678
-0.482517            -6.55276             5.09825
1.12298             8.92432            0.609627
6.84908             9.53775            -6.97771
3.65111            -4.11774            -3.91532
8.12285              7.6335           0.0902127
3.12939             6.84957            0.352423
-1.11813             -3.4368            -1.53194
9.83989             9.84844            -2.52109
9.43966            -9.36778             6.14706
-5.69053             3.22012             9.27058
-8.44874            -4.74495            -1.53183
-7.07069             9.18993             2.61813
-0.753379             2.92218             4.93832
3.29768             1.69456             1.27646
7.45996             1.08083            -7.95973
6.00331             4.78783            -8.00622
0.342332          -0.0415671             8.37855
3.69231             2.94723             6.45431
-6.43337            -6.43428            -6.33448
2.08124            -8.93741           -0.269221
3.13794           -0.860722            -3.89708
6.02428            -0.27824            -7.97706
-1.47417             1.17238            -6.01724
1.5152            -5.18493             7.69502
-3.00016            -3.11155            -5.65289
-1.10869            -6.76743            -4.61752
7.734           -0.915512              1.3295
-1.42202            -6.17151            -5.41762
-1.16981          -0.0211371            -9.48644
9.83276             9.78677           -0.733334
-7.8388             -5.1873            -5.87994
1.92786             6.32842            0.375952
-7.68761             8.84233             5.92604
-7.83248             3.93493            0.972853
6.34765             9.16415             4.28116
-1.96409             2.83141            -4.01971
7.32602            -7.58545             9.26445
-3.33502             8.29574            -2.95016
1.65414             9.27612            -5.17421
-6.56076            -3.13288            -1.68803
5.02913             1.80101            -5.39619
5.5203             8.96086            -2.87556
-6.76334            -6.91535              8.8884
-7.00104            -2.74191             -4.0351
-2.805            -8.69233            -8.52013
-9.41124            -2.68792            -8.39113
-9.77776              9.9553             1.39053
-1.74263             1.25906            -2.10028
2.95319            0.943038             8.46714
7.41876             2.78476             4.94178
3.71064            -6.49836            -1.34863
-9.96655            0.614422            -6.52117
8.71855             7.05514            -8.04652
0.266401             2.89717             7.70643
8.97838             1.46141            0.226039
-4.92947             3.70936            -5.55093
-9.67131           -0.785247            -3.94533
-9.39077          -0.0193895            -6.79357
7.20063             9.31745             -1.5852
-9.45084             6.82208            -1.67447
-0.87764             6.71492             -8.8605
3.95006            -2.22741             7.34395
9.03913            -3.99285            -0.55776
-0.474492             4.33216           0.0834053
2.9607            -3.88063             8.05515
-2.03153             2.50817            -2.72814
-5.11775            -9.88895            0.690874
-5.33413            -9.10196             -3.2515
-3.15273            -5.22405             2.10614
2.38424            -4.15263           -0.384762
-3.48767             3.57502            -5.62073
-6.35283             7.24794            -8.97109
5.11427             4.47103             2.90683
-3.87473            -9.16229            -2.08685
-1.37235             1.44247             -6.1606
-6.38222          -0.0439452             8.20183
5.31998             7.94798            -7.85004
-0.0967604             5.16229            -6.07175
-5.72725             2.64282            -9.92295
2.34186            -2.52689             -4.0313
-5.15312             3.50392             1.87681
6.25972             2.00746            -1.14142
-0.0616742              -1.958            -1.44999
-8.79959            0.931056             2.51252
8.06352             -3.5942             6.63816
-4.77567            -3.95986            -3.83485
-1.58991            -2.45582            -3.13679
9.22993            -8.33085            -9.16162
6.70115             4.84847            -0.85919
9.02764             8.40984            -6.23271
-6.6702            -2.38798            -3.01826
6.30104             1.80432            -2.59434
4.21299            -1.13758            -9.72654
-8.5367              6.9376            -6.50738
-8.38175            -6.41589            -9.77078
-9.49723               8.976             5.91269
-1.60159            -2.68338            -5.91681
7.86567            -9.78938            -8.00936
4.6429            -5.37442             2.90978
-1.22645             8.04392             4.11641
-5.77806            -7.85709             4.22384
-0.796141             9.78175            -4.10531
-9.77831            -4.67059            -5.32825
9.23453            -9.46947            -9.66689
-1.1177            0.347087             7.18887
-2.59641            -6.25493             7.16639
8.89576             5.69625             8.62405
-7.15417             2.74103             7.58291
-7.89214             -8.6578             6.40327
2.37893               5.457             2.76173
7.41707          -0.0451474            -8.37028
-0.937551             -6.4092            -7.95547
-2.12034            0.136937            -8.83724
6.97721            -7.77755             1.08357
5.25815            -1.57939            -7.84086
-2.44347             5.71413            -8.28526
-8.12805             6.71254             -8.4591
0.57161             8.36734            -9.32583
-8.29576            -5.19256             9.39341
-8.23315            -4.78663             9.02086
-0.0697073            -4.60994            -5.71837
-9.20236            -1.44629             2.03202
-6.12539             7.86313            0.436832
5.31835             8.49629            -2.93898
2.86615            -5.23481             3.81099
5.90611             4.79816             1.63623
8.96092             1.04091            -5.31604
1.13529            -1.30381             2.18052
8.44463            -9.09084            -5.57497
4.6696            -4.99199             6.67388
2.6223            -9.52375             6.66315
9.96974             6.12876             4.36296
9.36454             0.56402             7.76712
9.80056             9.56388            -8.41245
-5.07674             6.26149           -0.855103
3.00614            -3.84613             9.46405
3.83535             5.20595            -8.41239
8.68001            -6.70823             -6.1474
2.60823            -7.40376            0.443287
4.11113              3.9036           0.0766821
-4.69026             6.65973            -4.14077
3.5496             8.98248            -9.60996
-8.54298            -8.40708            -5.55513
-8.66712            -7.29001             8.37159
7.85413            -6.09174            -1.19745
1.67463             1.36034            -8.47952
-5.25094             4.46793            0.810235
7.66504             2.22358            -9.37039
-0.213387            0.388064             9.03578
-8.65275            0.026281            -9.85007
9.46735             5.99905             7.50451
3.80967             5.30304             5.84372
-4.98201            -2.34866            -9.39148
4.81877            -2.57584            -1.32069
2.14402             3.46156            -8.10632
-2.67238             6.12821             -3.8794
2.83114            -8.76708            -10.1396
-8.44429            -5.79047             1.66018
-5.17958            -1.73462            -2.99492
5.29406             8.88114            -3.45053
6.9492             9.62762             4.62334
-7.19919            -1.47167             6.38548
-3.49593            -6.68692            -6.73251
4.63096             1.44116            -7.08448
-1.93264             6.24285            -1.45649
0.582573             6.95031           -0.414783
5.70052            -7.37533            -2.81932
-3.31714           -0.897177             4.24137
2.66825            -7.71474             8.38565
4.36511            0.956569            -4.97912
2.26418             4.70669             4.95811
4.76874            -8.54537             8.87231
3.56172             5.60346             7.79691
1.30627           -0.437682           -0.782151
-4.56803             9.08485            -4.32081
-4.34507             5.85631            -9.98764
-5.39989             9.31472             2.32326
7.72946             8.07989            -4.98415
2.9424             9.73563              9.6279
-3.87739            -9.59446            -6.50641
-9.53154             6.46975            -0.30079
0.68013            -2.06693            -3.93833
-6.98335            -6.50578            0.114976
5.43309            -8.80523           -0.746677
-5.57333            -3.03825             4.47307
5.66774             9.35783             8.78183
-7.68448             7.71144             7.90544
7.36499            -4.98234           -0.904381
4.15054            -9.06221            -2.66226
-9.03329            -8.76709             6.28663
-3.27026             7.62251             2.74726
9.80168             -6.1264             4.85293
-9.77155             4.02135             2.16284
-5.54848            -6.27627            -2.64132
-8.30462             1.10973            -6.99854
-1.16115            -4.01329            0.768855
5.90861             5.88207            0.602727
-4.84084            -4.52246          -0.0271912
-9.19092             1.97953            -5.87941
-3.724             7.53641            -0.28858
6.41756            -9.08047            0.314192
7.34612             3.87602              7.3732
4.30063             6.00724            -4.51361
-9.53019            -2.83246            -2.42637
6.48586              6.8916           -0.411698
3.68382            -2.71119            -3.09985
-2.28591            -9.48366            -1.63308
-4.67838             9.92301             7.98921
-7.11232            0.882294             7.09828
7.88259             7.16343           0.0144069
-7.39875             7.78225             2.71274
3.56937             8.14624             5.77666
5.34631            -4.73799            0.886803
-8.35511             6.17908            -2.88251
-4.44214             3.42776             3.95057
0.540739           -0.224728             5.26554
5.08484             4.37789            -5.09097
-7.07676             3.51173               7.076
2.56998             8.87311            -3.31442
1.17616             7.28306             4.87698
-0.793183             1.70502             3.09302
0.876414            -2.03305             9.23007
0.867523              3.2824             8.52959
0.201075             3.58296            -1.40257
-8.77775            -4.25757            -8.89981
-5.09653            -1.13941             -8.8062
4.58893            -7.84913            -0.37703
-8.34922             4.76264             9.07897
-7.45              7.7383            -6.98591
4.64462              3.8291            -9.98098
5.01133               9.945             8.82945
5.48035             7.58033            -4.23915
2.82851            -3.69819            -9.03131
-0.505406            -3.84561            -4.78461
1.63269            -9.87176           -0.602762
-1.63932             4.73089            -4.61514
-9.5432             9.79746            -1.82346
8.92204            -9.10491             6.27506
0.170017            -1.21318             8.49493
-4.13505            -3.23193             7.71922
-4.21689            -4.26197             2.04545
0.129463            -2.17235           -0.721709
-4.58048             7.95924            -7.47125
1.79629             9.91209            -8.50937
-0.904054             2.46686            -5.82599
3.91295             3.82748           -0.850137
-6.91133             -9.1995             -9.7433
4.30948             1.94196           -0.984995
5.76348            -7.10678            -6.75859
9.77345           -0.648812            -6.68096
-2.87058             5.87243             -3.7849
8.71116             6.70353              2.8595
-0.964106             9.77231          -0.0229339
7.33017            -2.58606             6.45558
-7.12109            -8.52867            -8.28711
9.91024             8.58449             8.84083
-4.7016             5.53615             7.17734
6.55009             1.33964             6.01426
-6.38139            -2.12887             8.85144
7.74886             6.58762             -1.0466
-7.04338            -8.26507            -9.05911
-2.10934             5.52526             5.84525
-3.91713             6.11441             4.39033
-7.63297             1.17898            -2.93631
8.73154             8.56689            -1.03333
2.23634             3.69833             6.63897
-3.75447            -5.39875             3.68471
7.10527             3.63918            -4.50311
2.99801             1.38864             8.29842
5.65699             1.02988            -2.75571
-8.1614             1.95822             -9.9272
-5.0272             6.52466             4.92098
7.1035            -6.00882             5.19518
7.82642             -0.5584             2.23994
-6.82538            0.829742             0.50961
6.55336            -8.49419             1.48016
-3.74232               4.995            -6.88511
9.69229             5.10201             4.80537
-1.03637             1.42831             2.41708
-9.72298             2.25492           0.0926612
-8.9608            -4.64287             6.71784
9.52685            0.525752             5.58979
-1.4514             7.86621            -9.88958
-7.37838            -8.47499            -6.64621
-6.78485             4.23809             7.32862
-2.16628             6.67382             6.67005
2.92498             8.54269            -4.26915
-0.108405            -5.01081            -2.91141
-7.43771              5.7085            0.761546
5.82022            -6.41998            -3.13876
-4.43626            -9.36656            -3.41961
3.69219             3.88382            -1.08605
-9.1096             1.68159             1.80452
10.0105            -9.31155            -5.91505
-8.40613           -0.658427             9.45194
7.1811             -5.0622             3.62851
-9.96388             3.48467             4.27693
-5.94316           -0.186066          0.00930841
-6.74884            -1.87286             3.31802
4.70501            0.613616             6.56917
-0.886025            -6.54971             2.67621
-2.76711             9.20227            -7.89638
7.94084             4.46599            -5.11522
-7.46143            -6.86219            -5.58917
5.08322            -5.40821            -6.15688
-9.57057             3.87621            -7.32055
3.13664            -6.99158             7.31402
8.61708             -9.1057            -6.61284
-5.28396             5.39741             2.30022
8.48302              9.2421             -4.4417
-5.02928             2.87316           -0.744646
7.67147            -6.19899             4.85946
-5.15129            -3.22986            -3.71608
-7.55742            -6.99001            0.195642
7.68284             4.34931             -0.8956
-7.44332            -9.41935             2.45742
4.55364             3.89735             6.65833
9.5743            -9.51861             1.81979
-0.531407            -3.67942            -2.58942
9.90312            -3.35324             9.95962
5.95098             5.48416             5.07999
-4.21353             9.98756             7.02417
-5.94663             5.39655             4.25415
-3.36841            -2.58297             8.85092
-2.14516            -9.93092             6.71195
1.11743            -3.99827             1.43816
-2.47352            -9.15672            -4.94534
8.77785             2.62944             3.78018
1.60827            -1.11893             8.25856
0.678576             4.18884            -9.86231
3.26209            -8.91524            -8.08479
-6.08484            -8.22632           -0.464024
-1.60498            -7.96376             -4.3595
9.62431             3.43751            -9.81919
2.56401             6.85029             7.26136
-9.38224            -8.04033            -6.14018
6.66389             -4.5701            -6.15789
9.47042             7.71934            -6.70881
-8.93325            -7.46482             2.54784
1.5657             -8.4376             1.32858
-1.06506            -4.57613             6.85789
3.34311             4.54719             2.43083
-8.65269            -1.72778             7.80569
-6.68011             5.45944            -7.94541
3.81389            -1.91782            -8.10038
-0.522578            -7.87401            -4.21682
7.38693             5.07225             4.30575
-1.92747             7.91642            -3.90353
-4.44295             5.33379            -5.69268
3.83396            -5.46532            -6.52496
3.95629             9.79557             3.49337
6.02774             0.58239             6.36473
-8.10176             8.38759             7.07995
-8.4219             9.66651              2.1741
-4.73205            -6.24805            0.466352
-6.81272            0.262435             -9.2445
-8.69703            -2.84232            -1.86541
8.70252             7.41093             6.33353
-1.63615            -2.41252             5.90244
4.98581            -3.69287             1.24538
7.53958            -6.94757            -4.07058
0.509626           -0.594575              9.0377
2.42343              -6.476             -5.7357
5.76382           -0.659602            -1.34269
7.49387             6.15393             9.41004
-5.59199             2.57878            -9.44391
6.72934             2.53603             3.55913
-6.50738             0.33616            -3.19362
9.37051             8.43072             -7.9197
6.65112            -1.77139             8.86052
6.40905             3.50388             9.91846
1.82755             4.82285             -8.1579
0.73003             -1.2407            -1.91744
7.65978            -8.39574            -4.06528
3.29336             1.55145            -0.49932
-3.26996            -8.11031             2.44581
3.43402            -2.59377            -1.67747
0.282791             5.15124            -9.28038
3.07766             0.16294            -8.43172
6.70444            -3.85352             -7.7306
-0.930823             2.94455             7.91823
-9.64973            -7.90046            -8.02926
-8.56198            -7.85657             1.20765
-3.13661           -0.247716            -8.88226
-1.10623           -0.758981            -5.27439
-0.347202             7.16846           -0.950455
-1.12109             8.45324            0.306202
6.84923            -5.90275             2.66878
5.46865            -8.04221            -1.95315
-6.25635             -6.4363              7.4245
3.06094             6.60086            -1.28191
-6.11928             4.71259             4.16245
0.871704              9.2412            -4.43169
4.99418             -8.3841            -8.01279
0.0125869            -4.79833              3.0108
-0.904915             3.60541              9.5452
4.82932             9.41211           -0.279963
0.705506             4.56245           -0.520505
6.71415            0.261155             5.34948
2.43507            0.469514             -3.7194
9.80202             4.67092              5.7589
-5.70372             9.78862           0.0032787
-4.09084            -6.61704            -2.15579
8.61051            -8.08125             5.14826
7.8454            -1.95056             5.48359
-5.06668             7.23197            -7.60422
-1.75139             1.07466          0.00832447
1.71458            -8.96655             -1.5075
1.64957            -9.91881             7.97576
-3.81473             4.83678             4.93434
-3.72843            -10.1475              8.4631
0.408721            -8.80509             7.12662
2.43605             8.91735            -5.27624
-2.11861             9.19925            -5.88661
-1.47528            -4.48665            -4.03725
3.78359             2.42338            -4.83061
1.04829            -1.77778             9.80308
-7.2335             8.17409              -3.616
-2.06388            -8.70503             1.05379
-9.0045           -0.233753            -4.61546
3.04101            0.872543             8.22828
7.72759            -7.19604             4.30792
-5.3269             3.03972             4.29921
-0.418527            -8.91976            0.992668
-3.72826             9.11293            -3.56154
8.93388            0.623527            -5.26385
8.34534            -4.62273             5.67174
1.68254            -4.41599             0.73445
-4.1327             3.73932            -6.15029
5.00377             6.28101             9.64666
0.340058              3.8782              -7.998
8.4579            -2.05497            -5.02235
-3.55639            -3.88864             5.50564
6.65778            -9.68389             -4.3064
7.29867             8.59303             1.15908
-3.90469            -9.61053             -5.4553
0.196292            0.884413            -1.98138
-9.66841             6.56737             -4.0619
8.59182            -4.49886               1.428
3.99083             9.23468             8.90356
-5.1014             1.36012              1.9888
3.83963            -7.10773            -8.46771
5.07109             5.30049           -0.670466
-4.54636            -5.63126            0.656441
-1.34453            -3.53265            -4.54822
6.56191            -1.10709             3.84751
-1.27605            0.943085             4.52571
8.14874             3.96219            -1.51393
-2.99358            -3.12793             2.26744
1.65574            -2.74936             8.16592
-1.03686            -3.88904             9.09427
-1.80759             5.30673             6.10819
6.22006            -4.73058            -8.36812
7.1931             4.31999            -9.38851
-8.78975            -8.80105            -2.03324
-3.8072             5.50519            0.485627
7.39922           -0.418193              7.2353
-2.46351             4.32527            -6.97356
-6.23399             6.35495             8.62137
0.916847            -1.67361            -5.87871
9.99934            -3.53305             2.69401
-9.0067             3.96908            -6.09159
-6.94738              3.2413           -0.975732
3.80294            -4.92876            -4.66063
5.48072            -9.43003             4.60775
4.62154            -2.87565            -3.63683
-7.66257            -2.16771            -7.69758
2.64608             2.33046             7.76185
9.54485           -0.454203             2.54209
5.75329            0.854928              7.2728
9.75086            -1.04612             -3.9231
0.0427353            -6.90806             8.44454
-9.56635            -7.35449           -0.300003
-7.92398            -5.69041             4.95451
-9.0781            -7.09123             8.34569
-3.41706            -9.16245            -2.41449
4.35441             -4.3543             9.37465
8.54625            -3.95757            -7.61407
-8.11084            -4.54535             9.00777
-4.30971            -7.93021            -6.68535
1.36961              9.9049            -5.85405
1.42282            -4.57639           -0.352234
-8.07662             1.67345            -9.79866
-6.47419             5.00145             3.29141
-3.78869           -0.535041            -6.81361
9.12083             2.24622            -7.94393
5.22492             5.75439             5.79817
-0.0634564           -0.847279             -1.7202
-1.98879             9.92314            -2.75571
1.11699            0.733969             7.19003
9.24195            -1.55536             5.77713
4.32986            -6.04012             -1.3436
-0.850097          -0.0802667             2.08393
-3.56428             2.56255             2.17235
-7.54665            -2.51939            -7.76984
-5.41749             5.65059            0.587693
9.21839            -7.45178            -2.02525
-0.0921537             5.79809             7.76714
3.64438              9.3053            -1.81997
-2.3776            0.907602             5.86733
-1.70408             0.41073             4.72663
-7.84344            -3.82489             3.83441
-2.84276             5.76381            0.883079
7.54922             6.32183            -4.36297
9.84886            0.915472           -0.979917
-9.33487             9.19651             7.44064
4.64376            -6.77043             5.96417
-4.12243             5.48387           -0.541152
-1.91371             7.15242            -1.03247
4.06876            -7.45646            -5.50758
3.75867              7.6303            -8.09017
-8.22305             4.26237            -8.47348
9.35832             9.54131             5.42323
-9.71222            -1.67346            -3.87578
-9.79421            -9.48631             7.71459
-7.05947            -4.58034             7.74069
-8.6883            -7.20353             -4.4188
8.31351            -4.04333            -7.98744
7.95477              1.3201            0.854127
-0.81597            -7.64084             4.14501
-6.9499             7.12615            -9.10653
-5.49808            -5.01648            -7.66378
9.27303            -1.70248           -0.114939
-0.40461             9.41278            -8.73127
-9.45767             3.11352            -3.12996
-9.75359             6.28135            -2.76343
4.63943            -1.87283             5.98022
-8.14829            -7.26205           -0.948163
-7.61571             6.94039             8.39636
9.03314             8.22888             4.18368
-0.0167205             2.99829             2.53263
-3.64384             1.37961            -8.96705
6.71258            -8.57535             2.76109
-0.99329            -8.13058            -3.18512
-7.03916             8.52089             9.52609
-1.98359            -8.42797            -1.26529
-9.7215            -7.97323             3.66217
6.4717             9.73764            -6.53299
6.92431              5.9947             5.67738
-6.58083            -2.35008            -9.42366
-8.82602             5.37747             5.94083
9.40561            0.325109            -9.02492
1.42795             7.73974            -6.38602
3.58954             9.26354              5.2875
9.34831             2.44793            -7.20209
-5.10164             6.06968           -0.139601
9.39715             5.47139             6.33062
-0.445899           -0.958884             6.29821
7.87422             1.40688             8.70444
9.86226             -1.9183            0.410806
1.93028            -8.19887            -6.54417
-5.45564             -5.1124             7.40683
0.664397              4.3767            -6.72948
1.84426            -6.48887             8.15289
4.9078             8.58773             3.77109
0.548339            -5.22669             4.97266
2.53536            -9.98569             1.26317
9.04199             -8.3441            -5.76188
-2.22677            -6.59258             7.17511
4.62604             9.51265             4.36979
2.70392            -9.67745            -5.73776
-2.43775             4.22996             8.25062
-8.32306             6.39703            -7.82216
-9.69683            -1.38071            -1.62203
-8.36555           -0.540897            -7.34578
0.458929             5.52428             7.66392
-3.04759             4.71384             1.29223
-6.73476            0.854375             4.03545
2.18686            -7.32006            -9.80469
2.96558            -3.63827            -0.90604
-7.79176            -6.63126            -9.40023
3.525            -9.07206             -8.9715
3.8422           -0.347394             8.20489
-1.08097            0.298345             1.99074
6.00149             7.84071            -2.50178
1.88609             5.89518             5.68488
-2.76167             1.81816            -9.17034
-1.35007             3.83728            -8.41756
6.55581            -7.78509            -8.23649
-6.3134            -2.57987             1.13343
2.264            -7.62106             3.62912
-9.13378             7.13806             -8.7961
3.65168            -4.47715             6.36442
1.2318              9.1286            -1.49945
-0.459888            -6.82231             7.70305
1.42931            -8.49902            -6.01696
-1.24532             -4.2499             7.78297
-8.79648              8.6859             -2.2589
0.760046            -5.92499            -8.29187
3.0735            -1.05583             1.78479
6.02251            -7.27296            -7.05559
-5.20089             8.55001            -9.61217
5.31563            0.294532              7.8251
-6.89318             1.91733             3.13837
6.56559            -2.94831             4.93775
6.65562           -0.209412            -3.63921
4.88222             9.71656             5.88162
1.73085             6.79287            -2.25725
-3.12649            -5.01494             1.62172
-2.87679            -7.62392             7.75935
-9.15727            0.521564             2.11128
7.92394            -1.24188              6.7427
-5.68089             1.10486            -7.26234
0.488735             6.50632             3.88094
-9.61337            -1.13199            -8.07604
-6.07024              4.2197             2.24479
3.90241            -6.16635             9.29694
2.47117             3.65058             -8.6775
-0.158938            -3.64207            0.790751
-7.5725            -5.10912             -5.7798
-7.57878            -5.15104             5.17818
7.18096             9.45687             9.72795
6.96033              8.1658             9.82358
1.97549           0.0586086             9.74039
1.16555             3.49392            -7.70972
3.14229             2.01915             -6.8234
-2.97231            -2.45055             5.56328
-0.923579            -8.43839             6.60764
-0.0401063             1.24024            -2.34862
-2.17187            -6.32675             8.24063
9.00567            -3.92613             2.82739
3.943            -5.77315             4.22049
3.16859             9.84788             5.43766
8.21092            -7.14584            -5.88351
-5.47134            -6.18293             -9.8019
-4.12981             3.46852             9.81569
9.27312            -6.44646            -9.96616
3.36734             -8.6115            0.163419
-8.16936            -7.28508            -2.14862
-0.658539             1.82113             4.95267
-1.10607             5.48791          -0.0161531
-9.38531             9.50186            -7.93212
-1.70373             1.91046             4.96184
-5.62             7.00941            -8.39508
-5.53559            -1.88216            -9.01965
-5.8295            -7.08354            -4.80184
-3.15022             4.64024            -1.87676
-1.537            -7.95256            -9.36206
3.10307             6.38256            -3.30499
-2.45161             8.58609            -3.65781
1.10223              6.7716             3.02171
-8.22275              4.1254             7.12485
5.37998            -6.43451            -7.79391
-8.28114            -3.11519             4.87462
-1.06896             3.12793             4.44902
4.30052           0.0680437              2.4572
4.09342             3.85536            -2.21587
-4.0163            -2.75256            -3.97442
-3.74429            -2.02877             5.50848
2.47334             7.80454             2.96132
9.51258             2.23684            -6.74907
0.45304             6.44482            -5.68101
6.17191             4.78506            -9.77612
4.01434             2.92385             9.33994
2.43734             5.50467            -6.03766
9.62474             4.71151             2.65913
-2.36767            -7.61357              -8.544
-1.23662            -5.10827             7.06523
7.6191            0.988208            -8.26042
-1.55223             8.95295            -1.57208
-4.52924             2.27077            -6.65116
-3.53804             9.54021             6.36117
-2.40397             7.36621           -0.123612
-2.98182            -3.67802           -0.413065
-9.96357             8.67257             4.30982
-5.84851             9.44439              7.7222
-8.91607            -2.14062            -3.73125
-0.736457            -4.84953            -6.72618
-5.31059            -5.72678            -3.04858
-5.01836            -6.59499             5.42197
-3.12407            -7.39795            -5.59025
-6.8778            -3.49504            0.319211
4.13592            -2.91261              8.4921
-3.01455             9.05503            -5.05915
-9.31188           -0.979968            -5.96555
-7.84464             6.66957             4.66918
7.84851           -0.611303            -1.17561
2.46952            -5.75819            -9.05875
-3.58406            -9.65993             5.48732
4.62114              6.8068             3.96198
-7.3781            -9.21624            -4.24985
-3.24917             2.01838            -5.94893
-4.43325           -0.384442             9.30069
6.13212            -8.83064            -2.85147
-5.17738             7.11077           -0.879487
5.95491            -2.13191            -6.18985
-4.11796           -0.903695             6.83545
3.33132            -7.22529             9.70002
4.11149             -7.7646              2.4256
0.629635            -7.29023             1.48917
9.30275            -1.08533             4.13748
-5.79492             4.99565               3.738
-4.13933            -1.63295            -6.35722
-6.81631             7.83141          -0.0101182
3.98945             7.18485              9.5764
-8.27858             3.89036             1.31709
-3.05379            0.714219            -7.70786
-3.53279             1.05794             4.67543
-3.89045            -4.48923             8.84394
9.19333             5.19463            0.445803
1.15278             6.65245             1.52335
-4.30335            -3.76522             6.50232
5.11864            -3.01753               1.028
8.47209            -7.10922            -8.39296
6.97062            -6.34627            -1.31469
-7.01236            -2.43858            0.205334
-5.41401            -8.05683            -8.45761
6.76189              4.9604             2.53187
-4.46183             5.94267            -0.35651
3.18443             4.27509             4.50986
-2.44604            -9.75042            -7.11137
-3.31529             6.45266             7.98609
7.64725            0.186704           -0.100477
-5.98757           -0.940106             4.36573
6.24851            -8.81175             7.32223
4.6589             -4.6444             3.22373
-3.11206              7.5037             4.24278
2.76732            -1.40214             6.69013
0.188052             7.61792            -9.69088
1.02911            -6.79743             7.10701
7.87661            -1.99329            -1.29109
10.0006            -3.95878             -7.4861
-8.55179           -0.896525            0.913965
3.4279            -2.61649             7.63652
-1.27847             9.70906            -4.84101
7.35067            -4.07421            -2.27536
-4.30576            -7.15339           0.0042086
-7.61528            0.568858             -6.9731
9.24475             1.21632            -4.09593
8.99292             8.67706             6.83364
-5.11507             3.12137            -1.97555
-7.96996             5.40426            -2.77606
9.61704             7.99725            -4.15008
7.60556             2.97141           -0.835146
-1.67262             3.27718            -8.45046
7.78472            -5.62456            -8.26925
6.35748             4.47634            -7.25241
-0.600941           -0.475729            0.797257
-6.19459             7.86445            -3.25798
-8.72238            -4.06859              -7.163
-2.30665             3.05213             8.82026
-3.3373             2.55715            -6.48133
-4.9281             9.25577            -0.91109
6.47796          -0.0910255            -7.62349
7.22331            -4.39386            -2.90273
-8.59608             7.98751            -4.62511
-2.81429             1.56354            -7.24978
4.21224            -6.97496            -5.54175
1.06046          -0.0259724            -4.57504
7.7311            -8.94625            -5.44911
-3.96676            -3.03282            0.687299
2.19246             2.85793            -5.24953
9.97567             9.49729             6.73834
2.35811             3.98985            -7.31463
-6.25488            -6.07088             1.08895
-4.54041             -8.4651             9.68797
-4.29853              9.2243             2.24436
-2.15112            -4.08212            -2.26097
3.55034             4.30438            -7.22191
-1.1962            0.628046            -4.20704
-5.76947            -5.38482             4.25086
-7.69445             2.76353             9.45585
-3.81946            -1.54697            -8.45643
6.68768             -4.0885             4.25549
3.8802             7.85864            -3.27148
-3.2537             6.13818             9.01322
-7.08618             2.72771             1.12503
3.23533             1.23132            0.564561
-8.0791              -7.325            -3.55022
9.48914              3.6955            -2.97552
0.821708            0.380321             7.32954
-0.369977            -1.91426             2.68138
6.77475             3.19083            -9.90856
-0.306211               6.184             5.59751
-6.92275            -7.77612             4.69205
8.13367            -3.04057             4.84067
7.96006            -3.79572             4.09242
4.39643            0.953056            -1.15495
-8.69598            -2.40575             4.64672
5.81434           -0.219484             4.02607
4.09191             -6.8336             3.24763
4.46379            -1.18671          -0.0347241
-0.54846             9.65276             9.81487
4.12464           -0.808416             4.93879
5.73085             1.56792             1.74991
6.06696            -9.66579             1.01134
9.80545             -1.6822             6.16864
2.18343             1.29695            -1.55367
5.65036             0.38446             5.21162
8.81729             3.14497             1.95044
3.30522             1.20195            -1.09031
-7.03709             7.54069            0.067501
9.07683             1.85998            0.249513
-0.709756            -8.18073              5.9739
7.80743            -4.01572             3.18229
-7.74773            -1.51707             2.44961
-1.06217             2.19814             8.78395
-0.129268            -4.49087            -5.57428
7.12922            -1.52321            -5.89119
1.04256             2.75275             -6.0079
7.09715             7.80949            -9.04782
4.58546             6.60764            0.741218
-4.86271            -6.10284             -6.6802
1.06069              -7.857             8.36209
7.21322            -5.51293             3.68918
-1.64629            -9.84419             5.14782
5.87359           -0.626001           -0.239351
0.230918              7.0741            -1.75204
0.756178             3.22354             6.59824
1.85186             1.63416             6.07867
4.9605             5.75874            -3.97559
3.29111            0.423582            -8.00088
-1.40286            -7.78174            -8.02558
-6.84437            -3.86642           -0.722697
-6.48193             5.17942            -1.21465
-1.9096            -2.86361              7.1312
-9.51242             2.49729            0.959695
4.75637             7.58336             6.38881
3.09931             3.42341            -6.68785
-2.05035             1.22909             0.32985
-1.68889            -1.25386            -6.98476
4.97249            -5.48753            -6.03074
6.78261             5.74796             5.50607
-0.946758            -1.32473            -1.82862
4.50097             1.80435            -6.01355
-4.21432             -3.7181             7.37959
1.3626            -4.99625            -1.30018
-6.41723             9.47016             9.04704
2.5247            -4.81369            -7.14714
-7.28561             8.31637            -6.98167
9.12429            -5.15328            -4.06652
5.21785             5.64468             5.90904
-7.20849             1.59891             4.16268
2.24743             7.79397            -5.75651
0.661658            -5.88943             6.46561
-2.92223             2.85627            -8.86646
7.18009             7.04395            -6.58471
5.30504             7.33196            -1.29681
0.728804             8.30927              3.5728
-2.45821           -0.436451           -0.937846
-5.5093           -0.331351            -4.95453
4.90702             5.86794             9.30999
-9.1457            -6.16152             8.95834
3.27268             5.12069            -2.29233
-6.34932           -0.586334            -3.41111
-9.19877             -1.7843            0.674031
-9.88835            -2.72185             -3.1183
-8.53722            -7.71818            -3.17051
-4.87058             9.40404            0.540685
-7.37295             -8.3183             9.12215
-6.65917            -7.16115             2.37561
2.82572            -9.98347            -8.23993
-3.05093            -7.74932             7.45252
8.72372             4.44031             2.16517
-8.74481            -1.09675            -8.33159
6.57898             8.67176             7.27594
-6.50884            -9.29665             6.71654
-9.73782            -2.25463            -2.56747
5.40357             9.27677            -4.73862
0.719156             1.33255            -1.88916
3.46247            -7.29578           -0.613023
-4.10177             6.92399             2.40511
2.00472             4.39882            0.938291
7.603            -1.89284            -1.64626
-1.52724            -7.22006           -0.785116
-4.03827             9.89895            -7.67041
-6.91597            0.849554           -0.796968
-1.00808            -9.36132            -4.22868
-4.183             2.55264             1.79068
-9.37326            -1.45789            -3.07751
-2.03508            -6.60225             4.61505
-2.41075            -8.11154             5.24247
1.35882            -5.59734             5.33874
2.74509            -3.56068            -8.63052
5.55395             8.65257            -2.17886
-5.19718             3.48532             6.94968
6.26697            0.742634            0.379435
6.06726            -8.79321             5.76141
0.50461           -0.734285             7.77445
4.73749           -0.667854            -4.75994
4.33039            -2.19463             8.25903
-8.25032              6.5924             2.69214
7.62437            -9.24609             1.85736
-5.80848            0.921988             -2.9806
-4.31504             3.57125            -2.89345
-8.4126             2.35775            0.686959
-5.57943            -5.77825             1.72218
-5.3126              2.6734            -4.29009
-8.74331            -1.24705             9.21294
4.20023           -0.735354            -8.13528
-7.39129            -1.86185             5.91594
1.50289             1.94012            -2.96419
-3.22768             9.04359             8.22529
-0.286055            -8.67749             4.77255
6.23417             5.26881            -5.56137
-7.79396           -0.117961            -5.14861
-2.07148             5.98686             2.53552
-6.99114             9.63129            -3.83817
-9.05376             2.35875            -2.95213
3.1536             1.44801             9.73641
-9.95805            -4.68825            -8.86955
-2.51563             4.15618             2.28464
1.99566             6.77115             7.43543
5.43999            -1.57279            -7.71103
6.25068             2.27835            -5.30634
-9.83894             -8.6877            -9.66479
-4.82382             8.41541             5.47844
1.39568             6.14661            -7.27684
2.45234            -1.56949            -6.40025
2.23172             7.82515            -4.74297
9.51615             2.95125             1.46597
9.02314             3.54221            -3.84973
9.37595             3.58963             3.40019
-6.94955             1.12168             8.37704
-9.5482             6.26091            -2.86263
5.33654            -8.86192            -7.47936
4.1651            -0.23096            -6.30693
-2.8043           -0.675698             4.80841
5.16654             3.62244             1.65332
6.49403             3.02397            -1.24209
-3.72561             7.32792            -2.15729
9.64736            0.150411             8.61513
1.46049             8.17528             6.81032
2.447              8.0153            0.651725
-5.29757             7.29277            -6.76936
-5.8525              1.0998             9.09436
-3.8421            -9.18348             1.50102
-3.34834             5.34583            -8.55218
-9.93656             2.03131             4.42604
-3.30818            -8.02593             9.47459
9.00848              1.9195            -5.20419
9.90206             4.85327             5.95378
-0.130247            -3.90077            -4.11316
3.56688             6.40341            -3.45348
4.20097             5.05609            0.140164
4.63285            -8.63717             1.92749
7.38434            -6.48848            -4.17712
-6.10915             9.29591             5.81908
4.38085            0.832903             9.58613
-6.83736            -5.58635              -4.007
0.434263             4.11402            -5.67311
2.88441           -0.901214            -9.23694
9.79311            -8.49187            -4.55398
-7.74097             4.63657            -2.72311
0.745912            -9.35743             6.83393
-8.38277             4.62435             5.28454
2.72419              4.9258            -2.29778
8.32215          -0.0911621           0.0312029
-5.22507            -7.05029            -7.18793
0.8828            -10.0236           -0.530165
6.94594             3.48863            -8.26968
-7.08992             6.17204             -6.7281
3.18412           0.0417419            -5.33165
-3.58388             5.60656             6.31738
8.07749            -4.16904            -7.59035
0.0322557             7.38314             8.34779
7.20216            -7.16258             7.68587
1.16999            0.596435            -3.13997
-8.46449             2.80928             6.07829
9.49794            -9.39149             4.23039
5.37172               2.407            -3.11196
-0.501556             9.12869            -7.50153
-5.17725            -2.30383             8.93759
-4.70949            -6.73118             8.81137
-4.45815            -8.24816           -0.265305
-1.58529             8.11148             4.10174
-3.88622            -3.60017             4.90963
-0.993544             -4.1014            -1.53189
-0.883778              7.1366              2.7299
-6.61521            -7.47053             8.22436
-7.97151             2.35259             4.40941
-9.49591            -5.48107            -3.13095
9.70064            -7.52968            -8.82151
-3.53039            -8.83523            -3.55686
5.68677             -1.2842            -1.53468
-5.13036             9.28507             3.99173
8.11483             -7.3284            0.989711
2.76201             4.16531           -0.288272
3.84968            -2.78329            -6.01657
4.67771             -2.7814            -4.12338
-4.37124            -1.21465             1.61151
-1.89993            -9.55339             6.72934
1.93483            0.423612             -5.8453
2.08065             -4.8916            -9.65501
-7.75164            -4.63853            -0.46078
-8.85801             -6.1742              1.2958
-4.40024             -5.6018             6.86529
-3.55997            -9.74545              4.8574
0.393387             -1.3715           -0.493292
-6.76339             2.80698            -7.62478
5.28393            -8.13511           -0.696338
9.28609            0.420166            -4.89911
-7.49592             6.73764            -6.84304
-1.48982              2.5883            -8.82568
-2.68886            -5.18537             4.52183
-3.86526              5.7907             9.52256
-6.76672            -4.00453             6.70711
-6.14012            -8.49471              4.3732
-7.92381             9.20571             7.98377
-3.34448            -9.01739            0.715569
2.15485             5.90712             3.25695
1.86752             -9.3788             5.96048
6.16064            -8.57349            -8.84763
0.0623183            -1.25296             5.97986
3.84657            -8.39101             -3.1082
0.0396769            -2.03456             4.93755
-3.14715            -1.52493           -0.895081
3.17834             8.62892            0.523093
-0.235905             9.15072            -9.82869
-5.5246            0.501932             8.20751
6.27228            -7.06121             8.98414
-7.00676              6.4141            -8.71228
-2.43373             7.66382            -2.13144
-5.53697            -8.34093             -4.9685
2.74023             3.58046             2.65557
-4.06566             8.61075            -9.26988
7.34548             9.33816           -0.552508
3.61556            -5.09038            -1.59815
4.27792             8.94997             3.87579
5.13428             6.28715             -4.1089
0.529072           -0.638149           -0.407973
3.74456             2.36285              6.3774
-0.931426             2.58761             1.03172
3.62608             3.25028             -3.6747
4.78433             7.65946             5.38351
4.4896            -1.13368             2.06518
-3.12856            -3.46285            -1.43656
6.42812            -2.32601             4.65607
-4.9271            -4.94977             9.29279
-6.98003            -5.67364             7.35821
4.68592            -4.30685             9.66892
8.28911              1.1259             3.79907
-5.3474             7.34575            -9.68663
-7.49913             5.24206            -5.81505
5.87071             6.27324            -0.95021
2.00819             9.89478             9.10889
-0.474098             1.31838            -2.30272
8.41215            -9.50925            -3.30983
-9.702             3.97466             5.20633
-1.61957           -0.881512             5.56495
-5.02857             8.64023            -8.96448
-7.62001             8.65589            -1.46034
9.88061            -5.68686              5.1701
-0.822106            -1.99532            -7.97235
-4.30874             9.15529             8.02181
1.76686            -3.86127             -9.7627
-3.47864             8.21848           -0.927873
3.644            -3.25285             5.14942
-0.706533             5.00121            0.259017
1.15411            -9.58662             2.88958
-7.83081           -0.775788             5.87155
9.66747             9.72593             4.72602
-7.23084             3.44255             9.56616
3.27171             2.95594             5.70726
3.80846            -8.68359             6.59095
1.23983            -9.22951            -3.98095
-4.43279           -0.535265          -0.0168259
-2.85007              1.7913             3.63112
-4.65473             0.12721            -8.26057
4.22368            -8.28817             6.04989
-0.892467             2.76869            0.513241
4.23202            -6.85135             8.90053
4.02567            -6.66997            -4.29121
-0.162145            -4.61756             5.51056
4.01918             8.79397            -7.53833
4.74936             9.33847             2.52818
0.676876            -2.14906            -7.74736
1.68962            -9.84482            -4.45352
-1.37024            -8.67654            -6.77484
5.10734            -9.52137            -1.53449
4.46002             8.90838            -1.05278
-8.13406           -0.725085            -2.61872
-9.35048            -2.59507             -5.4846
5.19921             7.69246           -0.485585
1.14739             6.83254             7.67212
4.4147            -2.29362            -1.41235
9.01856             6.28494            -4.94667
0.74584            -2.89575             -8.3462
9.92934             4.70148            -7.14588
9.06715            -1.43827            -7.06386
5.838             5.40141            -6.07541
-0.200575           -0.983344            -8.73383
-2.01965            -8.13907            -9.92239
4.89117            -4.39004             1.95872
4.38124            -6.04928            -6.71216
-6.9171            -7.32655            -4.96281
3.68677             -4.4517             1.08191
-8.61289            -6.35595            -9.44008
-3.00545            -3.59898            -3.69941
5.55682            -5.61062             7.77763
2.03681            -8.42514            -2.59833
1.96564            -7.09968           -0.841518
-0.643822             6.93883             9.39385
-8.20387              8.3122            -7.64745
-7.45833            -9.31083           -0.336405
1.28471           -0.377565           -0.832106
-0.44811           -0.399851             3.84408
9.875         -0.00579442             8.45551
0.711405             3.43674            -5.35918
-8.19918             1.31453            -9.31905
-2.25723           -0.682709             3.47356
6.86999            -9.36606            -5.23559
7.96166             1.94429            -9.17232
8.15314             9.40949             5.59864
9.21203           -0.641455             8.09849
9.6454            0.717224            -3.41508
-3.02171             8.87414            -8.59968
8.83476            -1.49553            -3.85956
-9.46484             7.44581             5.31302
3.08053            -1.23519           -0.809724
9.30138             8.70526            -1.74889
-6.45204             2.28815            -5.27094
9.67186             7.09903             5.66123
4.95517             4.65916           -0.433202
0.224678             8.31139           -0.908501
1.36165             6.13423              5.6312
9.63703             2.57599             -7.0464
-6.64574            -7.33189             5.81526
2.00713             3.15106             -2.1025
-0.136959            -9.11543             4.09395
5.9944            -7.85346            0.901445
6.602             7.75716            -6.57218
6.52141             2.05168             1.11855
-7.12176             3.78688             1.59671
-4.27494             4.76678             -1.5191
-9.72126            -5.38354             5.16446
8.09556            0.592223            0.277511
1.61911             5.81963             5.17549
6.31528             5.15222               -7.14
4.60721            -9.67656             3.90767
-2.62857            -7.46907             8.99697
3.5838              5.8412             6.24388
-2.97354             5.33602             5.82992
0.74708            -5.38443            -2.82161
-2.43878             4.00736            -4.30091
-4.84262             4.64677            -8.57596
9.55141             5.18906            -6.96295
-7.72433             -4.9048            -6.21356
-5.17616            0.642178            -9.19952
7.98294             5.41181             5.46167
-2.88095             8.84753             7.91932
9.665            -3.76723          -0.0310798
0.450906            -1.20503             9.27952
9.8311              1.3978            0.263181
8.2681             9.46075             8.39609
-4.53896          -0.0701147            -7.28887
2.37884              -8.821            -3.82292
-2.42343             2.38874            0.869557
-4.88103             4.91361            -2.14664
4.6683             3.85969            -3.57411
1.74157            -3.26222            -1.60732
7.96552            -8.61986             -2.1825
-7.85406             7.10739            -7.55526
5.45246             7.44868            -9.92888
-5.96222             4.86949             9.50259
0.0775008            -4.91277            -5.98651
-5.88336             1.36595            -9.07207
9.82166             2.49034             5.65848
0.500918             4.10178            0.625475
-9.02767             4.82076             4.11288
-2.04402             -8.7966            -7.65653
-5.92026              4.8215            -6.94912
9.75397             2.11673             2.86478
-2.49426            -6.67861            -3.03842
7.45332            -8.45978             3.91006
4.10062             3.01342            -5.55064
1.69812             1.33658            -5.26321
-9.3153             0.78452             6.11979
-4.47161            -1.46743            -3.95938
1.66151             1.52028            -2.67664
-3.69059            -1.16993            -9.70865
-8.56774            -1.34848            -1.60911
-0.38412            -4.51828             8.23619
-1.62514            -4.41257             1.72344
3.76537             8.58557            -8.21778
-0.838994              1.0434            -2.74604
6.71211            -4.65352            -5.24723
3.8743           -0.694119             -6.1653
5.00844             7.67798             -2.5757
4.25788            -2.14787             8.14194
6.13614             2.83492            0.272691
3.42142             6.81356            -5.56723
-7.39767             8.66883            -5.36694
-1.95621             2.31026             8.43342
-2.27906            -8.10455              1.3708
6.84862             7.93367             -5.5206
4.86687            0.970787             2.59789
-3.85681             8.53596            -7.21503
-3.68118            -9.66091           -0.769607
9.76014             3.06136             6.25979
0.856514            -8.89595            -1.99878
9.2225             7.92301             3.61039
-7.35421            -10.0249             -7.1127
-6.23682            -6.07796            -3.52968
1.83816            -5.38951            0.268246
-2.5965             8.52268             2.96262
3.57353            -3.78474              4.3314
-4.5679            -6.88952             7.51718
0.990309            -5.47977             4.95902
0.47233             8.68903             2.91117
7.22321             7.45251             2.46593
8.71177            -6.10706             4.42705
-1.29017            -9.98762            -9.47019
0.199285              -8.403             3.13634
7.20872             6.20081             8.24932
0.587867             6.17832             4.36756
1.22476            -2.46132             1.35825
9.17339         -0.00260121            -3.93844
9.19156            -7.77966             8.69151
2.72378            -4.20255             1.84962
1.24702             3.02165             9.69888
5.83219             5.97486            -3.64588
3.2895            -3.81402             6.72899
5.78454            -5.25232             2.21501
-5.14811            -8.82317             3.34553
9.99566            -4.52303             7.73528
1.99712          -0.0444547             1.40331
-0.835725              6.5257             8.88802
4.11976            -5.33743             -4.1959
-4.46866            -4.40221             3.68005
9.95809            0.425482            -1.86887
1.25758            -9.65021            -6.88771
-6.88013             9.06736             9.12577
5.6276             2.26493             9.95536
-0.932241         -0.00179544             8.79791
-3.10632             7.70565            -7.30633
5.2621             5.56999             3.61836
-4.22442            -7.95477             4.46474
3.39239             2.38351           -0.239709
0.224256            0.051946             5.53901
-7.20696             3.21482           -0.251311
-4.88304             -6.0658             4.11418
9.92101             4.18247            -7.32706
1.65715             7.22169            0.834783
-7.22505             6.54319            -6.81884
5.13067            -6.57899            -6.03095
2.5908             3.77048            -6.50885
8.26167             1.13179             9.31226
-6.3042            -9.51066            -5.25998
2.11168             3.72392             5.24035
8.93495              6.4575            -2.90963
6.49041            -1.93089            -7.24135
0.720999             3.40888            -7.66581
8.95522             5.96633            -7.96332
0.42457             3.24253            -2.86918
-4.84502            -7.22969              6.9086
-2.61097             7.96144              9.4402
-7.56611             6.02366              5.3157
-8.61322            -5.42816             8.39137
-2.82101            -4.64528            -3.25395
-1.30392            -2.44289            -7.28494
0.650959            -3.81983              9.0572
0.950184             -2.1636             4.25485
-6.22402             3.84146           -0.290885
7.96564              4.3553           -0.667982
9.53725             1.42097             9.70815
0.576704            -3.17105             7.52287
9.5491            -8.66416             9.85808
2.97301             1.43999            -4.28479
-0.604697            -2.62728             1.34733
-2.95128            -3.90819            -1.41407
9.28351            -5.56432             9.31298
-8.82755             6.75183              2.2375
-7.124               6.712            -5.07215
3.87633             5.16344            -5.11175
8.50295             9.06639            -9.10254
-7.33549            -1.00794            -9.25737
-8.52619             8.41904            -1.75174
9.90322              4.4676            -8.17546
-6.75931           -0.351986            0.694344
-4.15937             2.35611           -0.793542
-4.87321             4.01924             8.32878
8.22815             1.46944             -3.4161
-5.67555            -9.88794             2.45361
9.66922            -7.64877            -7.05916
-8.21991            -5.79315             7.59867
5.64159             4.26978            -6.44257
-4.14132            -9.88542            -6.25345
-9.02286            -5.94004             1.69157
8.16704            -4.03808            -6.72071
-3.06478            -9.24642            -4.58254
3.51371             7.75454            -9.83627
0.568115            -7.56276             3.84616
-3.9202             9.58219              2.4175
7.07442            -1.26179             -6.2501
-7.02261             6.28594             2.04052
-4.87905            -9.62739             9.51404
0.0550022             5.60607             -9.7477
3.0307             6.50752            -9.70218
3.74198             -1.6304            0.444309
-4.44879            -1.98806            -2.84254
-7.74914              2.1046             -2.7179
-2.47527            -5.29074            -4.12549
-0.342342            -5.00286            -1.34152
-5.8487             3.60856             5.91473
9.48408             1.24893             1.59882
9.42219            -6.91157             -3.8447
2.58186            -8.90822             4.35316
4.02988             3.77217            -3.27068
-8.39161             7.31044             6.99595
6.5643            -3.63397            -4.91498
-8.60159            -4.05682             5.46807
1.42338             8.31956             -2.7461
-0.484142             9.41538            -5.25635
-8.40719            -6.16931             7.38881
6.3939             7.70128            -5.83345
0.861415            -4.96804             7.49256
1.05814           -0.740852            -5.13561
-1.09417            -7.85732             1.97873
-7.39936             9.41999             -8.1986
-5.16881            -7.96934             2.18829
2.92583             2.51728             7.96521
5.21962             9.40643              -3.865
8.82015            -5.36233            -7.56218
-2.50015             6.22085            -4.84076
8.70595             6.03082             8.11297
-2.72807             1.90536             2.93447
6.25919            -6.68455            0.416022
-0.110691             -5.1127            -2.44065
-4.08267             1.58284             7.34665
-4.17285             9.81884             -3.3705
9.28792             3.37203            -6.21852
-5.78742            -6.55549            -8.79994
-4.46727            -7.33607            -3.06189
-6.12593            -1.41806             1.26233
-2.41284            -9.06753             -6.9491
9.85436            -6.50998           -0.418723
-2.02562              6.8757            -9.63793
5.96957            -8.75233            -3.15417
2.55872             8.30481             9.37498
6.21047            -5.35136            -4.44012
-5.47867            -8.40636             3.72247
4.04758            -4.35947             5.01534
6.54564              1.4982             3.38453
6.26867           -0.316483          -0.0333696
9.78364             4.94067             8.48094
9.96533             6.88427            -3.74979
-9.62267            -9.19587            -3.45532
-3.62035            -4.81498            -9.16371
-7.69548             7.58876             6.36146
3.13954             -2.8051            0.976578
8.75341             1.08806            -5.05819
-3.40312            -4.45388             7.15598
-0.872644             -1.8312             5.06934
3.93135            -6.57688             -1.6061
-0.0371171            -1.04746            -3.15848
4.43674             4.16752            0.471554
-2.12865             9.14696             5.81402
-6.49584             6.06672             5.74562
-6.71889             3.85174             6.64505
7.65381             -6.3195            0.449015
6.38886            -2.67366             9.95071
-9.03687             -5.7719             8.04807
-5.0318             4.70935            -2.18775
-9.60191              4.7665           -0.787437
-2.4086            0.996104             2.11004
-2.17999             4.97279             2.18931
-4.6804             7.54946            -4.25635
-3.91509            -3.62523             8.99504
-2.73566             7.29246            -5.58621
-1.92441             2.78169             4.22736
2.38606            -2.82077              4.8326
9.42547             6.80794             -7.3931
-3.39364              8.5261             9.26874
7.87479             7.53621            -3.19899
-3.51995             0.95375            -7.00127
8.48916            -6.54205             5.62642
-1.31993            -2.20269            0.573294
-2.28398             2.60447            -2.69626
2.14132             -2.2279            -9.14846
3.90918             6.99391             9.19339
-1.17719            -4.68036            -5.08454
1.94951             5.71832            -1.06483
-2.44941            -9.20863            -1.12579
-7.62693             1.19464             6.74237
8.90767            -9.03589             4.64974
7.23877            -4.29689             4.80337
-3.87971            -2.46221            -1.21943
0.0874748            -7.50915              9.8278
-4.24072             6.42124           -0.471146
0.949571             3.55127            -2.79591
-1.73143             5.58298            -4.64812
3.02955            -4.09419            -8.44026
9.45984             8.82159            -5.39158
-1.60848             9.84079             4.79626
-5.25739           -0.562687            -1.10994
-5.08399            -6.49383             6.51693
6.0461             7.16982             4.88019
-2.95973             6.46583            -2.90689
6.73892             9.30483            -4.18665
-2.78478             8.36598             8.84899
7.35731            -2.76412             -6.0905
4.95855             3.91081            -9.74423
-1.30679             2.17585             9.21118
-5.71409             9.34524             5.86813
-8.53527             5.87802             6.27968
-7.60793             1.87078              0.9494
-3.03974             9.82045             1.78775
-9.38478            0.533145               6.487
-1.61131            -9.40809            -4.52367
3.98624             5.21237             6.05574
-5.57501            -8.78411            -4.56278
4.14521            -1.49818            -5.43933
7.36885             1.92038             7.52923
1.92498           -0.996629             6.20608
-3.33313            -7.18914            -4.02737
-3.33106             9.20197             -5.2408
-1.57181             7.67416            -3.41541
2.18988            -8.89551             1.91514
-2.2319             1.31012            -4.11641
9.84632            -2.71948             -1.1548
7.86006            -6.96245            -2.42298
2.62375            -1.98399            -8.77931
4.8448            -8.78979            -1.30666
3.36908             4.60043             -5.5444
-3.6215            -6.41213             1.86613
4.96252            0.273653             6.30934
9.46826             9.92893             3.58037
7.98886             -2.0464            -2.66277
2.60396             1.50753            -1.72997
4.9004               -4.23            -5.98229
-8.32169             2.24582           -0.489857
-2.70819             9.40407            -1.28054
-9.35317            0.135256            -8.10751
-1.49899            -9.88032             -4.0751
-3.97773            0.088873             8.79487
-3.78044             4.55129             2.57274
0.144538            0.240578             2.70103
7.03467             3.85923             6.11466
8.78861             4.50969            -5.82873
1.95674           -0.988416            -3.70421
4.92178              1.2747             3.72863
-2.61906             9.39434            -7.34798
-7.24798            -4.81172             9.13905
3.3865             8.72058             3.59874
-4.93206            -0.96318            -8.14297
-1.45962           -0.853021            -7.64248
-6.4171             -7.4886             3.46192
-7.5543            -4.96762             1.12662
-1.44597             7.71374             8.64921
4.90765            -9.57142            -3.03056
-2.36349             -3.4296             2.06589
0.647018             6.40081             1.81685
8.52989             1.24056              7.2663
2.28651            -6.77369               -4.89
-9.7869             9.39861             6.19794
7.35484            -9.32865             4.86151
7.12296            -8.66206              7.7906
-1.17522            -8.39804            -6.77804
-2.40275            -5.90597             7.95135
-0.565341             1.75937             5.12593
2.13734              1.4409            -8.41079
-8.3471             4.27862            0.556626
-9.76785             3.38091              9.7633
1.52688            0.588929            -1.72125
0.20399             2.96488            -8.94071
-7.28436            -1.30279            -3.07353
-0.316493            -4.45489             7.67582
-8.77913             4.00976            -9.31651
0.157554             3.16616             1.77134
3.75999             -7.8899            -3.21544
-4.6821           -0.545088            0.249941
-0.529896            -2.30008             2.49877
-3.23935             9.00032             1.71581
-4.85873             2.53089            -1.60215
-9.63306            0.305618           -0.433529
7.19748              -9.716            -9.64424
5.3137            -4.69495             4.33813
-3.11577             5.36191             2.27512
6.91736             1.57376            -2.93286
8.91615             9.99822            -6.60005
8.69132            -6.26082            -7.59954
0.591448               8.047            -9.85754
-6.75536            -8.38629            -2.99488
5.94196             5.95822            -8.04751
-4.77804            -1.71392            -5.86711
4.63817            -1.19128             8.93259
-0.812319            -2.60331             1.71259
5.21083              4.8497            -3.50829
5.89231            -4.61549            -1.90704
1.55845            -7.55314            -2.04879
-4.22342             5.31947           -0.416686
-1.76118             7.20046             8.69768
7.58621             5.82516             5.87629
-7.93847           -0.791483            -2.20519
-1.44117            -8.65303            -1.29366
8.56358            -1.89739            -9.57526
9.02863            0.983048             6.19879
-7.01637            -1.28319            -4.16386
5.41945             6.84396            -7.76923
2.53916           -0.829122            -7.05304
-3.54305              7.7615            -2.08994
9.59159            -6.08741            -3.33868
-5.06106            -2.41508             8.80439
-1.22351             3.37058            -1.97268
-6.49593            0.742756            -2.37455
-6.45268             5.35935             5.36488
0.466624            -9.73672            -3.33351
7.77043             5.17432            -7.50001
2.87752             7.79071           -0.322151
-3.40895             -2.3476             4.41872
0.589052          0.00323403            -7.88886
-7.49488             1.44332            -8.30026
1.43167             6.19837             8.20437
3.46149             -9.3104            -5.57431
-3.35138            0.415244             2.82803
5.79485            -8.34175             5.38953
-7.81342             1.99493             4.52833
8.52401             6.27176            -5.17508
-2.36023             2.32556              3.0986
8.75563            -3.42863            -2.78712
-3.7159           -0.968067             3.37039
6.25056             4.97651             9.46998
0.42144            -9.58227             -5.0675
-6.98436             8.82516             7.34669
4.65391             4.86994           -0.415078
2.26488            -5.33279             3.27123
-4.18968            -3.28905             7.36277
4.80593            -7.40206             8.39463
2.81519            0.852138            -7.71064
4.53022            -6.27343            -6.32342
-9.88521            -3.44955             8.83979
-3.27953             6.67285            -5.69197
7.82551            -8.23749             7.55093
0.380152            -8.39072            -4.10565
4.56578            -3.86107             8.14923
-1.59604             9.36508            -5.47153
2.36046           -0.580642           0.0751182
-2.20961            0.541011            -6.75414
-2.81744            0.931908           -0.815112
3.7807             6.51355           -0.785371
-4.70809              6.4116            -4.67124
2.99299            -7.46215             4.62275
3.32863            -2.47724              6.6067
5.14147            -1.59112            -6.69734
-5.60829            -7.39299             8.40758
6.84288           -0.880871            -4.95185
-5.30157            -7.29561            -5.10527
6.81216             1.44144            -8.21142
1.63548             7.38507            -4.68587
6.83274           -0.866217             4.63491
9.21235             1.74775            -8.36042
-1.33143            -2.48741            -7.97327
2.16437            0.243014             1.51119
4.63321            -0.02534            -7.87243
1.72082             3.89092             3.72783
-8.24842             8.39806            -4.03615
1.81591           -0.608635             3.68492
3.85926             7.53109             2.46446
9.10234            -1.40799             2.89583
2.74757             7.29861            -5.65346
-6.40458             -5.6102             1.80822
2.54558             -5.1465            0.158967
9.535            -4.21072             8.36114
6.00028             4.60927            -4.25795
3.5902           -0.862274            -7.29675
6.05448             2.58371             9.72426
8.155             7.47844             7.73311
-0.78936            0.263214           -0.315048
-6.41211             9.69905            -9.19698
-5.95772             4.17158             5.40484
-5.18353             6.26744             3.63638
-0.51249             5.39289             1.68014
0.669485             8.30959             1.59427
6.45412             4.20137             9.94049
-1.42872            -7.65976             1.30461
-5.01181             8.12909             6.44551
-4.85656            -6.27132            -6.54831
3.10048            -3.12933            -4.33146
-1.10108             1.09473             1.34804
2.17895            -3.13529           -0.135568
3.22689             4.79766            -3.28883
6.4803              1.6751            -4.66622
6.47468             3.10995            -8.42086
7.95139             4.71547            -8.42977
0.704787             1.66262             6.04275
-5.04699            -5.04643             7.84246
-4.1948             7.47218             5.98836
4.13042            -7.70355             0.90389
0.42395             6.63052             2.58684
9.48195             4.75733            -5.16061
7.63086            -6.23957            -5.71257
6.46212             6.82751             3.08545
-2.35387             4.99693             6.93734
-2.98072            -9.70234             7.70439
5.55505            -3.15478             -1.6917
-2.05085            -7.79049           -0.818089
4.06116            -3.31073             5.92029
-0.509662            -4.24164           -0.859221
1.09066             5.03624             9.82557
-9.51968            -1.37943            -7.86771
-1.87907            -5.51713             4.76719
0.653841            -4.98409             2.72731
1.26555             2.07621            0.350561
-9.85598              -3.782             2.55441
3.56226            -2.78401            0.964429
2.57021            -3.82871             3.83619
-1.45061            -3.32881                5.76
2.10366            -3.90928             6.10949
0.716263             5.80532              1.4736
-3.61831              9.2774            -1.60992
-4.55103             7.84623           -0.727564
1.60935             1.83016             -3.7344
-2.24422            -2.64666            -2.45213
8.48249            -3.16667             9.41652
-9.56008            -7.66381            -6.92965
5.01679             8.07974            -7.57432
-6.52008            -1.05716            -6.96276
-5.03065            -5.19223             1.34623
-9.23018             3.69569            -9.32118
9.69871             8.93858             8.99318
4.61957             7.93852              -9.356
9.91805             -2.1924             -3.3157
-1.50611          -0.0765541            -6.46921
1.57702            -6.57478              6.3005
1.09957            -5.11849             1.96623
-6.88633            -4.55266             2.68976
4.36556            -8.40823            -2.04192
-9.52052             9.71759             2.53108
5.31272            -4.75306              3.1663
-1.89749             6.78341            -4.90483
-8.88636            -7.31847            -9.47202
-0.054882              3.4679            -3.61987
9.90827            -2.22591            -1.80228
8.20691             4.57541            -1.53438
0.084979             8.69208            -7.27873
-0.197827             4.04256              3.6032
-8.93961           -0.719241            -7.83152
-4.09226             5.47062             6.41718
-0.29771             6.30861            -6.96715
2.711            -7.26701            -8.42505
-2.58548            -5.40461            -2.01291
9.0472            -5.31196             6.26871
-4.78315              7.7384           -0.370159
1.4047             6.04726           -0.680013
-1.13306            -1.00445             9.71631
7.90567             7.66074             9.37857
-4.1666            -5.78897           -0.372149
-0.583224             5.96458            -2.91912
4.65321            0.883781             4.68944
1.10229            -8.42691             1.99726
3.54897             9.95301            -9.04336
-6.64593             -4.4465            -8.48611
-1.35493             1.21699            -1.57515
-9.92423             2.88232            -5.40484
2.757             4.28387             8.61421
5.29573             2.55198            -5.05979
-0.94869             8.86321             6.06866
4.28671             7.11702           -0.321124
7.75363            -2.11493            0.360841
3.02023             4.12228             5.54506
-6.30255            -6.02623             4.20656
-2.26238             1.38887            -5.70844
-7.43141             4.23398            -4.61405
6.27156             2.45229              7.0926
9.48722           -0.493203             5.93444
9.69593             7.28709            -6.05969
-5.98514           -0.620618            -8.66615
-6.49249            -8.65318             4.41988
-5.0812             4.52198             1.69424
8.03194            -6.03362              4.8875
5.16111             2.46779               -4.73
4.85962             1.77914           -0.228254
-7.51623            -1.21442            -7.62489
8.76318          -0.0839942            -9.24293
-6.21847            -4.95544            -5.14428
-4.3964            -4.72878            -1.71177
-5.22212            -1.41755             7.79476
-3.83428            -5.26799             1.74855
6.34259             6.86094            -8.02313
4.35737            -6.97057            -5.99112
7.97833           0.0240961            -9.75463
-8.67437             5.51937            -4.93441
-9.1316            -7.74104             -8.2033
3.30389            -7.04058            -8.67479
-0.349787             4.67135            -2.10174
8.56626            -7.60938             6.48021
-3.77642            -9.24116             8.33481
-6.34433             5.90829             3.25679
-7.86781             5.49319             8.68824
-4.14805            -7.61933             7.48435
-2.81517            0.558955            -5.38078
3.58937            -5.04164            -5.12656
8.66416            -9.46567             -9.4378
7.79373             7.07551            -3.71293
2.93895            -4.68302             5.95715
-3.45916             9.65996             1.82369
-7.34761             7.53323             2.87418
-5.20661           -0.312057             2.25457
-8.68246             6.29213            -6.46463
