4.54818             2.38808              5.6328
0.0435833            -6.14239            -9.83081
-8.71415             1.93611             1.25438
3.67583            -4.86097             4.06296
-4.02333            -2.22282             7.57679
7.02308            -9.37154            -7.96387
0.662727            -8.64838             9.77169
-9.53448            -4.98157            -9.43173
7.45076            -8.15938            -4.92473
4.19244             -3.2446             4.54177
-6.38534             7.27062             1.60581
4.09758            -7.38684             0.34875
-7.35378            -2.42111             4.08459
-5.53759              9.7206             4.44784
3.02496             5.42248            -9.45063
9.45014              2.7569           -0.611829
5.27643             -8.7656             -7.2229
8.53654            -8.06419           -0.945643
-8.91494            -8.90306            -5.00429
-0.741836             1.43635             1.30061
-2.44395            0.919234             -7.4327
-3.72746             5.25917            -3.81542
1.1356            -2.82512             2.17005
9.94889             8.41057             4.96779
-2.39584            -7.17069              -5.963
-4.5282            -1.76291             1.51237
-3.64098             1.22675          -0.0400576
2.0389            -8.29984             -6.1017
-0.487934              9.7841            -2.95664
-0.819134            -4.48046            -2.32643
6.64975             4.17678            -9.28584
9.03042            -9.09968             4.00823
-2.80741             2.53773             7.66406
-0.333495            -5.34902            -4.43703
2.12601             1.05361            -9.91148
9.84409            0.307115             1.75571
9.60687             2.49077            -8.47721
3.98936            -1.57113             6.98698
0.530615            -3.05532             3.86852
-6.41727            -8.10996            -6.23379
2.65941             4.34516             9.85709
7.77632             1.64498             8.39421
4.19673            -0.23051            -2.53138
-6.42475            0.529595            -3.48415
7.03771            -5.46166             5.44917
6.86777             5.53007             -6.9321
-7.64646            -6.69896            -9.33169
-7.20588             6.48643            -6.32109
9.18919            -6.93191              5.2544
-9.01088             2.57754            -2.14363
-3.78727            0.534175            -8.83846
-3.06073            -3.95686            -4.79713
3.49252            -8.89744             6.06822
-5.99419            -5.35788            -6.74608
7.75417           -0.812446            -4.67375
5.30796            -6.72991            -8.31938
3.72303             7.09041             2.22037
-5.51261             3.13988            0.486786
-4.93489            -8.89658            -4.56073
1.20577            -7.32796             1.14128
6.46795             8.23291             -7.0448
0.751538            -2.74315            -9.96682
6.46913             5.93496             5.86349
-0.819343             6.49339            -7.99518
-3.1697           -0.621372             1.40891
8.4842            -1.61417             5.00497
3.92907            -4.35969           -0.662358
4.61457             4.44759            -2.96361
0.142763            -7.95872             9.42843
-4.82745             9.82918             4.62312
-6.22753            -4.79959              3.3232
6.28789             6.62989            -7.34934
-6.5918                 2.5             8.68669
9.42558             5.84268             4.72275
6.24312            -6.21208             8.81239
-0.0424416            -7.64935            0.811931
8.02494             -6.3877            -4.32283
6.5795             3.82042             9.55111
7.43029             1.11132             5.93288
5.21725            -6.26188            0.316947
9.08917            -6.41056             4.33059
2.99879             5.85359             8.55002
-8.93262               3.195             3.17257
2.70574            -6.05523            -1.71349
7.21842             1.30857             5.67499
-3.1165             7.89648            -2.41656
-6.98999             9.48729            -1.01947
-1.80689            -3.62613            -9.33973
-2.51708             6.64311              8.5038
0.0780557            -2.66412             8.32337
-9.906             -4.1837             9.01069
-2.24701             9.54748            -6.42618
-4.62125               7.121             8.37754
-4.32179             7.97858             8.66361
7.96454            -6.60486            0.948745
1.68427              3.4941            -3.75456
6.81691             0.55368            -2.97815
4.29322             3.63763             3.50165
-7.31067          -0.0132844            -6.91586
-6.38152             9.27884             -8.3564
8.97142            -3.41185             3.39961
8.174            -6.10445            -1.56011
-3.17693             3.85727              5.4154
-4.84652             0.69045            -8.88818
-7.45396             2.91387            -8.37958
-6.20248            -3.50719             7.59574
-8.19896             6.54278            -3.71013
2.37907             -4.2844            -2.74967
-5.98894             4.57977            -8.58641
8.47572            -9.91112             -4.1157
5.27488           -0.785564           -0.601151
7.25049             -9.8403             6.84265
9.57198             1.01114            -9.94774
1.66301            -2.27085             4.25587
-9.53919             -8.9674             9.32184
3.81             4.52554            -9.49467
8.22384            0.528318             -6.2949
2.19815             -8.3125             1.54288
-3.80232            0.268588             4.20396
-8.08739            -1.59241             8.06268
-5.32169            -1.10607             6.32766
-1.71905            -8.92736            -6.67254
-1.28511             7.45524          -0.0130283
-1.50109            -9.92418            -4.00913
-4.8072             8.99427            -6.63885
8.39491            -3.53733            -5.32784
-8.35806            -4.61731            -6.68054
-2.76991             -4.7297            -4.67764
1.73838             6.46625             6.94371
-9.93461            -1.64001             6.85873
-8.65087             3.98802            -8.07587
3.42187             5.93469             1.72328
-2.73046              -8.955             7.39732
-0.322303             9.39331            -8.69061
6.29338             3.11423            -8.94784
-2.69328             4.83187             4.84264
-1.34445            -5.99603            -5.07671
-6.68244            -4.03389             6.35974
-8.78133            0.382752             -7.2815
0.985823            -5.09032             2.78941
7.67935             5.26749          -0.0191696
-4.98768            -5.59049             2.91711
1.99882            0.576528             6.44564
-1.63152            -9.04213             8.05343
-1.3995             4.98918            -6.73518
-8.83523              7.9536             8.71384
-4.94393            -7.69641             5.14067
-0.447971             5.06422              -8.481
-4.30213            -4.34667             2.16324
-8.93934            -8.86288             5.13765
2.54455             7.51948             8.85572
6.97638            -7.18679            -2.24603
6.16224             6.17892             6.26506
-5.06959             2.12482            -2.60836
4.86334             6.76463           -0.885168
6.97671            -2.73718            -8.60552
0.850586            -1.69141             5.87785
9.89225            -9.54109             7.48401
2.03337            -1.21588            -6.83168
9.70001             8.96097            -1.88049
2.44811             2.82205              7.8285
0.796852             7.46208             6.81531
-9.49897          -0.0542765           -0.276121
5.36771            -4.67545          -0.0566801
7.54855            0.051698             2.71045
-5.0129             5.03822            -7.19725
-10.3853             8.25623            -4.36768
-6.09708             -7.6274            -6.86762
-0.528709             2.61068             -3.8041
3.35373             8.40962            -5.66515
1.50156            -4.74952             6.06452
-4.36517             3.86197            -6.95551
2.90157             8.95937            -4.59402
5.28976            -9.18449             8.41578
7.2487            -8.10907            -7.85366
2.41024             9.67883            -3.90806
1.84844             3.03016              8.2633
0.957582           -0.359091            -6.62232
-8.41912             7.11584             5.04569
-5.98189             2.49632             1.81365
1.68314            -5.92782             1.37301
5.2389            -8.22964             4.54693
-7.55126             8.32936            -1.13771
8.53555             1.01432              7.6688
-6.33564            -7.71015            -7.93262
9.59243             3.88913             8.45682
-2.27515             8.02139             1.44521
-7.57239             1.29073            -7.78633
-8.3585            -8.47189            -3.92976
1.55085            -2.54548            -2.62763
4.04581            0.477404            -6.70319
-4.50826            -9.12156             4.04438
9.86332            -4.37033            -8.91117
4.848            -4.43575            0.753456
-5.2596             9.81328             -6.2474
-1.68493             4.87294             2.81021
3.21332             7.39189             4.53135
-4.25484             5.06663            -8.55671
-7.28572             -7.8107            -3.60113
-7.27972            -1.74362             4.64849
3.22438            -3.79011            -8.73102
-1.72943             9.06931            -5.52091
-4.83424             -4.4407             3.08789
-9.71479            -3.40564             4.38799
1.67097             1.52253            -2.30162
-7.18362            -5.55797             3.42992
-0.555005             -3.9021             1.08615
-8.70173             1.68655            -2.23588
5.4716           0.0523797            -7.17158
-7.80449             8.76984               -8.11
-6.87814             2.70398          -0.0226377
-5.60284            0.653668             5.33467
1.04915            -3.66018            -6.17153
2.69032            -1.69496            -1.40722
0.169799             2.57575             8.82955
-6.52686            -7.72344            -7.70418
1.86337             2.04881           0.0975978
-6.49662            -7.54629            -1.75925
6.79686            -4.90969            -7.98609
0.608449             7.94942             -1.9475
2.35076            -7.72999             2.91831
5.53334            -5.77253             8.93733
-8.37248             9.23184             3.24546
3.84834             -2.0937            -7.97938
0.890504            -6.27922            -1.90289
2.95881              7.4793             1.51118
-5.16369            -2.71187             5.27329
-1.65649             4.86416             2.36402
-0.555024            -7.04624             2.08036
7.41719             7.89098             4.61536
9.11287            -3.12813             0.19426
-2.45375             3.90225             5.47571
5.90276           -0.995452             3.16963
8.95936          -0.0503502             1.21874
8.94211            -2.08632             8.06587
6.02118             5.67275             6.75314
-6.68544             4.11142            -7.18491
5.70419            -6.19705            -1.09127
-8.9021             1.15943            -3.66587
4.58914             9.01049            -8.58877
-3.78212            -1.28786              5.3096
1.08888            -3.77491             8.54715
1.91991            -7.80036            -7.60554
-4.00512            -2.44638            -7.82135
-4.42114            -1.28854             2.97791
9.60043             1.03271            -7.76447
-2.8525             3.04217            -1.18289
-0.396318            -6.08467              3.7435
-7.47311             5.70919            0.432968
9.78721             7.96755              5.5776
-8.25947             8.97995             3.57739
5.49646            -4.14568             4.33043
1.56352             3.36821            -8.80849
-0.614663              8.9208            -4.53562
-6.403             -7.2356             4.75769
-10.2037            -8.88713            -8.22785
-0.2708             3.74855            -8.38525
-8.79791            -3.15208             -7.7079
2.83569            -6.00665            -3.44755
5.20888            -2.28615            -3.93481
0.552892           0.0779166             8.79792
-2.66364             -9.1686             7.49344
-8.06666              8.2023            -9.16776
4.15957            -4.99472             4.56729
-9.84102             5.57576             9.28788
5.93227              -7.244              -3.308
-0.829731            -8.14921             7.19625
-2.27949            -1.71642             8.70501
0.884979            -3.31176            -7.32047
-4.55026            -9.37238            -4.94341
-0.322601             6.01484             4.92423
-0.779348              9.6548             6.36986
-2.45191            -2.54079             3.39221
-6.61113             7.63785             8.54414
-9.53747             3.42538             1.99882
-6.08323             9.74578            0.948035
-3.11238             7.74576            -2.04338
-2.29494            -4.86255             5.86448
5.89683            -5.24791             9.13399
5.07607            -9.14639             4.80578
-2.42663            -5.68372             5.81091
-6.97589            -1.73722              8.1283
-8.46777             9.44335             7.58215
1.08143            -0.62769            0.876671
-5.44896            -4.60082             1.87818
3.88414            -8.48115             8.18973
0.741739             -7.0345              1.5245
0.32642             4.57618             6.92544
8.17131             3.05218            -8.67489
8.89091            -9.46878            -1.85062
-5.65189            -4.48372            -2.52157
3.13498             3.13067             5.09475
7.34148             4.36713            -1.93832
-4.63471             9.95444             9.59177
-3.52381            0.235678             7.29148
0.123225             9.38679             4.95985
3.49551            0.783603             -8.4909
6.09366             7.41572             -7.7663
-9.74765             0.62819             3.24222
7.52332             -1.1377             7.67068
9.91247             0.48454            -4.92592
-4.30903            -8.76526             8.72906
-0.889033             7.42941            -5.56612
-1.75018            -5.83782             6.74653
-6.56238             9.18017              1.3354
-1.79108             4.40841             4.13424
8.90772             8.80535             3.74011
7.90322             3.98157            -8.90483
-2.39648            -7.63278            -7.89916
-4.96987             7.98833             8.28332
9.15461             7.59493             5.05149
1.03217             3.05092            -7.79785
4.04688            -8.91717             2.12876
-7.42841            -6.31146             2.94669
-4.896            -3.79078            -6.12171
-6.47385            -6.21228            0.452614
-4.67952            -5.30476             6.24839
0.397526             6.79137            -8.66611
-1.92411            -3.45396            -4.88483
7.69495            -8.36045             4.20015
-1.74255            -9.59137            -2.16495
2.46445             6.02421             -2.3632
5.33248            -1.28831             1.42073
-5.80464            -3.44976             -7.6914
6.10627             0.68392             3.26313
6.64738            -8.76364            -3.57943
-4.86409            -8.80938             2.66662
-2.98593            -6.38901             7.41767
-1.8832             7.74263             1.28371
-5.59877             9.64389             -5.7804
-9.52545            -5.87247             5.58713
-1.16069             3.55308             3.87504
-0.530564              -3.047             6.25762
3.8986             -6.4535            -6.41663
5.89485            -7.02555             8.03659
-8.13371             3.61906              8.7786
6.26512             7.77752             8.06982
-7.42768            -9.20356             6.63331
-3.31406            0.421409            0.130382
-4.85837            -4.86011            -9.01406
8.01707            0.430133              9.0432
9.61902             1.91126             7.92074
1.38218            -1.18236             2.95459
3.63375             9.37215            -7.48877
5.44449            -3.29361             4.30098
4.00696            -1.72903             8.93853
-8.10351             6.64303             1.86524
1.53165            0.322688             4.67282
-1.94895             5.93141           -0.151439
2.76926              3.7552               -5.31
9.77035              5.2879             -7.9992
-0.0909808            -3.33222            -8.30829
4.86605         -0.00218663            -7.33175
1.67062            -3.99398             3.53524
-7.19132            -6.97828             6.53208
4.32924             -7.7775            -3.91598
-3.49218             6.72373            -7.93099
9.48536           -0.439365             2.77955
-0.466871            -6.55571             5.10498
1.12797             8.92276            0.614105
6.85695             9.53814             -6.9687
3.66296            -4.11199             -3.9092
8.13693             7.63416           0.0923629
3.13955             6.84841            0.355622
-1.10377            -3.43472            -1.52781
9.84722              9.8533             -2.5192
9.44807            -9.37213             6.15357
-5.68353             3.21672             9.27309
-8.43886            -4.74169            -1.52685
-7.06938              9.1981             2.62684
-0.736954             2.92441             4.94111
3.30585             1.69372              1.2815
7.45961              1.0816            -7.95165
6.01147             4.79088            -8.00674
0.36002          -0.0445719             8.38146
3.69905              2.9503             6.46013
-6.41887            -6.43036            -6.32881
2.0876            -8.93636           -0.260443
3.15077           -0.861765            -3.89592
6.03279           -0.278515             -7.9741
-1.45957             1.17706            -6.01052
1.51866            -5.18284             7.70212
-2.9885            -3.10683            -5.65996
-1.09552            -6.76274            -4.61726
7.73733           -0.909595             1.30167
-1.42098            -6.17634            -5.48665
-1.15394           -0.020121            -9.51282
9.84045             9.78446           -0.769928
-7.82368            -5.18391            -5.87489
1.93171             6.33538            0.384373
-7.678             8.84266             5.92879
-7.82875             3.93636            0.978304
6.35888              9.1666             4.28702
-1.95812             2.83887            -4.01526
7.34122             -7.5874             9.27425
-3.32292             8.29581            -2.94432
1.65858             9.27471            -5.16114
-6.55156            -3.12629            -1.67794
5.0332             1.80487            -5.38837
5.53173             8.96142            -2.87221
-6.74656            -6.90316             8.88819
-6.99717            -2.73735            -4.03032
-2.79114            -8.68985            -8.51066
-9.40004            -2.68406            -8.38555
-9.76039             9.95323             1.39217
-1.73923             1.26145             -2.0985
2.96209            0.943069             8.47428
7.4226             2.78666             4.94554
3.71391            -6.49137            -1.34496
-9.96327            0.624294            -6.51138
8.72284             7.05995            -8.04124
0.273239             2.89748             7.71176
8.98382             1.46582            0.232441
-4.92254             3.71783            -5.54496
-9.66048           -0.781813            -3.93943
-9.38016           -0.021392            -6.78855
7.20443             9.32486            -1.62272
-9.45427             6.82902            -1.74083
-0.864784             6.71876            -8.94628
3.95504            -2.22559             7.31796
9.03883            -3.98401           -0.545864
-0.472577              4.3377           0.0959859
2.97571             -3.8818             8.05812
-2.02203             2.50845            -2.72182
-5.10668            -9.88147            0.695523
-5.32813            -9.09906            -3.24536
-3.14555            -5.22336             2.11191
2.39435            -4.15141           -0.381553
-3.48188             3.57319            -5.61617
-6.34914             7.25473             -8.9694
5.12324             4.47347             2.91048
-3.86633            -9.15899             -2.0853
-1.36886             1.44528            -6.15354
-6.38132           -0.040368             8.20984
5.32835             7.95057            -7.84355
-0.0914594             5.16079            -6.06582
-5.72182             2.63982            -9.91933
2.34634            -2.52394            -4.02769
-5.13371             3.50592              1.8811
6.26604             2.00984            -1.13978
-0.0479369            -1.94999            -1.44482
-8.80043            0.936962             2.51791
8.0766            -3.59635             6.64573
-4.76315            -3.95642            -3.83116
-1.58133            -2.45218            -3.13071
9.24136            -8.33282            -9.15509
6.70259             4.85437           -0.864111
9.03879             8.40454            -6.23457
-6.66907            -2.38123            -3.04791
6.30478             1.80259            -2.71939
4.22733            -1.13731            -9.78835
-8.52917             6.93597            -6.60985
-8.37817            -6.41031            -9.75423
-9.49885             8.98334             5.92581
-1.59253            -2.68211            -5.91302
7.87368            -9.78728            -8.00732
4.64574            -5.36574             2.91388
-1.22437             8.04911             4.11781
-5.76413            -7.85946             4.22712
-0.786482             9.78323            -4.09998
-9.77444            -4.66757            -5.32407
9.24315            -9.46782            -9.66413
-1.10172            0.346805             7.19095
-2.59001            -6.25122             7.16814
8.89516             5.70571             8.62824
-7.15234             2.74912             7.58864
-7.8759            -8.65697             6.40966
2.38493             5.45967             2.77129
7.41783          -0.0428286            -8.36012
-0.931624            -6.40293            -7.94961
-2.11452            0.137289            -8.83313
6.98059             -7.7753             1.08478
5.25903            -1.57187            -7.83391
-2.43981             5.72004            -8.28123
-8.11742             6.71374            -8.45941
0.579947             8.36853            -9.32258
-8.28184            -5.18514             9.39114
-8.23506            -4.78432             9.03048
-0.0586619            -4.60554            -5.71506
-9.19072            -1.44794             2.02627
-6.11974             7.86542            0.432064
5.32261             8.46514            -2.97117
2.88043            -5.23831             3.80295
5.91259             4.79998             1.61026
8.96528             1.04789            -5.30815
1.14251            -1.30345             2.19339
8.4459            -9.09168            -5.56838
4.68043             -4.9894             6.67596
2.62437            -9.51609             6.66432
9.97702             6.12276              4.3678
9.36878            0.552756             7.76663
9.81195             9.56315            -8.40693
-5.05618              6.2591           -0.850695
3.01313            -3.84976             9.47389
3.84307             5.20549            -8.40373
8.68579            -6.70914            -6.14551
2.61827            -7.39389            0.446205
4.11622             3.87911           0.0796426
-4.68356             6.65609            -4.13578
3.55574             8.98139            -9.60457
-8.52682            -8.39886            -5.55406
-8.66877            -7.29634             8.37745
7.8604            -6.09804            -1.19066
1.68291             1.35764            -8.47569
-5.23586             4.46991            0.812616
7.67313             2.20015            -9.36527
-0.196278            0.377382             9.03658
-8.64519           0.0268608            -9.84466
9.4692             6.00665             7.51182
3.81845             5.30178             5.85033
-4.97086            -2.35203            -9.38084
4.82915            -2.57385            -1.31762
2.15348             3.42905            -8.13838
-2.67314             6.13205            -3.95903
2.83352            -8.80055            -10.2448
-8.44627             -5.7939              1.6642
-5.17402            -1.73646            -2.99256
5.29597             8.87461            -3.44373
6.95739              9.6246              4.6257
-7.20062            -1.49933             6.39091
-3.48947            -6.69758            -6.72789
4.63714             1.39811            -7.08219
-1.92241             6.22399            -1.45515
0.586656             6.95274           -0.411381
5.70862            -7.41662            -2.81548
-3.31088           -0.922843             4.24666
2.67317            -7.72799             8.39062
4.37125            0.921465            -4.97682
2.26986             4.69381             4.96174
4.77489            -8.53851             8.87797
3.56933             5.60625              7.8066
1.30776           -0.515088           -0.780687
-4.56205             9.02803             -4.3163
-4.33888             5.83417            -9.98446
-5.39234              9.3007             2.32586
7.73519             8.09913            -4.98061
2.95088              9.6662             9.62963
-3.8671            -9.58652            -6.50341
-9.52238             6.44292           -0.298041
0.68073            -2.11164            -3.93831
-6.97764            -6.52108            0.117637
5.43611            -8.84867           -0.741737
-5.56332            -3.04996             4.46132
5.67459             9.35769             8.77734
-7.6727             7.71233             7.74264
7.37056            -4.98526            -1.00413
4.15672            -9.06005             -2.7115
-9.02643             -8.7547             6.24446
-3.26668             7.62983             2.75294
9.81071            -6.12355             4.86464
-9.7567             4.02444             2.16469
-5.53997            -6.26093            -2.63706
-8.29724             1.12063            -6.99089
-1.15868            -4.00965            0.773022
5.91299             5.88252            0.606339
-4.83352            -4.52142          -0.0244494
-9.18424             1.98686            -5.86955
-3.72397             7.54081            -0.28269
6.42286             -9.0805            0.324371
7.35329             3.87421              7.3772
4.30695             6.00817            -4.50643
-9.52648            -2.82416            -2.41809
6.49034             6.89578           -0.407437
3.69456            -2.70117            -3.09998
-2.28484            -9.47274            -1.63187
-4.67705              9.9294             7.99302
-7.10488             0.88303              7.1014
7.8927             7.16313           0.0174484
-7.39128             7.78223             2.71777
3.57129             8.14875             5.78074
5.35222            -4.73876            0.894288
-8.34729             6.18129            -2.87831
-4.43592             3.43662             3.95501
0.543223             -0.2202             5.27591
5.08736              4.3795            -5.08922
-7.06919             3.50773             7.07345
2.57414             8.87742            -3.35401
1.17962             7.28564             4.86495
-0.784645             1.70498             3.04889
0.882878            -2.03144             9.21013
0.875043             3.28488             8.54122
0.205413             3.58795            -1.39943
-8.77076              -4.254            -8.89402
-5.08617            -1.14054            -8.80031
4.59193            -7.83748           -0.372731
-8.3479             4.76589             9.08487
-7.44434             7.74097            -6.98628
4.65322             3.83065            -9.97703
5.01579             9.94869             8.83581
5.48465             7.58462            -4.23907
2.83196            -3.69234            -9.02267
-0.497466            -3.84324             -4.7795
1.6339             -9.8628           -0.603809
-1.63764             4.73696              -4.615
-9.53499             9.79956            -1.82408
8.93104            -9.09767             6.27606
0.175818             -1.2049              8.4939
-4.13257             -3.2308             7.72375
-4.20655            -4.26141             2.05596
0.135565            -2.16951            -0.71442
-4.57644             7.95591              -7.462
1.8002             9.91779             -8.5093
-0.894782             2.46754            -5.82237
3.91826             3.83109            -0.84601
-6.90413            -9.19113            -9.73725
4.31266             1.94341           -0.981753
5.76644            -7.10344            -6.75944
9.78388           -0.650042            -6.70329
-2.86681             5.87765            -3.79644
8.71446             6.70442             2.85281
-0.957134             9.77207           -0.035531
7.33555            -2.58139             6.45503
-7.11699            -8.52306             -8.2749
9.91309             8.58788             8.84376
-4.69085             5.53952             7.17953
6.55419             1.33872             6.01658
-6.37414            -2.12073             8.84925
7.75295             6.59317            -1.04156
-7.03207             -8.2596            -9.05448
-2.10029             5.53026             5.84747
-3.91207             6.11667             4.39393
-7.63024             1.18695            -2.93096
8.73612             8.57221            -1.02784
2.24282             3.70053             6.64112
-3.75276            -5.39233             3.68227
7.11092             3.64337             -4.4989
3.00691             1.38873             8.30026
5.66401              1.0301            -2.75269
-8.15304             1.95956            -9.91784
-5.02528             6.53052             4.92798
7.10904            -6.00913             5.20076
7.83271           -0.554065             2.23955
-6.81491            0.831723            0.511172
6.56092            -8.49406             1.48459
-3.73553             4.99923            -6.88252
9.69928             5.10311             4.80848
-1.02975             1.43289             2.41903
-9.71963             2.26026           0.0992046
-8.95588            -4.63503             6.71984
9.53799            0.526908             5.56403
-1.44168             7.86956            -9.89172
-7.37578             -8.4712            -6.70505
-6.77155             4.23766             7.29851
-2.16101             6.67751             6.64259
2.92879             8.54469            -4.25075
-0.100412            -5.00515            -2.90141
-7.42963              5.7101            0.762504
5.82531            -6.41495             -3.1353
-4.43294            -9.35772            -3.41639
3.69441             3.88655            -1.08498
-9.10045             1.68399             1.80571
10.0179             -9.3092             -5.9136
-8.39404           -0.650763             9.44626
7.18616            -5.06087             3.63124
-9.95236             3.48872             4.27916
-5.93507           -0.183416           0.0130975
-6.7415            -1.86835             3.32264
4.70767            0.614635             6.57618
-0.879222            -6.55328              2.6814
-2.75782             9.19933            -7.88769
7.94375             4.47285            -5.10409
-7.45516            -6.85691            -5.58046
5.08888            -5.40705            -6.15104
-9.55747             3.87486            -7.30961
3.13969            -6.98336             7.31396
8.62763             -9.1086            -6.60694
-5.2765             5.39841             2.29842
8.49231             9.24314            -4.43652
-5.02317             2.87632           -0.737242
7.67971            -6.19726             4.86764
-5.14703            -3.22319            -3.72094
-7.54758            -6.99434            0.192046
7.68743             4.35604           -0.974879
-7.44165            -9.41342             2.39092
4.55593             3.89985             6.64312
9.58204            -9.52057             1.78769
-0.525694            -3.67295            -2.57607
9.91167            -3.35503             9.96632
5.95974             5.48198             5.08452
-4.20785             9.98576             7.02976
-5.93889             5.39922             4.25743
-3.36514            -2.57798             8.85869
-2.14038            -9.92985             6.71623
1.12239            -3.99838             1.44308
-2.47098             -9.1531            -4.93812
8.78172             2.62985             3.78313
1.61453            -1.11995             8.26251
0.686262             4.18683            -9.85653
3.26349            -8.90794            -8.07669
-6.07986            -8.22329           -0.455919
-1.59674            -7.96245            -4.35469
9.63453             3.43752              -9.814
2.57334             6.85561               7.263
-9.38006            -8.03577            -6.13297
6.66871            -4.56687            -6.14992
9.479             7.71631            -6.70363
-8.92516            -7.46027             2.54617
1.56896              -8.435             1.33336
-1.05467            -4.57588             6.85882
3.35035             4.54322             2.43483
-8.63919            -1.72568             7.80663
-6.67785              5.4677             -7.9396
3.81775            -1.91037            -8.09943
-0.510771            -7.87128            -4.21639
7.39063             5.07509             4.27691
-1.92718             7.92259            -4.00217
-4.43577             5.33658            -5.75952
3.84158            -5.46235             -6.5316
3.96246             9.79865             3.49426
6.03251            0.584044             6.37449
-8.08923             8.38627             7.08174
-8.41414              9.6681             2.18407
-4.7303            -6.24219            0.471155
-6.80857             0.26817            -9.24014
-8.68345             -2.8397            -1.86536
8.70872             7.41261             6.33636
-1.63003            -2.40968             5.90498
4.98929            -3.68743             1.25045
7.54417            -6.94781            -4.06256
0.516169           -0.592906              9.0445
2.42377            -6.47037             -5.7266
5.76861           -0.657438            -1.33964
7.50381             6.15423             9.41242
-5.58607             2.57622            -9.43845
6.7331             2.54011             3.56126
-6.50215            0.341803            -3.18543
9.37304             8.43653            -7.91455
6.65953            -1.76832             8.86329
6.41354             3.50797             9.91986
1.83203             4.83038            -8.15414
0.734373            -1.23536            -1.91207
7.66989            -8.39127            -4.06296
3.29607             1.55922           -0.493819
-3.26485            -8.11175             2.45427
3.43653            -2.59266            -1.67608
0.29478             5.14444            -9.27361
3.08599            0.173989            -8.46386
6.71231            -3.85663            -7.81242
-0.923221             2.93473              7.8928
-9.64229            -7.89545            -8.15171
-8.55384            -7.84932             1.21787
-3.1286           -0.253518            -8.86744
-1.10099           -0.769035            -5.27105
-0.341569             7.17168           -0.945938
-1.11152             8.45908            0.312251
6.85628             -5.9015             2.67408
5.47679            -8.04352            -1.94351
-6.25195            -6.43657             7.42852
3.06635             6.60206            -1.27511
-6.11043             4.68986             4.16766
0.872987              9.2394            -4.42242
5.00255            -8.38111            -8.01034
0.0189274            -4.79337             3.00882
-0.902417              3.6006             9.54613
4.82731             9.40886           -0.273981
0.711571             4.56559           -0.513906
6.71646            0.271467             5.35006
2.44187              0.4505            -3.71064
9.80984             4.66542             5.75973
-5.6925             9.79134           0.0101517
-4.08603            -6.61066            -2.15184
8.6169            -8.09164             5.15669
7.84848            -1.96131             5.48482
-5.05851             7.22862            -7.59417
-1.74754             1.07801            0.012432
1.72468             -8.9684            -1.49813
1.65466            -9.91432             7.96953
-3.80018             4.83109             4.92854
-3.72007            -10.2089             8.41162
0.410319            -8.82543             7.14347
2.44076             8.89975            -5.29223
-2.11178             9.15574            -5.87722
-1.46865            -4.52293            -4.03661
3.78671             2.41825            -4.82988
1.06092            -1.80017             9.80329
-7.22832             8.14436            -3.61088
-2.0574             -8.7185             1.05371
-9.00048           -0.247003            -4.61107
3.04596            0.869935             8.23262
7.73273            -7.23563             4.31066
-5.31651             3.01808             4.30132
-0.412957            -8.94955             1.00193
-3.72093             9.11717            -3.56043
8.93713            0.632656            -5.25987
8.35329            -4.68303             5.67388
1.68688            -4.44782            0.738875
-4.12218             3.68268            -6.14536
5.00513             6.26511             9.65454
0.344313             3.82292            -7.99386
8.46288            -2.04665            -5.02046
-3.54612            -3.88495             5.50924
6.66226             -9.7335            -4.30795
7.30917              8.5425             1.16778
-3.89664            -9.63186            -5.44965
0.201587            0.865362            -1.97892
-9.66153             6.57837            -4.05523
8.59663            -4.51356             1.43267
3.99536             9.23009             8.90811
-5.09278              1.3495             1.99041
3.84941            -7.16367            -8.46635
5.08213             5.30664           -0.749184
-4.54487            -5.62809            0.605291
-1.33981            -3.53066            -4.63817
6.5709            -1.10493             3.83087
-1.26886            0.953264             4.53622
8.15342             3.96726            -1.51291
-2.98521            -3.12449             2.27147
1.66327            -2.74609             8.16794
-1.03296            -3.87255             9.09772
-1.80703             5.31051             6.11683
6.22156            -4.72983            -8.35952
7.20446             4.32421            -9.38305
-8.78314            -8.79243            -2.03294
-3.80715             5.50748             0.48916
7.40694           -0.419016             7.24042
-2.45604             4.32341            -6.97033
-6.22186             6.36545             8.62408
0.921474            -1.66801            -5.87339
10.0069            -3.53303              2.7018
-8.99529              3.9661            -6.08459
-6.94011             3.24246           -0.971018
3.81205            -4.92716            -4.65764
5.48851             -9.4299             4.61344
4.62814            -2.86978            -3.63371
-7.65758            -2.16786             -7.6898
2.65081             2.33328             7.76857
9.54995           -0.454355             2.54826
5.75948            0.853875             7.27508
9.74849            -1.03197            -3.91321
0.0484055            -6.90549              8.4511
-9.55573            -7.35128           -0.311639
-7.91263            -5.68312              4.9463
-9.07027            -7.08396             8.25613
-3.41711            -9.16732            -2.51589
4.36399            -4.35294             9.35953
8.55393            -3.95911            -7.65048
-8.09933            -4.54048             9.00654
-4.30368            -7.92778            -6.67035
1.37595             9.90692            -5.84783
1.42757            -4.57421           -0.347842
-8.07249             1.67768            -9.79604
-6.47425             5.00537             3.29827
-3.78202           -0.530391            -6.81151
9.13007             2.24715            -7.94054
5.22892             5.75844             5.79833
-0.0564129           -0.841017             -1.7181
-1.98055             9.92763            -2.75287
1.12383             0.73961             7.19614
9.24199            -1.54807             5.78093
4.33666            -6.03532            -1.33827
-0.842335          -0.0802002              2.0884
-3.55534             2.56195             2.17882
-7.5383            -2.51715            -7.76008
-5.41938             5.65489            0.592658
9.22351            -7.45524            -2.01894
-0.0870214             5.79519             7.77049
3.64833             9.30654             -1.8122
-2.37303            0.914591             5.87546
-1.69483            0.410871             4.72928
-7.83501            -3.82251             3.84096
-2.83535              5.7631            0.888769
7.55592             6.32606            -4.36075
9.85129            0.915715           -0.999535
-9.32649             9.18691             7.43937
4.65031            -6.76418             5.87889
-4.12423             5.48677           -0.664552
-1.90575             7.15417            -1.05573
4.07456            -7.45469            -5.54497
3.76594             7.63296            -8.08234
-8.2181             4.26771             -8.4613
9.36919             9.54086             5.42715
-9.70186             -1.6701            -3.87489
-9.7871            -9.47495             7.71522
-7.05642            -4.57916             7.74958
-8.67875            -7.20238            -4.41107
8.32245            -4.04389            -7.98236
7.96031             1.32802            0.858291
-0.813951            -7.63864             4.14941
-6.9419             7.13014            -9.10587
-5.48922            -5.01449            -7.65595
9.27703            -1.69624           -0.108752
-0.401853             9.42099            -8.73342
-9.44761             3.11582            -3.12632
-9.74592             6.28359            -2.75835
4.64038            -1.86445             5.98119
-8.14377            -7.25795           -0.944221
-7.60505             6.94439             8.39786
9.03979             8.23028             4.18849
-0.00685547             3.00061             2.53682
-3.6399               1.387            -8.96399
6.72017            -8.57396             2.76946
-0.982806            -8.12742            -3.18283
-7.02749             8.52497             9.53042
-1.97704            -8.42788            -1.25764
-9.71564            -7.96786             3.66089
6.48146             9.73167            -6.52749
6.92679             6.00093             5.60576
-6.58392             -2.3502            -9.45479
-8.81374             5.37418             5.92648
9.41534            0.327392            -9.09908
1.43522             7.74256            -6.37896
3.59175             9.26907             5.29897
9.35129             2.45074            -7.19494
-5.09347             6.06822           -0.132663
9.40163             5.47887             6.33352
-0.443271           -0.952571             6.30502
7.88068             1.40847             8.71031
9.86956            -1.91957            0.416298
1.9336             -8.1937            -6.54121
-5.45487            -5.10807             7.41694
0.668839             4.37958            -6.72505
1.84831            -6.48246             8.15298
4.91244             8.59413             3.77502
0.555815             -5.2215             4.97829
2.54182            -9.98011             1.27113
9.05211            -8.34398            -5.75704
-2.22267            -6.58528             7.17538
4.62968             9.51829             4.37319
2.71099            -9.67812            -5.73136
-2.42939              4.2322             8.25397
-8.31469             6.39536            -7.81407
-9.69342            -1.37209            -1.61606
-8.35531           -0.535994            -7.34125
0.461838              5.5254             7.66647
-3.04042             4.71431             1.29985
-6.73495            0.860584             4.04451
2.18738            -7.31594            -9.79711
2.97177            -3.64233           -0.919388
-7.78892            -6.62471            -9.39614
3.53011            -9.07825             -9.0008
3.8507           -0.351107             8.20283
-1.07734             0.29775             1.95613
6.00508             7.84206            -2.48233
1.88814               5.902             5.70096
-2.75303             1.82566            -9.16268
-1.34245             3.83928            -8.40769
6.55849            -7.77668            -8.22881
-6.3107            -2.57742             1.13771
2.27276             -7.6228             3.63265
-9.12404             7.13389            -8.78813
3.65659             -4.4692             6.36602
1.23737             9.13606             -1.4966
-0.449274            -6.82044             7.70969
1.44101            -8.49621            -6.01307
-1.2368             -4.2446             7.78228
-8.79543             8.69288            -2.25552
0.765832            -5.92048            -8.28428
3.08252            -1.05301             1.78781
6.02124            -7.26797             -7.0511
-5.19688             8.55766            -9.61326
5.32527            0.295837             7.82855
-6.88645             1.91906             3.14375
6.56639            -2.94347             4.93983
6.66254            -0.20428            -3.63617
4.89283             9.71619             5.88343
1.74185             6.79262            -2.25098
-3.12212            -5.00686             1.62336
-2.86992            -7.62205             7.76775
-9.15667            0.525885             2.11167
7.93402            -1.24355             6.73813
-5.67609             1.10865            -7.29628
0.490962             6.51121             3.89093
-9.60452             -1.1313            -8.14798
-6.06614             4.22134             2.23534
3.90547            -6.15459             9.30617
2.47445             3.65504            -8.67713
-0.150431            -3.63906            0.795766
-7.5604            -5.10639            -5.77278
-7.57493            -5.14863             5.17651
7.18444             9.46169              9.7309
6.96843             8.16679             9.82767
1.9798           0.0628871             9.74255
1.16928             3.49447            -7.69875
3.14983             2.02574            -6.82151
-2.96176            -2.45247             5.56604
-0.918034            -8.43223             6.60742
-0.0376823             1.24376            -2.34165
-2.16931            -6.32505             8.24645
9.00832            -3.92647             2.83576
3.94966            -5.76975             4.22263
3.16951             9.85077             5.44325
8.21914            -7.14242            -5.88078
-5.46301            -6.17687             -9.7959
-4.12505             3.47089             9.82286
9.27125            -6.43812             -9.9537
3.37253            -8.60563            0.167286
-8.16141            -7.28585            -2.14428
-0.651457             1.82222             4.95874
-1.09811             5.48927         -0.00689993
-9.38313             9.50841            -7.92971
-1.69668             1.91643             4.96178
-5.60902             7.00854            -8.39362
-5.52269            -1.87622            -9.02649
-5.8275            -7.08858            -4.87454
-3.1451             4.62894             -1.9383
-1.53147            -7.94744            -9.41154
3.10581             6.38559             -3.2942
-2.44134             8.58576            -3.64976
1.10845             6.76347             3.02203
-8.22             4.12792             7.13196
5.37709            -6.42749            -7.78522
-8.27091            -3.11804             4.88101
-1.06811             3.12096             4.45717
4.30948           0.0766171             2.46177
4.09715             3.86152            -2.20903
-4.00758              -2.752            -3.96637
-3.73898            -2.03229             5.51126
2.47777             7.80377             2.96773
9.51128             2.24151            -6.73977
0.463358             6.44513            -5.67533
6.17571             4.77849             -9.7658
4.01972             2.92779             9.34171
2.43891             5.50692            -6.02982
9.6297             4.71105             2.65753
-2.36294            -7.61254            -8.53713
-1.23367            -5.10679             7.07017
7.61997             0.98879            -8.25231
-1.54794             8.95055            -1.56582
-4.51957             2.26653            -6.64635
-3.5336             9.54259             6.36338
-2.40115             7.36808           -0.118377
-2.97409            -3.68453           -0.407847
-9.96005             8.67161             4.30667
-5.83899             9.43826             7.69425
-8.90922            -2.19502            -3.75556
-0.733378            -4.86922             -6.8042
-5.29915            -5.75123            -3.09218
-5.01854             -6.6255             5.41838
-3.12083             -7.4368             -5.5821
-6.87715            -3.54436            0.332521
4.14477             -2.9143             8.49638
-3.00732             9.03367            -5.05378
-9.30778           -0.994581            -5.96924
-7.8433             6.66346             4.67464
7.84828            -0.64228            -1.17039
2.47341            -5.79341              -9.061
-3.5768            -9.71305             5.49502
4.62441             6.81272             3.96493
-7.36775            -9.25143            -4.24711
-3.24356             1.97939            -5.94442
-4.42819           -0.411198             9.30367
6.13704             -8.8483            -2.84982
-5.16804             7.08936           -0.881257
5.9607            -2.20036            -6.18988
-4.10755            -0.94608             6.83436
3.33212            -7.25667             9.70384
4.11581            -7.83287             2.43176
0.630222            -7.32822             1.49229
9.30774            -1.17794             4.14431
-5.79036             4.95238             3.74532
-4.13322             -1.6751            -6.35155
-6.8081             7.77334         -0.00253124
3.99583             7.14936             9.58116
-8.27787             3.89888             1.32293
-3.05088            0.678589            -7.71018
-3.52635             1.02937             4.66139
-3.88377            -4.47634             8.80929
9.19523             5.19823            0.455797
1.16231             6.65174             1.52755
-4.29852            -3.75527             6.50007
5.12062            -3.00388             1.03547
8.48206            -7.10716             -8.3897
6.97762            -6.34755            -1.30921
-7.00258             -2.4398            0.208819
-5.41183            -8.04205            -8.45092
6.76791              4.9635             2.53617
-4.45164              5.9422           -0.354752
3.19138              4.2866             4.51157
-2.44535            -9.73596            -7.10653
-3.31525             6.45582             7.99228
7.6514             0.18701          -0.0962694
-5.98339           -0.939482             4.37092
6.24916            -8.79626             7.32044
4.66662            -4.64245             3.22977
-3.10454             7.50346             4.24494
2.77395            -1.39413             6.69494
0.193428             7.62484            -9.68253
1.03195            -6.79405             7.11556
7.87797             -1.9905             -1.2854
10.0086            -3.95181            -7.48237
-8.54583            -0.88605            0.914023
3.43099            -2.61574             7.64367
-1.27049             9.71504            -4.83601
7.35713            -4.07131            -2.27044
-4.29926             -7.1429          0.00568615
-7.61371            0.572873            -6.96932
9.24601             1.21852            -4.09041
9.00247             8.67747             6.83478
-5.10648             3.12352            -1.98676
-7.97485             5.40786            -2.85023
9.62143             7.99639            -4.23597
7.613             2.97577           -0.860563
-1.66509             3.28008            -8.43498
7.79288            -5.62014             -8.2563
6.36131             4.47693            -7.24813
-0.595441           -0.474003            0.799698
-6.18452             7.86677            -3.25648
-8.71676            -4.06342            -7.15804
-2.29528             3.05143             8.82395
-3.32944             2.55975            -6.47632
-4.92101             9.25602           -0.902797
6.48766          -0.0893173            -7.62198
7.23148            -4.39364            -2.89785
-8.58571             7.98645              -4.617
-2.80794             1.56408              -7.241
4.21789            -6.97151            -5.53719
1.06493          -0.0230176            -4.57251
7.73793            -8.94325            -5.44527
-3.96174             -3.0275            0.690106
2.19784             2.86117            -5.24612
9.9824              9.4994             6.74099
2.36488             3.98972            -7.31174
-6.24672             -6.0629             1.08906
-4.53831            -8.46332             9.69671
-4.2896             9.22289             2.24652
-2.14531            -4.07912            -2.25512
3.55008             4.30821            -7.21226
-1.19148            0.633555            -4.20399
-5.76271             -5.3792             4.24722
-7.6837             2.75859             9.43368
-3.81488            -1.54081            -8.45851
6.69137            -4.08783             4.26226
3.88744             7.86012            -3.29599
-3.24732              6.1413             9.00294
-7.08274             2.73208             1.13582
3.23931             1.23596             0.56877
-8.07589            -7.32219            -3.54526
9.49907             3.69336            -2.97403
0.827931            0.385798             7.32822
-0.368402            -1.91048             2.68736
6.7802              3.1952             -9.9026
-0.29806             6.18445             5.60032
-6.91572            -7.76883             4.69267
8.14001            -3.03743             4.84547
7.96604            -3.79682             4.09573
4.40587            0.950707            -1.15295
-8.69056            -2.40199             4.64617
5.8195           -0.216943             4.03173
4.09847            -6.83472             3.25281
4.47151            -1.18615          -0.0332854
-0.541797              9.6539             9.81522
4.13241           -0.807836             4.94386
5.73591             1.57351             1.75572
6.07878            -9.66397             1.01334
9.80744            -1.67328             6.17173
2.18748             1.30242            -1.54945
5.65568            0.383932             5.21621
8.82736             3.14481             1.95487
3.31088             1.20652            -1.08366
-7.03421             7.54733           0.0731926
9.08102             1.86675            0.228503
-0.699849            -8.17854             5.95276
7.81459            -4.00571             3.11419
-7.74563            -1.51737             2.46158
-1.05457             2.19902             8.79003
-0.119178            -4.48757            -5.56832
7.12859            -1.51911            -5.88296
1.04767             2.75834            -6.00465
7.10087             7.81197            -9.04408
4.59381             6.60747            0.746539
-4.85869            -6.09736            -6.68051
1.06428            -7.85582             8.36869
7.21662             -5.5123             3.69491
-1.63936            -9.84201             5.15207
5.87421           -0.625406            -0.23237
0.23816             7.08042            -1.74962
0.764358             3.22071             6.60311
1.85818             1.63587             6.08489
4.96673             5.76058            -3.96536
3.29792            0.430683            -7.99602
-1.39402            -7.77788            -8.02009
-6.83684            -3.86446           -0.718034
-6.47754             5.17905            -1.20945
-1.90541            -2.86279              7.1374
-9.50251             2.50023            0.966052
4.7625             7.58544             6.39393
3.10107             3.42679            -6.67789
-2.04752              1.2359            0.332728
-1.68559            -1.24968            -6.98056
4.98206            -5.48654            -6.02921
6.78534             5.75542             5.51044
-0.944148            -1.32036            -1.82423
4.5066             1.80862            -6.00808
-4.20479            -3.71821             7.36026
1.37253            -4.99148            -1.36641
-6.41983             9.46963             9.04709
2.52714            -4.81506            -7.19885
-7.27803             8.31263            -7.02345
9.12431            -5.14227            -4.05309
5.22133             5.64732             5.91442
-7.19817             1.59919             4.16628
2.25752             7.79408             -5.7495
0.665602            -5.88395             6.46582
-2.92033             2.86063            -8.86168
7.18636              7.0475            -6.58068
5.31363             7.33275            -1.29244
0.731897             8.31324             3.57326
-2.45395           -0.429592           -0.932986
-5.50211           -0.328218            -4.95077
4.91594             5.87127             9.31245
-9.13921            -6.15289             8.95759
3.27707             5.12679            -2.28955
-6.33869           -0.586762            -3.40823
-9.19373            -1.78243            0.679497
-9.88035            -2.71598            -3.11477
-8.53539            -7.71275             -3.1693
-4.86325             9.40773            0.540022
-7.36918            -8.31203             9.12694
-6.65548            -7.15441              2.3758
2.83286             -9.9816            -8.23616
-3.0421             -7.7481             7.45646
8.73035             4.44009             2.16718
-8.73784            -1.09867            -8.32327
6.58305             8.67711             7.27932
-6.49747            -9.29104             6.71175
-9.7276            -2.25594            -2.56567
5.40718             9.28398            -4.78309
0.723896             1.33723            -1.97406
3.47205            -7.29561            -0.68238
-4.09621             6.92408             2.35652
2.00885             4.40108             0.95291
7.60871            -1.88924            -1.63365
-1.52063            -7.22093           -0.779385
-4.02929             9.89814            -7.66194
-6.91086            0.853651           -0.793868
-1.00221            -9.35975            -4.22255
-4.17065             2.55204              1.7927
-9.36548             -1.4555            -3.07285
-2.02821            -6.59259             4.61821
-2.40765            -8.10996             5.25025
1.36412            -5.59794             5.34461
2.75211            -3.56316            -8.62523
5.55837             8.65262            -2.17223
-5.19509             3.49005             6.95543
6.2712            0.744493            0.384992
6.07627            -8.79076             5.76382
0.51111           -0.729652             7.77632
4.74468           -0.665926            -4.75798
4.34201            -2.19513             8.26316
-8.2426             6.59103              2.7002
7.62707             -9.2394              1.8668
-5.80323            0.927667            -2.97403
-4.30692             3.57274            -2.88967
-8.40623              2.3561            0.691412
-5.57583            -5.77323             1.72714
-5.31062             2.67792            -4.28817
-8.7426            -1.24009             9.18419
4.20838            -0.73645            -8.13289
-7.38099            -1.85538             5.81974
1.50483             1.92275            -3.00199
-3.22664             9.03123             8.18496
-0.283432            -8.67021             4.74138
6.23544             5.27281            -5.55282
-7.78174           -0.120432            -5.13027
-2.06927             5.97932             2.53699
-6.98543             9.62981            -3.83251
-9.04451             2.36438            -2.94799
3.16017             1.42686             9.73829
-9.94862            -4.69184            -8.86313
-2.50837             4.15677             2.28871
2.00391              6.7762             7.44246
5.44784            -1.58797            -7.70554
6.25476             2.27532            -5.29715
-9.8283            -8.68454            -9.65901
-4.81805             8.42002              5.4824
1.40155             6.12101              -7.277
2.45553             -1.5723              -6.392
2.24077              7.8279            -4.73681
9.51864             2.95534             1.47244
9.03191              3.5399            -3.84723
9.3797             3.57521             3.40617
-6.941             1.12812             8.38387
-9.54339             6.26535            -2.85447
5.346            -8.87227            -7.47057
4.16852           -0.233064            -6.29928
-2.79793           -0.673428             4.81153
5.16553             3.62656             1.65979
6.50135             3.00651            -1.23912
-3.71993             7.32344            -2.15951
9.65425             0.14951             8.61326
1.46842             8.14765             6.74317
2.44835             8.01949            0.663304
-5.29113             7.28479            -6.79565
-5.84797             1.10813              9.1017
-3.8382            -9.18129             1.50476
-3.34305             5.34536            -8.55073
-9.9293             2.02387              4.4269
-3.30987            -8.12973             9.48171
9.00784             1.81423            -5.19618
9.90821              4.8418             5.95833
-0.124879            -3.92635            -4.11014
3.57325             6.41941            -3.44906
4.20753             5.03395            0.145431
4.63799            -8.63218             1.93517
7.39401            -6.48511            -4.17032
-6.10161             9.29307             5.82859
4.38857            0.755788             9.58738
-6.83382            -5.57449            -4.00097
0.441307             4.09622            -5.66689
2.88504           -0.921653            -9.23791
9.80102            -8.54557            -4.54975
-7.74019             4.60194            -2.72193
0.754799            -9.40365             6.84125
-8.37963             4.59748             5.29185
2.72487             4.89989            -2.28773
8.32584          -0.0823117           0.0341907
-5.21634            -7.04653            -7.18025
0.88193            -10.0605           -0.527177
6.9482             3.41504            -8.26145
-7.08784             6.17161            -6.72807
3.19007           0.0458244            -5.32804
-3.57818             5.61097             6.31966
8.08672            -4.16349            -7.61672
0.0307798              7.3849              8.3336
7.20962            -7.16358             7.67931
1.18066            0.598301            -3.16594
-8.45503              2.8153             6.08956
9.50378            -9.39367             4.23918
5.37752             2.40958             -3.1088
-0.492677             9.12994            -7.49512
-5.16921            -2.29654              8.9369
-4.7081            -6.72943             8.81974
-4.44874            -8.24449           -0.258284
-1.57944             8.10913             4.11129
-3.87934            -3.59522             4.91223
-0.989155            -4.09782            -1.52798
-0.875866             7.14149             2.73563
-6.60912            -7.46512              8.2256
-7.96272             2.35705             4.41214
-9.49502            -5.47393            -3.12526
9.70493             -7.5273            -8.81041
-3.52182            -8.82547            -3.55448
5.68905            -1.27182            -1.52895
-5.12937             9.29027             3.99524
8.12071            -7.32801            0.998222
2.77075             4.16341           -0.282059
3.85288            -2.78112            -6.01058
4.68519            -2.77479            -4.11861
-4.35951            -1.21255             1.61423
-1.89557            -9.53886             6.73209
1.9352            0.428074            -5.83601
2.08676            -4.88584            -9.65253
-7.74446            -4.63079            -0.47455
-8.84716             -6.1731             1.29093
-4.38924            -5.59165             6.83053
-3.55998            -9.74696              4.8715
0.400558            -1.36946           -0.503057
-6.75745             2.80553            -7.61081
5.28837            -8.12971           -0.691407
9.29497            0.423024            -4.89731
-7.48655             6.73869            -6.84224
-1.4785             2.58909            -8.82121
-2.6816            -5.17767             4.52203
-3.86387             5.79586             9.52385
-6.75698            -4.00361             6.70787
-6.13552            -8.49063             4.37672
-7.91393             9.20475             7.98473
-3.33951            -9.01115            0.718704
2.16193             5.91116             3.25903
1.87325            -9.37521             5.96435
6.1589            -8.56374             -8.8403
0.066462            -1.24903             5.98724
3.85204            -8.39264            -3.10384
0.047668            -2.03379             4.94021
-3.14444            -1.52293           -0.891905
3.18321               8.633            0.524845
-0.227283              9.1528             -9.8248
-5.51905            0.507211             8.21274
6.27521            -7.05329             8.98555
-7.00718             6.42402            -8.70777
-2.42405             7.66563            -2.12914
-5.52893            -8.33753            -4.96394
2.74211             3.58275             2.66016
-4.06327             8.61642            -9.26696
7.35012             9.34064           -0.565924
3.62338            -5.09233            -1.59603
4.28316             8.95108             3.83705
5.13818             6.29046            -4.20055
0.538047           -0.635552           -0.416913
3.75079             2.36455             6.37377
-0.924628             2.58991             1.03229
3.63137             3.25799            -3.66303
4.7917             7.66487             5.38586
4.49813             -1.1316              2.0662
-3.1259            -3.45972             -1.4315
6.43361            -2.32386              4.6597
-4.91559            -4.94902             9.29461
-6.9762            -5.67117             7.36329
4.69194            -4.30071             9.67325
8.29369             1.12971             3.80363
-5.33785             7.34881            -9.68165
-7.4896             5.24017            -5.80744
5.87335             6.27612           -0.944339
2.01107             9.90321             9.11539
-0.468098              1.3215            -2.29688
8.42182            -9.50501            -3.30912
-9.68958               3.979             5.20423
-1.6173           -0.881791             5.56921
-5.02047             8.64112            -8.95908
-7.61361             8.65849            -1.45311
9.8799            -5.67589             5.17127
-0.817534            -1.98965              -7.968
-4.29759             9.15577             8.02422
1.77619            -3.85686            -9.75854
-3.4734             8.22196              -0.922
3.64882            -3.25088             5.15652
-0.705772             5.00312             0.24171
1.16382            -9.58416             2.89275
-7.82305           -0.770076              5.7915
9.66921              9.7258             4.73969
-7.22022              3.4454             9.56787
3.27868             2.96147             5.69408
3.81136            -8.67381             6.59112
1.24619            -9.22472            -3.97592
-4.425           -0.532362          -0.0133238
-2.84245             1.79293              3.6382
-4.64941            0.128099             -8.2502
4.22785            -8.28629             6.05471
-0.886425             2.77064            0.516689
4.23526            -6.84831             8.90403
4.0266            -6.66004            -4.28691
-0.15909            -4.61673             5.51868
4.02392             8.79635            -7.53613
4.75655             9.33865             2.53792
0.680228            -2.14132            -7.74048
1.69616            -9.83858             -4.4471
-1.36598            -8.67586            -6.76769
5.11443            -9.51622            -1.52908
4.4647             8.91305            -1.04818
-8.13024           -0.716969            -2.61593
-9.34023            -2.59183            -5.47809
5.20586             7.69521           -0.480478
1.15682              6.8364             7.67424
4.41666            -2.29039            -1.40752
9.02332             6.28648            -4.93985
0.753128            -2.89547            -8.33914
9.93064             4.70666            -7.13541
9.07477            -1.43473            -7.06202
5.84018             5.40455            -6.07087
-0.192551           -0.982849            -8.73457
-2.0166            -8.13352            -9.95553
4.89037            -4.39078             1.95132
4.38844            -6.04848            -6.72324
-6.91204            -7.32318            -4.97931
3.69006            -4.44264             1.09234
-8.60776            -6.34892            -9.43815
-2.99753             -3.5958             -3.6946
5.56387            -5.60921             7.77978
2.04011            -8.41937            -2.59462
1.97062            -7.09881           -0.834944
-0.632916             6.94146             9.39439
-8.1964             8.30907            -7.63917
-7.4522            -9.30114           -0.336364
1.28894           -0.371752            -0.82963
-0.436938           -0.399515              3.8482
9.8856         -0.00182344             8.46079
0.717429             3.43811            -5.34986
-8.19115              1.3255            -9.31664
-2.25012           -0.683289             3.47628
6.87706            -9.36599             -5.2369
7.95878             1.94492            -9.16622
8.15791             9.41421             5.60196
9.21742           -0.641632             8.10374
9.65374            0.717344            -3.41367
-3.01287             8.86828            -8.59375
8.84448            -1.49244            -3.85737
-9.45372             7.44684             5.31452
3.08312            -1.23088           -0.807017
9.30512             8.70773            -1.74067
-6.44782             2.29851            -5.26534
9.67561              7.1035             5.66291
4.96799             4.65745           -0.430737
0.230291             8.31472             -0.9678
1.36222             6.13481              5.6177
9.64053             2.57638            -7.10386
-6.64047            -7.32781              5.7935
2.01192             3.15529            -2.08913
-0.132278            -9.11591             4.10225
6.00031            -7.85315            0.908361
6.61165             7.75049            -6.56849
6.52565             2.05321             1.12292
-7.11835             3.79185             1.60247
-4.27142             4.76756            -1.51608
-9.71384             -5.3805             5.16874
8.09453             0.59832            0.284145
1.61994             5.82569             5.17957
6.31725             5.15638            -7.13499
4.61472            -9.67298              3.9077
-2.62434            -7.45892             8.99507
3.58674             5.84425             6.24787
-2.96427             5.33679             5.83361
0.755218            -5.38305            -2.81983
-2.4326             4.00683            -4.29125
-4.83884             4.65163            -8.57158
9.55384             5.19167            -6.95683
-7.71552            -4.90026            -6.20911
-5.1744            0.643747            -9.19368
7.98905             5.41307             5.46602
-2.87368             8.84872              7.9194
9.67352            -3.76415          -0.0324824
0.458547            -1.19633             9.28016
9.8386             1.39962            0.265371
8.27441             9.46547             8.39618
-4.52487          -0.0707569            -7.28547
2.38796            -8.81294            -3.84394
-2.42466              2.3872             0.86304
-4.87581             4.90741            -2.18887
4.67518             3.86307            -3.58618
1.74614            -3.25532            -1.59499
7.97495            -8.64112            -2.17865
-7.8533             7.10196            -7.54889
5.46029             7.45043            -9.92334
-5.95611             4.87538             9.49964
0.0819176            -4.92374            -5.97965
-5.87221             1.36698            -9.06461
9.82857             2.49303               5.662
0.506731             4.10829            0.630446
-9.02668             4.82262             4.11867
-2.04056            -8.79669            -7.64776
-5.91079             4.82225            -6.93982
9.75558             2.12436             2.86861
-2.48797            -6.67709            -3.03489
7.45973            -8.46577             3.91358
4.11171              3.0143            -5.54338
1.70101             1.34398            -5.25469
-9.30502            0.779145             6.12867
-4.46397            -1.47271            -3.95087
1.67054             1.52342            -2.67193
-3.68443             -1.1684            -9.70163
-8.56345             -1.3488             -1.6083
-0.379875            -4.52449             8.24006
-1.61881            -4.40786             1.72755
3.76909             8.58609            -8.20188
-0.831708             1.04296            -2.73589
6.71493            -4.65026            -5.24322
3.886           -0.694231            -6.16239
5.01303              7.6842            -2.63704
4.26217            -2.14783             8.10774
6.14147             2.83694            0.250147
3.4284             6.80902            -5.59583
-7.38994             8.64089            -5.35199
-1.956             2.31327             8.43947
-2.27378            -8.12695             1.37611
6.85406             7.93823            -5.51486
4.87241            0.933488             2.60268
-3.8549             8.54686             -7.2116
-3.67083            -9.65449           -0.766083
9.76507             3.06253             6.25955
0.861353            -8.91759            -1.99593
9.22565             7.93021             3.61338
-7.34588            -10.0561            -7.10939
-6.23445            -6.10464            -3.52654
1.84281            -5.40517            0.267657
-2.59604             8.51152             2.96541
3.5773            -3.82896             4.33411
-4.56863             -6.9409             7.52194
0.991801            -5.48715             4.96256
0.476504             8.67343             2.91392
7.22634             7.44349             2.46792
8.71952            -6.24498             4.43314
-1.28686             -9.9944            -9.47161
0.206064            -8.45793             3.14257
7.21553             6.20756               8.254
0.592625             6.18551             4.37141
1.23024            -2.48504             1.36192
9.17934         -0.00601283            -3.93329
9.19176            -7.79388              8.6789
2.72858            -4.23335             1.81288
1.25313             3.02791             9.69772
5.83416              5.9796            -3.69654
3.29717            -3.81133             6.72265
5.79294            -5.24926             2.21412
-5.14078            -8.81894             3.34641
10.0039            -4.52206             7.74841
2.00587          -0.0418222             1.40987
-0.833324             6.52757              8.8946
4.1197            -5.32918            -4.18877
-4.46749            -4.39715             3.68857
9.961            0.427168            -1.86354
1.26433            -9.64973            -6.88427
-6.87088             9.07297             9.12814
5.6325             2.26453             9.96114
-0.923865         -0.00347484             8.80432
-3.10003               7.711            -7.29729
5.26494             5.58014             3.62256
-4.21728            -7.95026             4.47192
3.39494             2.38333           -0.233926
0.234052           0.0617415             5.54395
-7.20206             3.22731           -0.249007
-4.87973            -6.06234             4.12347
9.92293              4.1844            -7.31869
1.66603             7.22981            0.844593
-7.21677             6.55106            -6.81165
5.13709            -6.57578            -6.02615
2.59753             3.77255            -6.50642
8.26746              1.1355             9.31362
-6.29872            -9.49613            -5.25104
2.11203             3.72665             5.24993
8.93552             6.46042            -2.90833
6.49965            -1.92643            -7.23894
0.72517             3.41505            -7.68379
8.95697             5.97067            -8.01469
0.434721             3.24367            -2.89475
-4.83751            -7.22655             6.87241
-2.60155             7.96241             9.44813
-7.56297              6.0295             5.32639
-8.60509            -5.42749             8.39862
-2.81311            -4.64364            -3.24875
-1.30359            -2.44048            -7.27699
0.651644            -3.81968             9.06377
0.955459            -2.16548             4.25836
-6.21884             3.83899           -0.284224
7.96488             4.35526           -0.661101
9.54122             1.42642             9.71202
0.581134            -3.16865             7.52716
9.55406            -8.66071             9.86381
2.97452              1.4424            -4.27616
-0.597917            -2.62325             1.35171
-2.94116            -3.90914            -1.40877
9.29253             -5.5625             9.31216
-8.81949             6.75429             2.24169
-7.12306             6.71822            -5.06732
3.88169             5.16775            -5.10511
8.5143             9.06572            -9.09986
-7.32801            -1.00359            -9.25311
-8.52786             8.42602            -1.74687
9.9062             4.46825            -8.17076
-6.75263           -0.350343            0.696068
-4.15595             2.36144           -0.790143
-4.87162             4.02387             8.33747
8.22531              1.4732            -3.41304
-5.6608            -9.88285              2.4504
9.67342            -7.63957            -7.12834
-8.2224            -5.78939              7.5693
5.64445             4.27389            -6.47735
-4.13277            -9.88267            -6.34378
-9.01383            -5.93168             1.70286
8.17245            -4.03875            -6.71726
-3.05586             -9.2434            -4.58004
3.52002             7.75141            -9.82967
0.573341            -7.55641             3.85051
-3.92192             9.58782             2.42273
7.0815            -1.26247            -6.24197
-7.01428             6.28496             2.04813
-4.8741            -9.62222             9.51391
0.0570052             5.61347            -9.74505
3.03649             6.51186            -9.69552
3.74931            -1.62683            0.449597
-4.44373            -1.98141            -2.84102
-7.74768             2.10998            -2.71196
-2.46679            -5.28978             -4.1188
-0.336054            -5.00015             -1.3414
-5.84197             3.61479             5.91664
9.48661             1.25056              1.5996
9.42677            -6.90859            -3.83657
2.58941            -8.90311             4.35408
4.03095             3.77823            -3.26551
-8.39323             7.31921             7.00161
6.56657             -3.6345            -4.90586
-8.59451            -4.05279              5.4742
1.42508             8.32021             -2.7375
-0.478235             9.42544            -5.25323
-8.39537             -6.1639              7.3678
6.40559             7.70341            -5.83373
0.867435            -4.95663             7.41701
1.05959           -0.740699            -5.25419
-1.08275            -7.85817             1.97002
-7.3884             9.41727            -8.23959
-5.16051            -7.96567             2.19163
2.92897             2.51859             7.97926
5.22359             9.40873            -3.86324
8.82825            -5.36271            -7.56288
-2.49441             6.22078            -4.83853
8.70979             6.03316             8.11527
-2.72173              1.9088             2.93947
6.26531            -6.67839            0.417142
-0.104935            -5.10486            -2.43874
-4.08414             1.58586             7.35289
-4.16221             9.82103            -3.36831
9.29528             3.37452            -6.21334
-5.7773            -6.54808            -8.79561
-4.4639            -7.33498            -3.05917
-6.11635            -1.42056             1.26519
-2.40869            -9.06636            -6.94519
9.8538            -6.50348           -0.414856
-2.0229             6.88133            -9.63616
5.97813            -8.75097            -3.15071
2.56734             8.30795             9.38149
6.20935            -5.34388            -4.43491
-5.47418            -8.39981             3.73129
4.05433            -4.36079             5.01852
6.55561             1.50069             3.38989
6.27061            -0.31504          -0.0267754
9.78711             4.94541             8.48985
9.96489             6.88986            -3.74868
-9.61324            -9.19835            -3.45568
-3.61846            -4.80831            -9.16521
-7.69844             7.59292             6.36144
3.14414            -2.80469            0.970869
8.76218             1.08632            -5.08786
-3.39814            -4.44607             7.16044
-0.869134            -1.82856             5.07562
3.93554            -6.57522            -1.60115
-0.0272848            -1.04643            -3.15257
4.44165             4.16803            0.478135
-2.12792             9.15367              5.8162
-6.48728             6.07048             5.74668
-6.71549             3.85438             6.65276
7.65109             -6.3098             0.45306
6.39447            -2.67286             9.95809
-9.02231            -5.77394             8.05127
-5.02398              4.7094            -2.17941
-9.59056             4.76569           -0.779845
-2.40502            0.999923             2.11419
-2.1726              4.9723             2.18896
-4.67557             7.54819            -4.25407
-3.90939            -3.61991             8.99229
-2.73326             7.29674            -5.58298
-1.91338             2.78242             4.23025
2.39208            -2.81827             4.83662
9.42833             6.80667            -7.38265
-3.38965             8.52948              9.2751
7.87953             7.53643            -3.19313
-3.51139             0.95273            -6.99628
8.49256            -6.53024              5.6288
-1.31557            -2.20073            0.580381
-2.27923             2.61093            -2.70115
2.15373            -2.22426             -9.1612
3.91047             6.99928             9.20415
-1.17815            -4.67742            -5.19854
1.95539             5.72042            -1.08281
-2.43988            -9.20319            -1.13346
-7.61664             1.19561             6.74116
8.9128              -9.037             4.65962
7.24703            -4.29398             4.81057
-3.87137            -2.46431            -1.21424
0.0882588            -7.50035             9.82875
-4.23924               6.428           -0.464914
0.955128             3.55114             -2.7919
-1.72509             5.58303            -4.63889
3.03049            -4.09001            -8.43204
9.46688             8.82699            -5.39388
-1.60195             9.84113             4.79745
-5.25135           -0.560344            -1.10613
-5.07886            -6.48704             6.51645
6.05079             7.17272             4.88636
-2.95046             6.46701            -2.90407
6.7473             9.30802            -4.18242
-2.77739             8.37317             8.85031
7.36395            -2.76031            -6.08885
4.96305             3.91397            -9.73886
-1.3014             2.17664             9.21386
-5.70585             9.34986             5.86744
-8.53328             5.88463             6.28624
-7.596             1.87271            0.955779
-3.03165             9.82414             1.79505
-9.37285            0.535956              6.4886
-1.6078            -9.40429            -4.51595
3.98831             5.21631             6.05739
-5.56739            -8.78558            -4.56606
4.1492            -1.49091             -5.4715
7.371             1.90029             7.49725
1.93179           -0.998773             6.19933
-3.3234            -7.18874            -4.08738
-3.32058             9.19687            -5.22436
-1.56467             7.67668            -3.41191
2.19937            -8.89562             1.92036
-2.22581             1.31214             -4.1121
9.84469            -2.71101             -1.1489
7.86645            -6.97488            -2.41752
2.6263            -1.98363            -8.77467
4.85447            -8.78314            -1.30351
3.37396             4.60758            -5.53803
-3.61254            -6.41513             1.86966
4.96234            0.263362             6.31209
9.47578             9.93153             3.58741
7.99099            -2.03595            -2.65619
2.61157             1.48209            -1.72391
4.90353            -4.23868            -5.97238
-8.31267             2.24874             -0.4814
-2.70222             9.40995            -1.27451
-9.34332            0.121578            -8.09923
-1.49438            -9.88303            -4.06714
-3.96873           0.0936916             8.79641
-3.77616              4.5571             2.57647
0.151924            0.211934             2.70789
7.03843              3.8508             6.11649
8.79554             4.50804            -5.82242
1.96246           -0.982448            -3.69871
4.93063             1.27088             3.73198
-2.6212              9.3896            -7.34055
-7.2351            -4.80582             9.10951
3.39372              8.6772             3.58586
-4.93819           -0.959814            -8.17029
-1.45037           -0.848466            -7.66373
-6.42398            -7.49025             3.46214
-7.54866            -4.98935             1.13138
-1.45339             7.69727             8.66228
4.91287            -9.60577            -3.02231
-2.36844            -3.45462             2.06987
0.652482             6.36045             1.82474
8.52451             1.23048             7.26625
2.2974            -6.77079            -4.88585
-9.78388             9.37339              6.2029
7.36177            -9.37164              4.8654
7.1158            -8.74307             7.79685
-1.17035            -8.46144            -6.77037
-2.40932            -5.95005             7.96053
-0.561344             1.68627             5.13013
2.13617             1.40714            -8.41068
-8.33441             4.26463            0.560436
-9.77376             3.39422              9.7684
1.52912            0.526694            -1.71571
0.199041             2.97729            -8.93562
-7.27632            -1.34479            -3.06824
-0.326205            -4.49793             7.67473
-8.768              3.8565            -9.30652
0.151551             3.13258              1.7722
3.76847            -7.88456            -3.21158
-4.6903           -0.543479            0.252419
-0.522757            -2.36033             2.50185
-3.24385             8.98248             1.72271
-4.85291             2.48179            -1.59735
-9.63098             0.25771           -0.432346
7.19981            -9.70707            -9.66287
5.30792            -4.69386             4.33664
-3.10656             5.35988             2.25199
6.91011             1.58439            -2.95534
8.92113             10.0049            -6.58243
8.69436            -6.25604            -7.59587
0.602466              8.0499            -9.84968
-6.7529            -8.37148            -2.98548
5.94676             5.96037            -8.04097
-4.77846            -1.70799            -5.86524
4.6443            -1.19087              8.9373
-0.813852            -2.59838             1.71881
5.21678             4.85777             -3.5002
5.89015            -4.61005             -1.9044
1.57122            -7.55398            -2.04301
-4.22188             5.32053           -0.412819
-1.7543             7.20186             8.69964
7.57948             5.82828             5.87487
-7.92746           -0.789902            -2.19971
-1.44291            -8.64713            -1.29069
8.56405              -1.891            -9.56511
9.02509            0.984507             6.20223
-7.00388            -1.27958             -4.1634
5.42067             6.84721            -7.76294
2.54291           -0.827056            -7.04679
-3.5488             7.76622            -2.09077
9.59888            -6.08766            -3.33037
-5.06227            -2.40396             8.80606
-1.21595             3.38167            -1.96505
-6.49534            0.748875            -2.36846
-6.44141             5.36287             5.36462
0.472709            -9.72985            -3.33371
7.77987             5.17944            -7.53494
2.87576             7.79422           -0.368099
-3.40188            -2.35023             4.36794
0.589939          0.00366577            -7.94484
-7.48706             1.44757            -8.28485
1.42474             6.20356             8.21365
3.46775            -9.30888            -5.56719
-3.35119            0.412515             2.82804
5.79619             -8.3346             5.39307
-7.82123             2.00126             4.53695
8.52662             6.27396            -5.16633
-2.35957             2.32531             3.10724
8.75795            -3.42235            -2.78079
-3.71676            -0.96498             3.37581
6.25852             4.97581              9.4758
0.422986            -9.57737            -5.06421
-6.97335             8.82381             7.35017
4.65308              4.8724            -0.41546
2.2749            -5.33095             3.27757
-4.19064            -3.28526             7.36718
4.81091            -7.39378             8.39683
2.81            0.857759            -7.70503
4.53891            -6.27309             -6.3175
-9.88237            -3.44571             8.84275
-3.27825             6.67559            -5.68221
7.81297            -8.23271             7.55296
0.384021            -8.39138            -4.09785
4.55691            -3.85919             8.15139
-1.59132             9.36552            -5.46138
2.35191           -0.574857           0.0845168
-2.20286             0.54475            -6.75477
-2.81287            0.928692           -0.813302
3.78618             6.52199           -0.814925
-4.71192             6.41569            -4.73576
3.0014            -7.46249              4.5643
3.32711            -2.47701             6.55951
5.14504            -1.58736             -6.6803
-5.61166            -7.39098             8.42221
6.8494           -0.880342            -4.94312
-5.30294            -7.29222            -5.09769
6.81043             1.44591            -8.20574
1.62399             7.38918            -4.68264
6.84189           -0.867789             4.63802
9.20677              1.7461            -8.35545
-1.32541            -2.48236            -7.96761
2.15847            0.247314             1.51859
4.63768          -0.0259389             -7.8666
1.72249             3.89234             3.73147
-8.24124             8.39865            -4.02981
1.8106           -0.604173             3.68831
3.86769             7.53155             2.46682
9.09253            -1.40518             2.89761
2.75324             7.30037            -5.64758
-6.40729            -5.60461             1.81626
2.55109             -5.1454             0.16928
9.52328             -4.2065             8.36088
6.00286             4.60901            -4.25098
3.58469           -0.853786            -7.29184
6.06576             2.58353             9.72951
8.14296             7.47803              7.7333
-0.783081            0.265579           -0.312383
-6.41347             9.70929            -9.18936
-5.95147             4.17565             5.37983
-5.18072             6.26242             3.63159
-0.508107              5.3952             1.57828
0.663658             8.31181             1.60874
6.46476             4.20245              9.9443
-1.43073             -7.6543             1.26958
-4.99953             8.13198             6.44536
-4.85557            -6.26407            -6.53992
3.1085            -3.12488            -4.32419
-1.10405             1.09916             1.35116
2.18352            -3.13002            -0.13174
3.21874             4.80103            -3.28623
6.48887              1.6782            -4.65878
6.46771             3.10937             -8.4124
7.95585             4.71989             -8.4237
0.704473             1.66685             6.04796
-5.03514            -5.04624              7.8451
-4.19487             7.47064             5.99118
4.13266            -7.69848            0.907679
0.417624             6.63741             2.59221
9.48508             4.76034            -5.15676
7.62457            -6.23662            -5.70832
6.46682             6.83345             3.08971
-2.35686             5.00402             6.94377
-2.97247            -9.69964             7.70799
5.55239            -3.15059            -1.68571
-2.04447            -7.78719           -0.813442
4.0577            -3.31156             5.92552
-0.500525            -4.24015           -0.854728
1.0907             5.04097             9.82652
-9.51169            -1.37375            -7.85633
-1.88243            -5.51668             4.77512
0.660571            -4.98553             2.71259
1.26663             2.07649            0.351593
-9.84765            -3.77516              2.4593
3.55721            -2.78368            0.963554
2.57959            -3.82641              3.8424
-1.4522            -3.32358             5.76352
2.10883            -3.90206             6.11343
0.708797             5.80866             1.47724
-3.60839             9.27779            -1.60611
-4.55173             7.84415           -0.723079
1.61458             1.83642            -3.72873
-2.24733            -2.63949            -2.44422
8.49211            -3.16877              9.4256
-9.55647            -7.65784            -6.92041
5.02227             8.07766            -7.56088
-6.51346            -1.05158             -6.9566
-5.01955            -5.19223             1.35411
-9.22496             3.69479            -9.31305
9.70185             8.94356             8.99873
4.61865             7.94244            -9.35528
9.92531            -2.18858            -3.30927
-1.49935          -0.0738933            -6.46139
1.57986            -6.56635             6.30213
1.09478            -5.11555             1.97008
-6.8793            -4.55282             2.69367
4.36355            -8.40622            -2.03957
-9.50828             9.71549             2.53634
5.3048            -4.74932             3.16955
-1.88971             6.78729            -4.90077
-8.88516            -7.31637            -9.46321
-0.0470289             3.47056            -3.61595
9.90125            -2.22244            -1.79429
8.21278             4.57795            -1.54751
0.0865895             8.68627            -7.27017
-0.191432             4.04386             3.53675
-8.94881           -0.719089            -7.90222
-4.08178              5.4705             6.39035
-0.298644             6.30862             -6.9951
2.71411            -7.26043            -8.41984
-2.59025            -5.40265            -1.99865
9.05676            -5.31462             6.27548
-4.78337             7.73332           -0.363882
1.40944             6.04806            -0.67251
-1.136           -0.999849              9.7217
7.91478             7.66101             9.38344
-4.1641            -5.78755           -0.368639
-0.579174             5.96635            -2.91104
4.64596            0.883746              4.6979
1.1129            -8.42553             2.00463
3.54906             9.94389            -9.03786
-6.63989            -4.44399            -8.48246
-1.36208             1.21972             -1.5716
-9.9087             2.88599             -5.4032
2.74993             4.28543             8.61637
5.29782             2.55287            -5.05253
-0.955848             8.86758             6.07316
4.29122             7.12071           -0.314603
7.74947            -2.10945            0.363418
3.0287              4.1301             5.54837
-6.30259            -6.02293             4.21449
-2.25475             1.39121            -5.70438
-7.42649             4.23327            -4.60527
6.27793              2.4564             7.09716
9.48176           -0.491432             5.93618
9.6962             7.29071            -6.08445
-5.97615           -0.624668            -8.65864
-6.48554            -8.64474             4.27807
-5.08701             4.51743             1.66969
8.03626            -6.04231             4.89526
5.15634             2.46808             -4.7438
4.86562             1.78617           -0.219862
-7.51447            -1.21785             -7.6107
8.7618          -0.0902801            -9.23344
-6.21489            -4.95171            -5.13728
-4.38875            -4.72312            -1.70974
-5.22221             -1.4214             7.80127
-3.829             -5.2702             1.75241
6.34137             6.86206            -8.01726
4.36518            -6.96023            -5.98116
7.97252           0.0227962            -9.75534
-8.66334             5.51266            -4.92943
-9.13254            -7.73372            -8.19494
3.30767            -7.03126            -8.66807
-0.353912             4.66911            -2.09478
8.57139            -7.61407             6.48503
-3.77994            -9.23384             8.33273
-6.33839             5.91177             3.26242
-7.8685             5.49077             8.68874
-4.14005             -7.6237             7.48865
-2.81581            0.562345            -5.36961
3.59364             -5.0356            -5.12078
8.65248            -9.46286            -9.42896
7.79536             7.06912            -3.71138
2.93697            -4.68063             5.96027
-3.45125             9.66196             1.82948
-7.34522             7.52802              2.8825
-5.1998            -0.31615             2.26276
-8.67879             6.29239            -6.45951
