3.7664             9.99286            -8.37104
1.17891            -6.57463            0.978466
-4.85906            0.352427            -2.22184
7.28305            -7.94111            -9.90303
-2.8297            0.751261            -2.46021
-9.17076             3.75722             0.15491
2.55588             9.37737             5.42838
6.96032            0.608357             8.03345
6.35109            -7.52446             6.90989
1.1816             2.63911            -5.77387
-7.8682          -0.0345585            -4.35369
-5.43922            -5.55826             3.56704
3.96869             5.90055            -6.43412
3.63102             7.28037            0.709174
-2.01627            -4.15037             2.07288
-2.8465            -9.35719            0.961287
-4.84575            -5.78862             -4.1126
3.86004            0.923277            -4.42493
-4.01829            -7.41852             8.25571
-4.91309              5.5903             2.13241
-0.220281            -7.51291             1.85921
2.46716             7.74517            -1.47778
-3.95664            -3.35558            -6.05624
-6.05753             4.35643            -1.71794
-6.36885            -6.67304            -4.58904
4.56592            -7.83179            0.336259
5.24791           -0.244799           -0.037701
9.36488            -1.08161             4.39208
-1.41638            -7.46315             9.01077
-7.15543             3.81096             7.23045
-1.85057             3.25102             8.56649
3.1486             5.58716             1.41232
4.43148             9.13727            -2.98336
-4.7948            -2.58659             4.70443
1.36077             8.90414             9.11917
8.78205            -7.34155             8.60272
0.245302            -5.30229             -6.3835
-0.763794           -0.606164             9.56682
-9.91112            -4.12916            -9.93714
9.48504             7.85206            -2.94018
8.42944           -0.736008             9.40581
5.89792            -6.09827             9.91973
-9.83513            -7.01894             6.46541
-4.7566            -6.11764            -9.94784
9.87084             5.40676            -9.24743
2.29031             6.72437             5.95445
6.01817             1.52729             6.01533
-0.140192             8.08037            -9.07319
-9.38498            0.391384            -1.10996
-4.04167             6.07728             4.21337
1.87497              3.2817            -9.08539
7.00645             6.03052              -9.245
7.79831            -5.37592             4.44974
-2.24822            -7.46309             9.98959
-0.899917            -8.68983           -0.781263
-2.04442            -8.87918             1.79169
-1.9412             2.41973            0.425194
6.41838            -8.40648             7.55759
4.71564             4.54102           -0.770441
-1.14853             9.25207            -2.90995
5.99257            -5.68405            -1.47104
-9.50031             4.31771            -2.92819
-3.56358           -0.277476             5.21155
-7.38337            -8.34015             2.87356
-2.60225             1.80054             -8.9351
-8.7094             4.75529            -8.80998
-0.178228            0.135584            -9.08875
-7.72359            -4.43481             4.16684
7.24502           -0.573458             9.72841
9.34681           -0.723643            -6.45861
2.97241              7.3301            -2.39955
8.24539            -6.09557            -5.72899
-4.22552            -0.70231            -7.90613
3.79244             6.44719             4.11694
9.47683             7.48351            -8.62396
-2.468            -5.88929             -5.5059
-7.79039           -0.207568             2.13319
-2.86121             4.04814            -6.72023
5.97635            -3.47587            -8.91968
-2.52185             5.62206            -8.48358
6.76556            -6.25645            -4.96828
-1.70773            -4.57811            -6.55816
4.26823            -8.91417            0.472131
-7.83983             9.02092            -2.40028
6.17472             -4.0655            -4.89363
7.47438            -3.83164             -9.5825
1.49226             -2.3937             2.44791
-1.05359             2.79292             8.32028
-4.26275             9.57914            -7.04562
-0.862239             6.38311             7.04672
3.96122             9.75756             7.98061
5.78773             1.99981              8.2623
-8.37084              -5.595            -3.56766
8.81336             6.28239             7.16538
-0.933721             6.52258              5.6267
-6.03084           -0.686136            -7.05958
8.09082             6.04662            -9.53449
0.497111             7.85216            -6.47743
9.26922             -7.6778              8.7401
-1.78041             3.69963            0.654725
9.14877             8.10621             5.37308
3.78407             5.01535            -5.61298
-4.89083             7.02445             6.18243
0.6417            0.638185             7.99824
6.44359             6.81564            -1.73377
-4.39475            -2.59959            -9.12659
2.01474              3.2615             2.82919
0.074535             7.87036             8.75542
9.68832            -1.92189             7.73581
4.91053            -8.04775            -4.11819
-6.05816            -4.99344            -3.29264
9.96939             9.54779             3.99576
-0.0801929            -1.60218            -8.52638
-5.83998              6.9804             -7.2967
1.18586            -1.85135             7.30595
-0.242102              3.5719             2.06423
1.45076            -2.77872            -3.09932
5.91763            -1.03826            -5.19613
-8.41633            -3.91766           -0.204466
3.14057             3.42974            -6.80866
4.31798             -2.6988            -8.30316
3.83274            -1.45544            -7.21916
5.23811            -6.63413            -6.94705
4.94041             1.85271           -0.364963
6.29376            -1.47062            -9.97733
8.56941            -6.78215             6.20587
2.6609             3.38969             3.10052
-6.72614              7.2239              7.6772
-7.27136           -0.250523            -7.15156
-0.547835            -8.21307            -6.20003
0.651399            -2.97326             1.24415
-8.93927             8.68002            -4.93837
2.83816            -4.75154            0.257272
-0.754026            -0.94979             2.12381
7.88224             4.06891             6.21537
-9.38697           -0.843328             9.16009
4.34728              8.7816            -9.27644
-0.0456916             5.03186            -1.01966
-6.73414             3.99976             7.64336
9.39106             4.11733            -1.02084
-9.08682             7.48101               2.761
5.81992             4.08264             9.57183
9.49514             3.88997            -3.20463
-7.77335             1.48614             8.22411
-8.9858             4.96229            -3.68577
8.23349            -5.39979             7.58012
6.67828             -7.4439            -1.03857
-7.3566             7.75776            -1.51468
1.29023             6.02425            -3.04013
-3.16133            -9.83312             2.08225
-3.418              5.5254             -4.7618
3.67417             2.18421            0.574659
9.65261               6.639            -7.11694
4.07718            -4.88208             1.80423
4.86212            -3.72327             -9.5146
-0.576715           -0.399477            -1.95292
-9.06485            -2.89894             9.43637
0.0545606              9.4576             -6.6302
-6.50488             5.09613            -2.48361
2.41473            -6.61141             6.24742
-3.08086            -3.10279             3.21988
-2.06125             -3.7363              -1.784
-0.406806             5.27782             6.33449
7.49784            -1.98028             6.70532
-6.75916             2.67682             5.38732
4.74536            -2.55697             -1.4008
3.22175            -2.13336             8.98964
2.50425            0.135796            -6.43794
3.76498             6.61569             7.98165
5.8987            -5.78239             -1.1808
6.98255            -7.15673             8.19055
2.5424            -5.75164             6.44154
1.07203             9.12846            -7.97877
-0.781189             4.07358              4.8158
8.57806           -0.788007            -4.28756
6.53653             7.12814             1.59485
-9.69963            -5.18201            -1.41147
3.4949            -3.51645             3.86944
8.85822            -8.85262             9.68688
2.63639             8.71423            -6.84501
-4.91921             -3.6235             -2.7489
2.60069             7.52725            -5.80496
7.30604             2.29202            -8.39169
3.33571             4.51206            0.749521
4.37565            -6.57411             5.46724
3.1557             9.48206             9.84096
-3.21108            -7.39005             4.08768
4.97869            -8.29306            -8.56923
7.55143             4.77938            -4.74505
2.36846             4.51031             5.33155
9.29105            -8.67041           -0.190161
-1.35659               1.571            -2.10402
-5.0191            -3.60417             8.23541
1.05041             3.88233              2.3487
8.68034             1.65905           -0.308925
6.06682            -5.26744            -8.44984
0.918529             9.35949             5.82692
-8.06077            0.431206            -9.16332
1.24965            -7.69982             2.55954
-3.33315             6.00357             4.86945
-7.08602             -0.6482              4.3614
9.92119             8.45264             6.30663
-0.168085             8.00254              6.1576
-1.96901             2.95643             1.96782
2.29185            -4.42052            -8.22034
2.79999            -6.50531            -1.89892
-4.66224             9.12292             -3.7363
2.17496             6.22678             2.34898
5.00281            -1.41913            -1.73011
9.04378            -6.57244            -7.94003
-9.90105            -7.05159             7.82686
-9.85057            -2.64071            -6.95795
3.12654            0.711349            -4.32511
-5.4452             7.99528            -2.23947
-9.94957            -2.10606             -4.9308
8.11873            -9.93249              6.2749
-9.15853             7.99006            -4.39496
5.44149            -9.63753             5.68286
-4.72694             1.81127             5.63584
0.742677            -5.24581            -8.57054
4.18189            -7.32473            -2.76671
-2.42234             8.70694             9.51328
6.90377            -3.95272             4.19473
7.12346             8.88771            -2.39396
9.14843             1.06909             1.75558
6.34163             -9.6739             2.32354
-9.67697             6.99718             6.02483
3.56999            -9.27313             5.48343
6.88645             7.58993           -0.704117
-0.814254             -1.7282             -1.4433
1.3677          -0.0620993             6.54207
0.521659              9.9972             -7.3034
-3.26388             1.52143             3.98919
-2.89088            -8.20504            -8.40573
-7.76499            -9.62158            -9.79484
-0.421594            -4.97715            -7.36198
-0.95577             6.22525             2.37947
-2.6947             6.42367            -3.18248
8.16645            -5.14181           -0.308082
-5.9166            -2.59858            -6.53833
-4.23834            -3.14312            -3.73174
5.1118            -1.37096             6.87976
6.04437            0.826792             6.59934
3.07691               4.798            -3.56884
-8.2625             7.73521              3.9275
-0.715103            -1.67484            -7.57688
-0.282852            -5.66843             9.77647
9.32967             2.02668             3.90726
1.23532            -6.68417            -4.00607
-8.11859            -1.29397            -8.99479
-7.913             8.97722             5.68968
0.775203           0.0358616            -3.12728
2.94836             6.05995             4.42882
4.94031             -5.3743             -6.6915
4.29283            -3.59804            -4.03923
-8.59997            -9.40925              2.0733
-8.09228             5.12379             -2.4005
-9.57296            -3.69615             1.45298
1.6669             3.98551             2.90397
9.24318             3.78838             5.92968
7.79443             5.47145             3.21152
-0.933913           -0.165475             4.58711
2.04007            -1.32763             2.11583
8.03397             7.72888             4.40074
-7.81396           -0.189287             1.50056
-8.39953             1.76657            -4.80117
5.30654             2.90909              3.9131
-0.964967            0.122439            -5.20097
6.83877            -2.72384             3.41317
9.0955            -5.43735             -1.3398
8.56895            -7.90485             4.32384
-4.30156            -4.12191             8.02824
3.31264            0.137746             5.56789
4.74375             6.27902              3.0887
-7.5889             6.77901             3.70638
-6.70891             9.50993             1.20803
-4.2416           -0.452959             1.77771
5.24471            -5.56489            -8.31692
6.30129             6.49176            -9.88919
-3.58613            -8.43907             -8.2134
4.40217            -8.76834            -3.46815
1.1845             1.95812            -4.75634
5.33468             8.68898            -2.34112
-8.29764            0.503011            -6.22074
9.40521             1.82178             4.71477
-2.45922             4.40166            -4.69769
-5.46993            -3.07247           -0.821362
9.98216             -8.0445             3.91662
-1.03868             5.70616             7.85543
-5.19458           0.0973462             4.79345
-6.98181             3.12906            -6.93159
2.63433               7.668            0.721881
8.33787             6.41886             0.60112
-4.15939             6.02372             5.25186
0.793952             6.41528             2.02307
-5.14362            -8.87396            -4.63607
2.81279            -7.92068            0.595158
2.85071             7.42606             8.12647
2.38975             6.57429            -9.88771
6.97466            -5.76172             0.87284
1.27374             7.41084            -8.34009
8.44476            -1.71761            -9.35637
-4.41306             9.28491            -7.66383
9.1833            -2.73743            -8.49484
4.69329             -2.4972            -4.45144
-3.79622             1.22621            -4.27778
-8.89713            -9.31889              3.4141
-5.45003            -0.16186             7.21643
-6.5393             9.93751            -2.16098
3.67899              3.2273             1.27385
-5.06317            0.901778             3.79227
2.82048            0.875947             1.57447
-9.01838            0.665067             1.01044
-7.4502            0.700373             3.25726
3.62001             8.56226           -0.247781
6.84192             -3.5482             4.64558
-0.668726           -0.760019            -2.67665
-5.32794              2.2434             1.67441
-3.50758            0.654004            -7.20662
-0.779443             3.76555            -8.50545
3.73639            -3.06975             4.86367
-0.470082             4.58816            -2.71212
-2.01467             2.74578           -0.651508
-3.60458            -8.83043            -3.60964
4.77424            -9.16103            -4.19003
4.04246            -6.14673            0.407469
4.21851            -3.05736           -0.567972
-6.43852            -7.17033            -4.29643
6.90131             6.29257            -4.03393
-5.46131            -5.03404             6.32832
2.67549            -7.13801             -5.6554
-2.13968            -8.32882             -2.5773
-7.161            -9.09241            -8.24215
-4.99803            -9.99939            0.530417
-3.30401             3.96681            -3.77422
7.72697             4.44837             -7.4282
-7.41178            0.629587            -6.66129
0.938431              7.7041            -3.47331
-8.39418           -0.670175             6.54958
4.31775            -9.20378              1.7472
-2.19403              2.5727            -3.42415
-8.47745             4.78744            -3.57432
2.68801             8.03734            -1.57046
4.27593             5.10726            -4.18316
2.00463            -9.11135            -3.92619
2.5376             8.15271           -0.100085
-3.46118             4.02414            0.626917
0.25298            -5.13598             8.00843
-5.4187            -4.33825            -1.42878
1.70781             1.91381            -6.07382
0.542831            -7.43529             7.41905
5.81409            -9.60796              4.2342
-8.49819            -7.77684             -9.2336
5.47505             4.44144             0.89348
7.22317              8.9662             3.17456
2.32742            -4.25438            -1.15079
-4.92333             7.73826             9.35508
1.94827            -3.94027             7.33803
7.96553            -1.79847             3.61701
-1.81831            0.418418             7.48004
-5.2819             7.19902            -3.64029
8.25951             6.00421             2.66608
3.88524              8.9334             5.71584
0.461734            -3.31889            -1.32847
-8.9594            -1.88572             8.26293
0.823371             -1.5778             8.47316
-1.90879            -9.44823              7.6626
2.41094            -9.32127             -2.1308
7.06033            -5.25557              7.5356
-7.65315            -8.76644             9.01243
8.568           -0.870086            0.502911
8.64191             8.14662             7.76756
9.80768           0.0549389             7.97756
-9.9103             6.93167             2.65754
4.36037            -9.84863             4.87228
0.508416            0.963772             4.04493
6.84555             1.15391            -8.57022
4.88203              6.5099             6.20107
-9.61064             8.31448             1.25956
2.68959           -0.293294            -8.72916
-3.89635             9.33043             8.14587
7.57379             2.99054            -6.66483
-7.77506            -7.31941             7.24933
-5.21999             2.66772            -7.31403
4.19796           -0.704497            -5.83691
3.09765             8.49259           -0.327405
7.12536            -5.73268            0.171852
-9.28856            -9.98437             2.71954
8.167             1.50334             5.53842
-7.05439            -9.37256            -3.63751
-6.74954             5.99537             8.59945
-6.49589           -0.481284             6.09938
9.71947            -2.84371           -0.300914
6.0869             3.31278             5.71183
7.80345            -4.10628              -1.131
-6.25541            -5.29099           -0.951581
2.69189             5.22355             -7.6092
5.80124             4.31257            -7.10777
-5.95762            -6.03872             -5.8977
-1.02544             1.48351            -7.71783
-5.79561             7.40745            -1.47651
-8.23422             9.03013            -4.54451
-5.96921             7.76758             -9.2273
4.06444            -7.56372             1.05534
-9.54322            -9.39451             2.29228
-6.0613             2.90934             6.27493
4.32526             1.09837            -6.90819
-9.38721            -2.33955             6.97776
-3.58722            -4.15479           -0.359522
5.73106             9.52941             -7.7877
0.884049            -2.48512             6.48891
8.62147            -3.10985            -2.03919
-7.90624            -7.82432            -4.06399
-6.71194             -1.6138            -2.52669
-5.46383            -7.02252             4.04827
-4.4442              4.1059              1.7646
6.27308            -3.04169            -8.60674
-9.03864             7.13896            -7.32286
0.303197             4.80131              3.8768
5.28618            -1.12311             0.50022
5.45016             5.12224            -6.24453
6.34965              -8.974             7.21334
-4.34713             1.81737             4.50662
0.995497            -3.28409             9.87818
8.54207             -5.7439             3.96434
6.59748            -1.49815             9.34964
-0.277475             2.61576            -9.52577
4.14592            -7.86493             8.08526
5.94525            -3.84841            -9.55016
7.62443              2.6249           -0.669574
-0.242383            -6.86179             6.61278
-6.67411            -9.12717             7.11571
-2.3354            -8.43045             1.94862
9.7885             4.67453            -9.03226
1.20998            -7.02416             3.23712
6.53979             -7.0919           -0.202639
-3.12645            -2.91209             6.90392
-2.82634             2.53274            -2.49031
-5.89077            -9.36338            -2.45063
4.09251             7.19107             6.61154
8.83839             5.78694             3.77484
-9.14459             -2.5306             6.40066
0.161007            -5.40145             7.22038
2.83088            -6.73696            -5.98343
0.814164            -7.21946             4.48512
0.721154            0.486196             3.05178
2.93371             6.07334             6.72841
4.24534             9.14338             9.42046
-6.72305             6.29043            0.538592
-1.81099            -2.34149            -3.49705
9.40105            -5.73966            -3.08596
-1.43106            -1.83969              9.4901
9.28093            -8.57238               9.036
4.63667             5.83822             6.28655
-3.5979             8.24705            -1.89335
-1.15514             8.81468            -6.35279
6.63978             8.72954             3.64179
-0.256986             6.66162             2.77596
1.21691            -2.23269            -5.08654
9.07314            -3.72386             2.17932
-7.86654             7.81738             1.41697
-1.79817             7.49875              -3.708
8.61919             7.85155            -9.50255
7.77153            -4.50483            -1.06447
-1.9606             9.98235            -1.47831
2.23546             3.44131              6.7507
8.9665             2.11408             9.61028
-2.33529             5.42926            -6.61305
3.84647            -8.24271            -6.40918
3.91428             2.17662            -9.68018
-1.42721             5.03072            -7.83592
3.11867            -7.53775             4.38949
5.77027             4.03641             2.35789
-1.99502             2.39665            -8.89308
-4.38168             3.74007           -0.922565
0.413509            -3.38938            -1.41845
-7.55097            0.228611            -8.77134
-9.01396             8.87301             7.94394
-8.57134             6.81426            -5.76648
0.696149             -7.0653            -9.92581
-4.10948             2.26367            -3.68865
-2.74073            -7.62377            -5.78179
1.12488            -5.92796             3.15826
-9.1469            -5.36303             7.50004
3.72812            -7.14439             5.54398
-4.53077             9.62054             9.38994
6.40338            -7.07809             2.87632
8.12494             1.12277            0.872459
5.46481             4.94232            -7.40714
-0.344971            -6.46646            0.500735
4.59432             8.54078            -8.56294
-6.28834            -4.61353             5.49789
9.16579            -2.49785             4.60402
1.64027                6.48             1.08343
-4.0047            -7.75608            -5.82381
8.0465             3.93278            -8.11669
6.51464             4.03357             1.65568
8.30747             4.63464            -7.28749
-7.97579            -4.32412            -1.98642
8.03033            0.337502            -4.50272
6.55429             8.33293            -9.46808
-0.845798              4.7777            -6.53282
-2.36793             -1.3014           -0.960755
-0.271923            -9.46059             9.56696
-4.11766             7.20128             8.71456
-3.96813             7.57197            -7.43092
-4.54965             1.99072             1.62576
6.77725            -4.34343             2.01398
-4.60685            -4.87662            0.348373
8.81347             2.60088             -7.2199
9.82536            -4.39801             3.20095
5.18039             1.21904            0.740357
-3.55732            -3.08734             9.18086
-5.96595             8.06997            -6.42007
6.24455           -0.558926            -6.01478
0.16919             3.98715             5.15175
-4.42489             1.44238            -1.45936
-6.45834            -6.54047             5.36823
-3.72817             2.91691            -1.13378
8.36634            -8.32157             6.59961
3.03272            -7.83664            -2.39628
2.95217           -0.138487            -2.34506
-8.44422             4.93496             7.26737
-1.35522             1.34286             3.11607
2.11649             8.57302             4.56722
-8.28154             3.67771            -7.96842
8.37956             8.13517             -8.3966
6.53881            -7.78933             4.63668
-4.40292            -2.86578              3.1319
-3.54829             9.12174             5.54182
1.03821            -2.75296           -0.569513
0.51709            -8.63958             0.90062
7.66342            -1.44117             8.80213
2.95459            -9.83547             2.05111
9.20875            -4.18956             1.28691
4.67059             3.10471            -9.21161
-0.175752              3.8927             4.51136
-7.56069            -8.06428            -9.49101
5.73012             2.45575             9.92465
-7.64186            -9.93935             4.25218
0.0363056            -4.50063             -6.7038
5.15682            -4.06163             -1.2101
3.20624            -6.79082             2.63247
4.39472             9.01446            -7.13526
6.75331            -1.20238             7.19557
-8.43747            0.328858            -2.96848
9.59092            -2.63835            0.139544
-6.54655             -9.0653            -5.88052
-8.56562             -7.3804            -6.53414
8.65993              9.3768            -3.37988
-5.59924            -3.18463             1.90861
3.65489            -2.58666            -4.50728
3.92132            -1.18037            -4.80851
-6.98264            -8.46739             3.44401
4.86342             2.62518              5.0734
0.150443            -3.78074            -2.92216
-0.554235             2.03391            0.827094
-0.664394             9.76407            -9.84985
-2.78513             3.36188            -1.60344
7.60245           -0.515698             4.80213
-0.593888             9.07592            -5.62152
-6.31581             9.33069            -1.72643
5.01694             -4.3123            -2.12378
7.00001             6.22278            -5.64808
-5.14971            -1.14103             1.19632
-7.38671             3.41194            -5.54796
-1.50732             2.51957            -9.83674
0.745855            -2.67507            -8.20399
6.8044             3.03279           -0.478512
-8.08283             5.44173             -7.8649
-7.05284             5.25099             2.97348
9.04018             9.57833             -7.4266
-3.45686             7.75117             9.38849
-0.892974            -2.20681           -0.556984
4.28797             4.77216            -9.22601
-0.348535            -1.92214             2.19309
1.94707             9.35942            -6.97861
9.91795             2.61125             8.29666
-0.0578792             -2.9839            0.579912
-0.639261            -1.01514            -5.93455
-4.90739            -6.18702             4.58447
-7.18682             7.47427             2.89363
-1.10569             8.11213              2.0044
1.07761            0.155025             3.38232
-9.27062            -9.05242            -9.90449
-4.15235             3.80291             4.24389
-0.0115988           -0.631421            -2.41921
-8.8635            0.861523             5.61695
9.87731            -4.18899             6.96402
5.5443              1.9721              2.5254
7.32718           -0.620751              1.3889
0.90212            0.614633           -0.602133
-6.61886            -5.57056             7.90155
-7.77856             9.25383            -1.36632
-0.836514             3.72661             9.97711
4.99649             8.03551            -1.39835
8.5522             6.31518            -7.49839
9.10031             8.13196            -6.64999
7.88476             7.93023            -9.19521
-8.24153             6.44183             9.23706
-3.42448            -3.85939            -6.40918
3.65765            -2.83853           -0.654917
1.70751             8.30226            -4.49104
-7.31773            -1.72491             3.64489
-6.04664             8.59034             4.01341
6.68388            -2.55164             6.21551
-7.70726            -1.93325            -9.70607
-0.36389             5.47846             6.81117
-3.95059            0.622063             6.84032
2.98316            -4.68918           -0.582544
0.602558           -0.226148             8.94348
-5.12196             9.31766            -4.37354
-3.77027              4.4032             3.48991
-5.90473            -6.73849             3.69339
-8.39992            0.743427             9.78816
3.03506            -1.32787             9.82478
6.78243             5.84491             2.00779
8.99075          -0.0595183            -0.50357
-4.11146             5.78753            -6.30392
-3.99488            0.580456             4.71357
-7.0449             1.65563           -0.621964
-7.48955            -4.09833            -2.10639
-1.17313            -9.90967             5.26077
-1.41637           -0.652796            -1.83965
0.569777            -5.57024            -7.81092
1.91839             4.44533             5.29893
3.48582            -3.53221             4.01898
2.33589             8.08862            -3.61857
8.97153            -1.16094             2.61726
-0.866426            -3.18217             5.29618
-6.02375             4.87228            -3.51085
2.2135            -6.73606            -2.81595
-6.0201             5.91936            -1.15723
5.21958             4.94919             1.27753
6.94845             7.34978              4.7582
9.13175            -3.90607            -7.82641
-0.548114            -6.29261           -0.255059
-1.00284            -7.17429            -9.45007
-7.16252            -4.67726            -2.36182
7.07484             9.28093            -9.69721
4.13852            -8.36696            -4.14803
-3.0216             7.89859            -3.32311
8.24423            0.808039             3.40281
2.97901            -2.51501             -3.0692
-7.03697            -3.88133            -5.19129
6.49036            -9.63715            -5.87483
-4.69559            -6.93655             -5.1888
7.23899            0.467244             8.24484
0.722975              6.2627             4.50543
8.83847             -2.7131            -3.29571
1.44718            -2.73934           -0.289014
2.35908             9.99604             6.53798
-0.580772            -6.36555            -3.50811
8.87997             6.50197             5.01601
2.55317            -4.03821            -2.28827
9.43572             7.25853             6.12904
-7.1038             2.60751            -2.25196
-5.53057             2.02185             9.67406
2.01453              4.0785            0.702836
7.16056            -9.45616           -0.587182
9.07132            -5.18785             5.52569
-3.26884            -4.31196             1.73834
-2.67007            -0.60823             8.49453
-3.0308             -9.9524            -7.25883
7.13736             9.07438            -2.64136
6.51692             8.03034             8.46006
-4.09071             5.94593            0.617732
-1.45238            -2.71067             7.70322
1.26499              5.4457            -1.85202
0.137348             4.71421            -1.84278
5.41494             2.22093             7.04457
8.42789             6.98752             -7.3711
-0.447675             6.28292            -5.33763
8.23423             5.13726            -5.32359
4.0632             8.98451            -8.68985
7.50946             8.21189              6.7089
8.15179            -1.78717             5.69005
8.43347             -5.2013            -9.84438
6.26972             5.36027            -9.69823
6.71468             5.99934            0.867592
-1.91932            -5.32273             9.84588
-3.84991             8.80216            -9.00389
-0.365929            -3.94573            -4.49996
-1.08219             5.22813           -0.227665
-0.570399               5.562            -1.39074
9.90845             6.10401            -7.99006
8.75941            -8.62971            -3.10433
-0.562461            -1.12216            -8.89737
-7.43829           -0.527357            -7.18893
8.22169            0.662567             5.95417
9.53551            -3.52702            -3.04361
-7.92475            -4.27412             3.39549
-3.0778             3.21757             9.25809
-4.70352             3.83374             6.54043
-3.63201            -5.21501             -1.4179
-6.3741             6.54653            -8.69564
-5.88551             3.49711            -7.84081
-4.10871             9.90235             6.24319
-8.51375            -5.45517            -5.47621
1.56316               3.791             3.81883
-4.06445              5.9496             -6.6041
-8.18658            0.374182            -5.28496
4.28849             6.59337             5.16736
7.68266            -6.32128            -4.16822
7.37796             8.37161            -5.90344
-9.63375            0.865611           -0.701862
3.20442            -6.82311            -6.10278
-2.32391             3.07563             2.78758
-2.12227           -0.598775             5.05405
-9.03686             9.02434              6.3219
-8.46188              7.4966             -6.3702
-9.7995            -0.41078             7.72969
7.76208             8.35506             9.54008
6.99088             6.92774             9.32523
-3.278             9.67746            -5.62305
-7.604             1.46001               7.734
8.66207             1.80121              -4.102
8.58059             6.38878            -8.07673
6.14673            -2.11826            -9.90356
5.71306            -6.99758             3.38481
9.35453            -3.48826            -7.64854
-2.41066           -0.609422           -0.913722
3.22366            -7.85177            0.618618
3.39549            -3.74126            -5.94745
-6.77969            -5.38406            0.910985
1.37852            0.621707            0.578029
3.77971             1.57937              1.1176
-3.2374             1.03795             1.06968
-7.93573             9.67408            -2.79793
-7.3687             9.94755             3.97993
9.65759             5.05482            -9.30141
7.05863             1.86133             9.53159
6.37532             3.01646             6.37363
7.0617             5.92003            -1.98135
4.66936            -2.63574            -9.70644
3.41066             9.06739             2.23457
5.99083             8.94731           -0.403959
-1.04565            -1.10664             8.89107
-4.87431            -4.20524             3.50029
-1.34578             2.83715             1.61602
-5.51807              -8.107            -7.41243
3.41411            -3.26173            -6.34189
5.67383            -7.63967            -9.82183
-0.142821            0.252874             6.67953
-2.20314             1.00087            -4.16151
-4.04047             7.25339            -1.26897
6.6549              8.0176            -6.90821
-9.67528             2.93829            -3.81999
8.06513            -2.95181            -5.53578
-0.714097            -7.40216            -2.63684
-0.132752             5.75266            -6.44248
-1.11483             -3.7002           -0.643365
-7.19537            -5.95984            -7.72025
-3.33027             3.66674             6.64112
4.3176            0.839465            -9.56845
-2.65265             8.11961             4.95928
7.52801             7.13475            -1.64494
-7.31569             0.11324            -5.04163
-7.04714              5.4033             7.99098
9.92708            -2.00815             6.13608
5.52172              8.4029              2.6182
-8.48106             9.10988             6.33597
-1.02556             1.73468             8.62427
-5.84673             -0.6984            -1.00953
7.18926             7.17171             7.08592
6.48631             9.67865             4.44926
6.50569            -8.00169              5.2005
9.49668            -1.07178              1.5268
3.91099            -2.63525             2.46037
-9.10852             3.44612            -4.63107
-2.34203            -8.82332             5.30362
-8.81152             2.28759            -6.31772
-6.47165            -7.41423            0.952935
-4.49376             6.63183             1.24824
-1.36957             2.89718            -6.23223
6.70801            -6.13767             3.37934
-5.75831             9.21573             3.34737
-3.58992              1.5047            -7.15637
1.03119            -4.86322            -8.16652
-5.36029             2.96981              6.0611
-3.55316             2.19586             3.64819
9.93986             5.75268             9.34448
5.19801            -3.59159            -8.04219
-8.30906             4.10968            -9.53794
1.86668            -2.72479            0.555743
9.02472             3.20001            0.534994
-8.11693            -4.08884             2.59555
-5.08832             6.73183            -9.95944
4.2357            -9.22766             6.68205
-4.34758            -4.30785            -1.43107
-6.42877             5.19895             3.99941
-8.06105             2.10217             3.46322
-7.44            0.794758             1.46808
-2.44334              9.8977            -3.28869
0.184743             -0.2974             6.53744
6.14727             3.14255             -7.2356
7.0608            -4.25191            -8.72835
-3.99812            -6.54025             5.51798
-8.8098            -3.15725            -7.75089
-5.13674            -2.24491             9.81772
-5.32567             -4.3757              4.7547
-3.27289             7.03163             7.98263
-2.93883             -6.1825             2.49526
-9.26853            -5.28266             2.82673
-4.67819             6.93661            -7.93223
3.01461            -4.41576             2.69957
8.07672            -3.18769             3.34326
3.76902            -2.74109             1.30309
-5.50494            -9.26586            -5.79522
7.04306             2.97126            -4.62266
1.00467             3.92131            -5.77348
-3.03507             3.92522            -4.84574
-1.46215            -8.02586            0.459043
-7.69982             -4.6135            -6.18427
-4.88388            -2.50835            -1.58421
-4.14779            -5.16536            -6.74549
-0.836848             8.87881            -8.36969
-0.350052             4.14012             5.30901
-3.9845            -7.01228            -8.96482
0.40679            -7.96423            -3.28959
-7.3797             7.73591             5.30654
-2.12073              1.7667             1.56103
3.98328             2.29252            -2.66427
-4.57108            -8.02463            -0.43001
-9.04997             8.27285             2.57977
-7.06626            -6.38083             0.12942
8.76278            -3.35708             2.69729
-6.49375             1.09339           0.0040481
8.10633             5.40766             -5.3523
4.94583             7.95768             8.32925
-9.65464             1.38159            -5.02149
-4.84082            -6.56005             2.68931
0.98396            -9.41995             9.03276
5.80217             2.57363            -4.31008
8.05887              9.6008            -2.62394
-7.57808            -4.74006             9.89174
1.39408            0.401607             4.66367
-7.52984             8.45668             2.66553
-7.38426            -1.24394            0.458649
-0.913728             8.80061             1.73739
-5.08316             7.73125            -9.26727
8.61629            -6.50381            -6.61399
5.23453            -6.71438              2.6658
1.3889            -7.23869            -3.37443
9.68963             4.24787             2.04962
3.25022            -3.71686             1.45543
1.79601             2.18817             5.51377
0.797142            -7.87164             6.75619
8.13655            -9.82942            -2.43843
-0.976594             2.97769              8.9874
-5.34624             6.83309             4.50424
8.62576            -9.26604           -0.103466
-8.99839             -4.0431            0.865817
8.09382              7.6156            -7.55852
0.831318            0.822476            -9.07223
1.70049            0.545658             2.23122
2.2721            -2.57333            -8.24365
2.9719             4.19111            -7.46115
-2.45034              1.3413             3.32201
5.73077            -5.51776              3.9214
4.00526            -7.10136            -5.06996
-2.49061             1.94556            -6.33718
6.1765            -8.76613             6.23679
-8.43072            -2.04879            -3.53948
-8.19852             3.33139            -6.10181
-1.77156             2.34544            -4.29726
3.15895            0.208357            -9.79673
-8.91345            -2.63893            -9.07126
9.4403              6.8505            -1.52813
-4.40323             7.15962             3.42875
9.94385             2.60994            -8.44605
-3.04209            -7.11631             3.78149
-4.69559            -1.50364           -0.586591
-5.3383             8.51559            -1.38952
6.44338             2.57485            -8.34317
9.42351            -3.40464            -7.66045
-7.69556             9.98138             8.56381
-3.65856             9.35973            -3.76842
-7.60247            -5.12834            -9.83796
5.73565             7.29392              1.8717
4.35926             1.29611             -3.1022
7.3864            -7.76727             4.90708
-9.68933            -8.58852            -1.60345
-0.0738554            -7.14806            -8.36788
-2.69205            -4.84635            0.769376
-7.53716             3.54046            -1.86162
-7.15599             7.73889             -9.8706
-7.00583            -4.49692              1.8711
-5.5913            -5.74481            -9.81534
-3.59538            0.523397             1.19879
-1.00101             2.48971            -1.19231
3.01615            -6.44094            -6.40761
-9.9991              1.1075           -0.056887
7.60737              3.0827             3.31089
4.57383            -4.21453             2.18727
-1.03987            0.811477            -3.57428
-0.842885            -1.98697             5.83504
-9.0702            0.181762             3.93831
-7.75773             6.94843             4.68583
8.7606          -0.0224134            -4.73978
3.19802             0.63538            -2.96447
-7.81245             5.49363             7.58527
5.46983             5.64257             9.73354
0.366217             4.55121            -4.34679
1.10751             7.78863             5.63981
-7.05039            -6.98295            -2.52146
-1.41515            -8.64926            -8.86748
-6.45223             1.98217            -6.52945
6.50319             9.65728             4.20789
-3.80505             4.40046            -2.04657
-3.03202             6.63869             6.12657
1.75268            -2.56111            -2.20711
6.66035            -9.31272             9.76227
8.87357            -8.12555             -1.7188
-8.56411             5.12711             9.21629
-5.39445            -7.18467            -8.86075
3.62529              2.1546             6.48978
-3.53466             7.79138             7.22252
2.20283            -2.80496            -3.27006
-3.35521             8.77225           -0.167852
4.05317            0.147094            -7.71232
-5.18449            -4.13526            -2.57087
8.23115             2.85471            -5.65137
-7.82037            -2.95236             7.69408
2.89195            -4.51367             6.55143
-9.0823             2.50802             3.32849
-0.108726             9.44277            -5.22265
-3.11559             9.00614            -1.81736
9.35561            -1.57568            -7.16264
8.39781             1.48157             4.53739
5.43694             6.57664            -4.52526
2.91765            -6.99607             4.08008
8.61321            -1.42247             -7.4774
9.74729             4.98946              8.0415
-2.73935             1.51128             8.31351
-8.41152            -2.03071             8.15756
-7.64672            -4.10231            -9.37594
-6.40614             1.44414            -8.89403
-0.997652             9.89594             6.86302
-2.10211            -1.59124             -1.6196
-8.69839            -3.01859             -7.2515
-6.38295            -8.26135             5.52629
7.87775             4.84239            -7.51214
-6.95242            -6.86391             5.69018
8.75851            0.223704            0.882282
7.54479             5.23149             3.38481
7.58355             7.11144             2.85622
5.54094             4.01136             -5.1738
-8.52382             -3.2899             -3.5612
-6.98233             -5.1799            -6.70462
4.27992            -8.59706             9.04386
-8.93033            -6.32801             5.75183
9.26696            -8.45455             1.41455
-6.79892            -5.34623            -8.11792
-2.01849             6.30086            -2.60532
9.92554             3.20475           -0.825466
1.05108             9.72014             4.85236
-3.51419             7.92506            0.781998
7.10434            -8.98029            -9.25688
-0.417586             6.85538            -5.10051
0.734428             8.59877             8.08303
3.26753            -3.20413             2.71392
3.84023             -3.6601             3.11079
7.4956              2.7262            -7.09214
-3.19226            -4.18959             7.63157
0.00975863             -3.7397             8.01865
9.59167             -4.1984            -9.73972
-8.01478            -4.54267            -7.75022
-4.2027            -8.27449            -5.80525
-8.87234             3.00063            -4.70351
-0.100407            -9.08593             1.51708
6.31184             9.91549             7.38182
-8.4283            -5.12253           0.0256268
1.89704             6.92531            -3.75532
0.9946            0.673585             8.68923
-4.74929            -7.45567             8.05995
0.933864            0.686982              3.9906
8.31996             -1.8268             9.17997
6.42263             3.01434              4.6022
1.78106            -1.32724            -3.71076
5.67614           -0.885939            -1.58117
-6.58864            -7.08117             -3.6848
0.757777           -0.502593            -8.52687
-7.22465            -4.18316             5.06547
-9.40367            -3.65215            -9.46469
-0.311283             6.03906            -9.69297
-4.30464             4.50549               4.522
9.42748             4.41207             1.65908
4.40507             -4.4386            -9.32305
-5.3154             -3.5981            0.376739
-8.94719            0.167606             9.76594
4.0172            -8.64342             8.06913
8.54248             -9.8697             5.65198
-0.0056162             3.87328             0.39895
4.67481            0.579156           -0.802477
8.91781             5.44352            -6.58395
6.00542              9.2271          -0.0569071
-6.2152             6.40096            -1.04867
-2.92854           -0.497514            -1.12921
5.32641             1.13698             3.47393
-7.22861            -8.44727              8.0023
2.72747             -4.3158             9.45958
-7.69583             6.80216             8.57911
9.33318            -3.69943             1.07884
-1.40415            -6.33687             8.92481
8.66607             2.93916             6.59439
-0.300091             7.88113             5.91563
3.87221            -5.65173            -2.86847
0.0302375             7.67311            -5.67555
8.93055             2.21575            -3.69125
-8.81994            -9.12329            -3.09362
5.69417            -1.89341             3.68817
-4.9333            -2.89025            -4.20939
8.87439             -1.4318            -1.85149
8.07005            -6.72312             4.61719
7.04399             3.42022            -2.36484
9.19768             9.03957             9.46775
0.407147            -9.65861             4.46087
1.09245            -6.95851            -0.43186
-6.7339            -2.85044             8.86382
4.44596            -1.69394             8.38992
6.70939           -0.355254             7.12947
-8.0854             3.15939            -3.78958
0.2982             2.71809            -3.18428
-2.9038             2.51605             5.99093
7.7501            -3.57458            -4.83585
3.70918             7.52764            -4.51963
-3.91983             2.44018            -8.17873
-7.68513             2.13821             5.44317
3.79007             4.19046           -0.977739
-8.71446           0.0166366             1.16087
-1.8083             4.92696             3.49069
-9.73956             3.07602             8.10323
-9.0631            -9.61613             7.98423
-6.81815             1.44164             0.36068
-1.72918             8.75338             2.78662
4.89852              -2.343             4.40504
-2.81948             -5.4126            -4.21736
2.77441             3.02332             7.01071
-8.36134            -6.83196              1.4811
9.45351            -8.46409            -1.58908
9.92168             2.26575             6.81931
2.57451             9.53747             3.53367
9.17276             7.53477            -7.13452
7.7089            -2.56182             9.16774
-8.17336             2.73095             5.20672
1.71146            -8.27067            -1.77561
-2.50698            -9.18158             9.71744
-9.94521            -8.22544            -8.09074
4.58369             1.21073            -4.90009
2.44818            -0.96182             5.92979
-2.56436             3.86096             3.92179
-4.22768             9.82522            -4.53892
7.73337             5.58667            -6.36838
6.03087            0.920984             9.92672
0.95822             1.48919            0.713976
-0.505703             3.97632             4.28288
8.45179            -3.95533             8.58292
-0.775184             2.51041              7.7475
9.55044           -0.070661           -0.311798
0.425407              3.8379            -8.54501
-5.97462             4.89057             1.96255
1.97607              5.1747           0.0765754
4.23566             3.08719            -3.77426
-1.31292            0.926142            -7.30584
-1.78259            -4.68888            0.411382
4.56435            -9.21326            -5.73718
-4.37759            -9.94546             5.39357
7.74713            -4.13548            -0.98572
8.30104            0.015536             -7.1099
4.45967            -5.47475             1.35626
7.56949            0.435877             3.07475
-9.17173           -0.655782             6.44611
-4.64919            -9.40523            -3.77545
9.55046             6.16807            -7.68671
-4.42063            -9.13524             8.89157
-6.97897             8.47261            -8.24122
6.63167             2.04166            -8.06421
-6.24073              8.9715             6.02558
-3.04576            0.674823            -7.00368
-9.50469            -5.13557            -1.06389
-3.15073             7.26736            -8.80214
-2.50038             1.63028             3.16911
7.95251             1.84322            -1.12731
8.36756            -2.47969             4.32181
-6.23615            -3.24535             3.73867
3.35705            -9.23245            -8.34282
3.00638            -1.42759            -8.74412
-4.5975             2.00089              4.7739
6.8733            -8.22626             9.50611
-9.76705            -1.34491            0.532922
-3.16998            -3.75377             4.23027
7.98517           -0.555442            -8.17696
-3.82093              2.8431             8.47429
-6.80319            -1.20334             9.68106
-4.69619             6.85598            -8.11155
8.08954            -1.07883            -5.87239
7.60308            -6.88651             2.18786
-2.09449             4.13618            0.144965
-8.46675            -1.20946            -4.59976
-0.347299             8.01905             7.24876
-6.86545            -8.98313            -6.07013
0.460527             7.41905             9.89867
-6.16261             9.96826            -4.63943
5.7152             2.15551             4.02296
-9.28374             2.62581            -5.08592
-5.67218             8.73959             3.88104
-3.9552            -6.64512            -6.61274
-7.28233            -4.50699            -7.27653
-4.20728            -6.98782             5.05052
5.27818            -5.46404            -4.95101
3.40312             1.16946             1.91628
2.29805             4.00371             3.18004
-9.23124            -5.95966             9.26849
9.43969            -1.89124           -0.869724
-4.24269             0.26338            -7.58776
3.04393            -8.62182              8.3509
-7.87926            -3.84594             5.19227
-9.7004            -6.68421            0.762103
8.76402             3.06893              3.1685
4.99147            -4.65559              0.7714
0.590754                1.16            0.787576
-8.64092            -7.66262            -9.48478
2.45213             7.96839             3.99526
-5.68256             3.83038             -7.2181
-6.19374             8.95443            -5.29506
6.34724             6.14735            -3.34029
0.589315            -1.53356            -8.10117
2.77108              2.9255            -3.12662
-6.05244             5.12223              4.0733
4.63088             8.04498             5.58397
-5.49791            -5.54186            -8.91904
-4.66048             5.61296            -5.83758
8.08069            -1.11087             2.20893
-4.94553            -3.85388              5.1439
-4.11847             2.99356            0.977216
-2.17781              1.1835            -7.15935
2.80648             2.48177             6.58712
0.927764            -4.78835             7.00705
-0.606403            -9.07529           -0.764184
-4.71969            -9.86116             6.18365
-8.67184             1.75635             1.10416
1.50701             7.19871             7.70105
3.63506             7.99616            -9.96094
-9.30937            -9.37987            -8.29368
8.75973             6.98264             4.71543
-5.51927            -2.48451            -4.31219
-3.09305            -1.64739             3.22222
-5.999             2.52541             1.30108
6.13698             4.46578             6.99714
3.75887             4.68035            0.474909
-5.86562             1.01047            -7.69884
8.06187           -0.315671             4.64665
9.99267             -9.0927           -0.920079
-9.41634             2.90474            -7.77301
-5.38318             6.25729             6.47857
-0.400708            0.515751            -2.60918
-9.7705            -0.69247             7.51982
-2.82235           -0.863372            -5.98351
-4.62753             6.48305             3.15497
-4.62325             6.17084            -7.45447
9.47234             9.87213             2.13873
1.45787            0.585348           -0.615556
-7.28508            -5.00016            -9.67681
4.20881            -3.84839            -3.45897
9.32738             1.75818            -6.94998
1.14383             2.59011             1.16216
6.72781            -1.14109             -4.7029
8.21528             6.27309            -7.75659
7.01224             1.09042            -9.42931
-9.36766              9.6637              8.5165
7.51641            -4.49936             4.62539
-6.95516             9.04446             8.93461
-5.60808             7.09678              1.4774
6.67318            -6.43881            -4.98551
9.111             2.54921            -4.45509
-8.08435             6.12384            -9.32279
0.48433            -1.59368             -8.8708
-7.05527             1.96204             5.33989
-6.47419             7.58537           -0.762283
-6.53676              3.7785            -1.90976
2.29561             8.74569             -5.7323
3.29493            -7.43674             2.33197
7.25824            -3.91134             3.85182
6.7453            -7.67063             7.83247
-8.27907             9.92175            -3.71161
-8.17392             6.32829             5.13206
-0.260327             1.22562            -1.36531
0.58444            -2.77749            -5.35404
9.04081             2.08807           -0.557226
7.50633            -9.02157            -4.10264
-4.83597             5.12895            0.497112
9.47357            0.831942            -6.30422
3.01645             3.17423             7.76939
-5.92303            -9.21659           -0.365004
-5.95508            0.704975             1.01076
-4.07788             4.96903           -0.881693
-5.79821            -2.84615            -2.02857
-1.348             4.24941             3.58592
4.59334           -0.101629            -6.24378
-0.0451728             6.26881              6.7797
-6.50777              2.1302          -0.0747684
-9.10459             6.52669             6.42505
-8.13929          -0.0534103             4.28694
3.21391            -1.87873            -3.56428
-8.41274           -0.321052            -1.73345
-1.58421             8.25985            -9.07803
-0.511183            0.285036            -6.52974
2.73232             9.40917             8.24675
5.96515            -2.61269            0.775195
4.42641             6.68905             2.35762
6.66799              8.7283             5.75342
5.52415              7.2808              2.9796
-5.45458            -6.88803             8.29186
-5.13124            -1.98274            -2.74693
-1.20059             4.49478           -0.964334
0.541867             5.72181            0.824208
1.46336             3.10761              8.2811
-5.05814            -4.99984             7.85893
5.69537            -4.54064              1.1528
6.24104             8.09381            0.517462
-6.30666              3.7352            0.126261
0.737331             7.10293            -5.75217
-4.55184             4.95957             5.16462
9.71222              7.2384            -6.18794
4.65163             -8.6306             7.66136
5.43535            -9.20862             6.51906
-3.94666            -2.83942             9.87272
-0.915549            -6.53094            -2.93774
-0.498366             2.85871            -9.49372
6.91336             2.26727             9.61029
-3.63079            -9.62859            -3.83922
0.449229           -0.328372             -4.2549
8.71243             0.84327            0.298471
-2.31331            -6.35209             5.31022
6.24226              -1.937            -8.65322
4.28542             3.49895             2.16956
-8.29371             5.30416             7.74957
6.11134            0.549981            -3.81328
3.82977            -0.72297             5.12711
-3.92438            -4.72181            -6.10826
9.57428             4.42187             4.78197
-2.07312           -0.842272           -0.334403
6.27034            -4.79078            -6.55165
-5.39019             -3.2444            -1.37016
2.52572            -5.65747            -1.87703
5.15458            -8.15968             9.69459
-1.26499             9.54417             6.18131
5.51409              3.7827            -3.17931
8.37166            -9.67386            -9.05637
4.27587            -3.80103            -8.81265
0.611413            -6.93279             1.15189
8.94043             9.25473            -7.23013
1.68311             2.78807            -2.26109
-1.91819             4.40182           -0.547824
-2.425            -7.52493          0.00575558
4.29152              6.0323             2.67891
-5.15608            -1.40424             3.82364
-1.46733            -3.64563             7.32715
4.01136           -0.649133             6.02463
-2.93284             1.40281            -8.52112
4.24593            -6.84252             1.70562
8.25723            -2.89107            -7.99191
-5.06819             3.53757             3.54198
8.77011            -7.92245             9.27214
-3.85826            -4.03361            -7.18864
-5.23238            -7.92659             6.31245
-5.90501              5.4109               -9.44
-2.52053             4.35119            0.910659
-4.27239             2.48271             5.71428
9.18714            -4.00988              4.5897
0.372952             7.44485            -7.00308
8.89523             7.86053             3.01252
-8.49708            -2.96606           -0.555997
8.49943             6.41173             0.80114
8.18844              4.5503             4.32668
-0.126647            -7.19447             8.01012
-8.23294            -8.38295             4.00877
8.31357             8.62055            -2.71475
6.33553            -9.90707              4.4612
4.28553             1.48025            -3.52031
-0.641145            -2.20501             5.78506
4.09631            -5.42356              7.4143
4.24401            -8.19396            -9.48435
-1.81446             4.36301            -8.68036
-3.09734            -2.96715             -3.3056
9.51263            -3.02688            -9.67017
-2.41768            -8.43845             -5.6832
8.72694             8.16833            0.413515
-8.12159             8.22063            -3.57863
9.55411             3.42257            -7.60063
-9.21325            -2.44249            -2.04293
9.90226              7.7664           -0.587772
-5.67189             6.40598            -1.33733
4.85926             5.18156            -9.05122
-5.44611            -9.70712            -9.21692
0.913634            -8.83306              9.9827
-4.98937          -0.0676984            -3.14284
8.16152            -7.84896             7.13394
-1.51941             -4.7979              1.1762
-1.83242           -0.194491         -0.00918814
-3.18207            -8.85644             2.12862
8.80713             2.15341            -8.36763
6.75959            -8.09359            -6.72504
-1.43994             4.93551             8.12717
2.73046            -5.75291             3.07589
6.27062            -3.19994             1.85089
5.64286            -5.84499             3.06009
5.28782            -9.96863            -7.88431
-5.11233             4.95265             2.51448
8.61923            -8.83355            -2.90848
-0.609138            0.494086             8.57505
6.04371             8.75335            -9.52933
2.72359             4.84987            -3.51934
6.85036           -0.372785             9.64728
-6.14175            -7.18021            -7.08479
9.55841              6.8345             -2.1229
6.28924             4.55118            -9.91881
-1.0477            -7.89518            -5.85959
-3.80536             7.37491           -0.670213
5.09631             4.91245                3.09
-9.95148             7.36958             9.56114
-9.29227             7.24995             8.71517
2.92856            -5.59029             3.31553
-3.15927            -9.11391             6.15746
-1.21769             9.72134            -1.37638
-5.262            -1.01021            -4.66994
6.61732           0.0781858             2.54039
-9.34844            -3.15651             -3.6012
-7.9635            -8.87543             5.87635
-5.46403            0.530378            -2.03985
7.79075             3.48558             1.20365
7.69768            -2.10179             3.74983
9.66918            -7.98704             3.80658
-2.02948             1.30554            -3.66985
4.92018             4.37643            -6.67382
1.91839              2.3696              9.6814
5.08591             1.85122            -2.63159
-2.01544             -8.8208            -8.13954
-2.16622             5.57765            -9.54736
7.99036             7.71671          -0.0440704
-3.51389            -1.82075            -5.53519
9.14592              -7.075            -2.93888
-3.59489            0.276064            -9.10613
6.53724             5.85353             7.95271
1.88116             3.31784             2.63212
8.93247             6.96795             8.05759
-6.16567             1.80686             7.70206
8.42953             5.39778             8.87343
4.81063             4.38427            -9.06929
3.11288             6.74031            -3.42115
1.17496             8.07214             1.25367
-2.03924            -7.84632            -3.47026
-9.86236             8.70113             9.71678
-4.34156             1.64709             8.60713
8.84641            -6.52457            -8.04347
5.60168             4.25213            -6.31153
-5.13993             1.52104            -5.11948
-7.07083             5.06302             -8.2934
5.74786           -0.654939            -3.00273
-3.10464            -1.29919             6.40464
-1.44932             1.94769            -8.41242
-5.56474            -8.19605            -1.85796
9.73541            -3.92255              9.6759
7.15476             -6.4562            0.480064
6.1916             -9.9994             7.87561
4.97544           -0.604577           -0.582294
2.09876            -2.06305             7.04215
7.25181             6.90023             -4.9681
1.18442            -1.89429             4.82682
6.42507            -8.70236           -0.884669
-1.60344             9.71283             -3.3939
6.91305             1.90072            -7.60295
1.59887             2.00202             1.52821
-2.02887             4.43772            -7.03291
-0.114127             2.28779             4.45028
-8.07948            -3.34422              4.5969
-8.19087             4.88328            -8.80088
-0.799111             1.33826             1.75582
-4.48867            -9.05598             7.89556
-6.24744             4.09253             4.31061
0.0265517            -5.87237             8.04077
1.36022           -0.105905            -8.22112
4.42671            -8.33064            -1.53298
4.75876            -8.86046             3.37748
9.88282             3.62957             7.30522
2.42409            0.947909             1.77588
0.967743            0.741593            -7.23962
1.69012            -7.30064             6.19374
9.50622            -3.10281            -6.17817
6.95334             4.83688             4.92844
-5.31511             1.50212             7.90644
7.77613             3.98267            -3.73212
6.92923            -2.33956            -9.08843
-0.951875           -0.881674             -3.9787
2.68319             7.61957              9.5587
-8.80429            -4.95498             2.60935
3.02042            -1.57995            -1.77374
2.82754              2.0014            0.752296
-0.851464           -0.983917             5.83515
-0.923789            -5.57451           -0.342405
9.46227             8.07703            0.576509
-4.25215             6.08387             7.86835
-8.11304            -3.27648            -7.02041
2.29804            -9.29626            -7.73539
5.34136             5.07401             -9.2581
8.46811             4.82496            0.976678
0.302136             3.62794           -0.816886
9.54405             2.10273             4.33352
4.53955            -8.38081             3.02184
-6.96908             7.42698            -6.41279
-1.59644             4.96894            -7.03811
2.39448              2.2724             7.87516
-1.11454            -8.98344             4.42845
0.503557             1.34922            -7.68918
-8.77316            -0.01251            -3.41934
-5.01999            0.159919             3.69854
4.85428             5.13047            0.898156
5.32518             7.29851            -9.28435
3.60729            -2.79947             4.72945
7.44804            -7.68945             5.01085
-4.1966             2.32521             -8.4753
-0.638758            0.642111            -1.14535
3.10984             6.74886            -2.36579
5.51805             2.23853             9.98597
-8.69747             -4.6669            -1.55461
-8.1756             6.43727            -2.35421
-2.27607                5.15            -6.63168
2.81014             4.60707             -6.6103
-8.23969             5.97888            -3.25296
-9.83154             -0.2588             7.39099
-9.04721            -5.03373             -8.8708
2.98074             5.75366            -1.22195
1.16611            -4.15601            -6.10917
-4.31318            -2.01789             3.43249
6.16444           -0.358601             5.65851
-5.94958            -1.98951            -1.67934
-8.52778             7.17674             7.80678
8.7233            -4.95377            -2.12435
9.60511            -5.45449            -2.22624
6.36854             3.31766             1.09521
-6.6287             -4.2079            -1.59881
6.02434            -6.98937             4.26108
-8.28826             4.65082            -7.31431
-7.81611            -4.60278            -3.07067
-5.06394            0.247817             6.14006
4.3199             6.63992           -0.816112
-4.7383            -9.04386             6.63714
-1.15024             4.26221             4.38154
-2.4308            -7.74285            -4.38033
8.89127           -0.657061             8.75606
1.39134            -6.31886            -7.15141
-0.459611           -0.162666             6.03199
-6.90421             3.60913            -6.24715
-2.92001            -5.60137             5.07645
2.23548            -4.58602             9.30846
-5.04928             7.41264            -8.63004
3.86059            -5.10941              4.7737
-7.84814           -0.523383            -7.49993
-4.46882            -6.15101             9.48547
0.898472            -7.73493            -3.01676
-7.74468             -3.0076           -0.376896
-9.29533             2.95298            -5.27053
9.86695             2.16865             9.77967
-0.0317393             5.11125            -2.08653
0.356766            -5.45183             2.96489
-9.48668             5.36943            -8.48349
-0.540475             4.11115             7.35259
1.23387            -7.38184            -4.73551
2.75767            -1.01291             6.56422
2.11922             4.35227            -9.38775
8.78235             2.99011           -0.512058
-0.551478             8.49099            -7.87739
2.97109             4.32581             6.15366
0.608207             9.59342             -4.0983
-5.67389            -2.26976             3.72181
5.01877              1.0614            -7.46303
-6.67685              2.7598             1.39548
5.64898            -4.95952            -8.15733
8.16034             5.41216            -8.72285
-8.04011            -3.99608             4.43799
-3.0784            -7.56733            -6.94816
-3.03202            -8.79539             4.37849
-9.25871            -3.98296             3.95643
9.87428            -4.77644             6.58862
-3.13395            -7.93905            -4.04157
-7.65251            -5.64925             6.41622
1.10691            -7.26644            -9.47388
1.65013             1.16216             2.19124
-2.33863             1.40847             3.02012
-4.64552            -6.61487             6.49341
5.52874             9.32068            -9.52453
-6.35823             1.97212              6.4266
-5.2443            -9.04138             1.52257
-3.58959           -0.471487            0.726651
1.80365             4.40781          0.00427122
5.24857            -1.63243              6.4785
3.90637             8.84644            -7.99736
6.71315             2.81506           -0.489461
6.33687            -6.74794            -2.95902
-3.08084            -8.18442            -6.26614
7.44226             5.84802            -5.23534
-7.04213             5.36164             3.24292
-3.90525            -5.51978            -5.31993
-0.655802            -9.43493             6.74027
4.89265            -2.25725             3.61472
7.42874             2.61855             1.28257
-5.1775            -1.05517            -4.07138
8.07273             6.93927             2.67969
8.56868            -6.17447            -8.72837
-6.3923             8.10248            -1.82839
-0.188603             3.16801             5.02546
-7.14196             2.50464             1.94158
-0.0759857            -2.26748             3.11105
-1.71958             7.29585             6.90078
-2.4607             7.53706             7.40715
6.40156            -6.89938             8.07454
6.20444            -2.86109             6.72012
-7.75291              9.5345             6.42259
-3.45285             1.10677              1.4139
7.16453            -5.45813             2.25898
6.86322            -2.86852             5.88151
-7.30505              5.9986             2.97464
2.0347             2.42026            0.964066
-4.03973           -0.265706            -5.49882
-2.25938            -7.01628             5.37831
4.14779             6.01601             1.65748
8.66453             7.83335             8.80066
-8.36452            -3.61592             7.00313
1.49972             -2.7842            -3.37104
6.99652            -8.84488            -3.48081
8.96086            -9.54633            -6.14789
-7.98181             2.42303            -9.69686
9.8061              7.5094            -3.83887
-0.94039            -3.13648            -5.72993
6.35888              6.3902             4.10813
1.80613             8.27786             8.80169
6.53156              3.0873             6.22639
7.25311              1.2594            -7.73692
-8.53458             3.30039            -8.98439
-2.6097             -2.8383             4.41324
1.16561            -6.71026             6.98258
7.51439           -0.675943            -5.50894
-7.28655            0.423668             8.70751
6.4711             3.24173            -4.02893
9.51504            -1.07037             2.69046
-2.98948            -9.55582            -3.63537
6.56141             7.78961             2.57972
-2.31398            -7.21284            -5.94653
7.24581             2.48374             9.45586
-5.20179             8.81561             7.91468
-8.3135             6.48555             1.49448
-9.99709             2.58284            -9.48563
2.97888            0.356073            -8.25774
-8.62782            -7.77265            -7.14652
-0.879619            -2.27311            0.834382
-0.356722           -0.875052             2.95637
-8.12362            -6.43265           -0.945168
1.46529             -5.5983             7.52427
9.56791            -2.58775            -3.23586
-5.67572            -9.67323             5.32734
5.63504              7.2732            -6.56459
-5.40167            -5.76095            -8.05234
-4.13246            -2.84502            -3.40093
-3.99066             3.43496            -2.51462
-4.88541             8.38665            -2.70237
0.32536             5.64225            0.446955
2.83914            -3.01108            -2.15003
5.68899            -7.45779              4.2466
4.83804             3.46506            -1.54387
4.91408             8.52043              1.9429
7.79319            0.358621            -1.89631
5.82597             4.67554            -2.41599
2.70853             7.14772             -5.3169
9.04173          -0.0992179             4.44132
1.22776             9.35444           -0.741339
-0.604277            -9.97449            -6.89811
0.298792             4.76301           -0.820969
8.93827            -6.78246            -8.45668
-7.43767            -4.61052               7.362
1.4484             -1.7105             9.72412
-5.20034             -7.4795             7.73431
-1.04129             7.86581              5.2745
0.0412014             7.84224             3.89171
5.11703             5.13091            -3.58439
-9.04262             6.30113            0.360727
5.47563             -8.8495             5.77411
9.26787             4.76678            -8.97607
3.28561            -7.37265            -5.58335
9.98324            -3.35219            -7.53869
5.09995             8.04556             9.34814
-8.94437             2.87916            -8.19116
0.0415068            -8.72707             2.18147
-1.62174             -3.8829            0.368979
-1.05807            -3.67844             1.35813
-7.88506             6.04671            -4.01284
0.724223            -9.86956             6.27221
5.52937            -7.43373             2.47075
0.770615             3.65856             2.56147
5.35633            -6.85536            -2.52601
-0.553606             9.72665              2.3193
-9.5764             1.59935             2.43925
-9.3051              -5.219            -8.94918
5.3148            -2.64883             9.05526
6.47756             3.67866           -0.504024
-9.24892            -6.83006             3.20009
-0.0637749             6.60451            -5.42898
9.10095            -6.19863            -9.91551
-0.682696            -6.78246            -5.81041
4.14414             -5.6978            -7.94977
-5.72527            -7.99738             -1.8015
1.27783              6.9335              2.4549
-9.20194             1.69743             2.98747
6.82427             5.08103            -7.35405
5.37645            -3.87037             4.44809
-8.30285             3.68174            0.595736
-4.05498             6.01092             3.33321
-6.22362            -4.69406            -7.71631
8.77439            -3.95246            -2.18482
-4.7157             4.84908            -8.04285
-2.36488             8.64101             4.22711
2.79583           -0.399186            -4.78408
-3.6729             4.99465            -9.71588
-6.53827             6.97652             6.35854
0.883515           0.0124936            -7.35832
-7.58291             5.74572            -2.88643
-7.15659           -0.524006             7.11729
-6.5636             -7.6156          -0.0899664
-9.36247             5.68929             -6.5788
2.39969           -0.164176            -4.09483
-6.91274            0.776112             8.79609
1.23145             3.45663             6.13338
-1.21237            -8.14775            -1.32781
-3.32065            -7.26473             7.09027
-3.38284            -9.98606           -0.361856
-3.77196            -9.65116             9.52126
4.88479            -6.38752              6.5557
4.65195            -1.66358           -0.416702
8.73288            -3.23558             6.83855
-3.30453            -1.25614            -2.82757
-4.40901             -8.0581             5.08986
-5.57968             7.78742             9.83519
3.57311          -0.0335688           -0.669587
-4.58385               2.754             1.37151
-2.53486            -3.79375            -3.38207
6.6848             9.08567             4.42548
7.37511            -6.82699             2.94169
-8.07549             6.56972            -1.40904
-4.90371             8.44295             6.57124
-8.50427             1.08981             1.16123
-3.51115             5.61936            -6.26912
5.05389             6.53126             3.50079
-8.69564            -8.87815             3.79743
9.33351             6.76138            -2.62032
-4.86679           -0.896939             2.77476
-7.40529              7.2103             8.24368
-4.18499             3.07932            -9.71221
-4.45324            -7.55639              7.5332
0.950048             2.03804            -5.60986
-6.82544            -5.07767            -6.55257
2.64597            0.169364            -3.11201
3.9708              8.6572            -8.84476
-2.45015            -3.39905             7.44171
-3.09925             2.41309             -1.6812
9.04062            -6.09811            -8.64462
1.46074            -1.79521            -8.99069
-4.16714            -9.26462             4.35504
6.15144             9.90699             5.16655
2.92948            -4.65529            -2.51294
-0.594488             4.11601             7.06077
2.26296            -5.85009            -8.59986
1.55219             8.89005            -3.89024
-6.04785             8.50611            -8.12282
1.9468            -6.50838             7.54966
6.76657            -7.53807            -8.62302
4.16916            -9.13053           -0.437344
9.97071             9.93012             2.61391
7.16272             9.85168             5.37279
-5.26688             9.54527             9.82635
-9.64994             3.13424            -3.94606
-2.3194             5.95934           -0.199585
-2.67829             2.60506             6.84561
-8.73744             4.19843            -4.47921
-8.424            -2.88706            -3.62895
-4.94124            -7.59332            -3.26639
0.17856             -8.1872             1.29949
-5.42741            -3.01583            -4.23565
1.91445            -9.97558            -2.16438
2.49306             7.78741              7.1612
5.98043            -5.57238            -3.03626
-3.75499            -1.77252             3.67966
5.64107             5.02334            -1.13157
-4.87991             7.89759            -9.60977
6.52886             1.55158            -8.29865
-0.143902            0.742924              -8.348
8.90613            -7.38371            -5.68922
1.97362            -7.26688           -0.701265
-2.19606             8.09023             -6.9484
-2.73813            -7.30961            -5.66115
-5.7508            -1.02177            0.676035
-4.05711            -5.64775              4.3772
-6.56666             3.21847            -3.54106
-6.93105             3.11686             2.20369
6.86852            -7.52557            -5.32706
-6.4272              3.1428            -7.35771
-3.39913             -8.8992            -7.47735
-3.65245             2.96854             5.78601
-7.16084            -2.18299            -8.79147
1.59399            -7.34977            -6.45192
-8.45086            -4.30036            -6.93167
6.3442            -7.64763             5.73291
8.62913            -4.06629             3.63383
-7.52037             2.40517            0.183397
8.35355             7.91895             6.23157
7.56494             -7.8515             9.83093
3.28046             6.05305             9.51933
5.32762             9.60785              5.6685
3.72816            -6.98936             1.38492
-1.16244            -1.42644             -1.3715
-5.74692             5.72803             4.25154
-4.91592             4.31045             6.68477
-8.72461             7.61345            -3.43729
0.949436             1.09165            -4.73247
-0.293257             3.10373            -4.37233
-1.9303            -8.77317             3.87145
4.17314            -4.05069            -4.34896
-1.81859             4.83761            -2.92855
-1.91146            -6.09087            -2.49152
-4.51223             5.65506             2.99498
-6.54042             0.60843             5.08247
4.24115             6.18942            -5.57812
-6.18123            -9.66321             3.54695
3.27495            -1.84305             2.21609
-9.87089            -4.56402            -0.57658
-8.07642             6.51879           -0.705003
7.59029            -9.65026             7.17487
-2.93648            -7.29849             4.30584
2.90295            -3.56085            -1.31444
6.64054             6.59631              8.8458
-0.997324             7.09526            -8.38313
9.05363             8.60929             4.72762
8.55436             5.91605             -6.1498
-6.96218             9.57003             2.85714
-5.9285              4.1197            -3.71288
-8.2873            -1.93883            -1.54942
7.94857             7.27321             6.09455
7.16942              2.5529              -1.901
8.39079            -7.22739            -5.07432
-5.64409            -5.05599            -8.10144
-6.19005            -2.04196            -3.75378
-6.94357            -9.01759             3.01769
-9.89622             -8.9874             8.44754
7.12548             3.13426            -4.32569
2.05788            -3.06159            -8.08891
-1.97424            -9.17383            -8.73646
-8.37732             4.03364             9.63171
1.22655             8.00872            -7.75958
8.8153             7.91959             9.20087
-8.35991           -0.523901            -4.16147
0.687021           -0.319076            -4.23531
7.71813             5.57653          -0.0804789
8.3195            -5.37445             2.82151
7.8819            -5.78399             1.96223
-1.36586            -1.56075            -4.09089
-7.15261             1.03137             0.15723
-5.62099            0.308028            -9.20081
0.100606           -0.348807            -8.72069
7.36812            -1.81403            -7.28295
9.52943             6.61516               9.541
6.23774           -0.657488             6.07135
2.20303             6.50473            -1.05108
3.43061            -8.11184             3.97623
5.55958            -1.57704             1.33517
3.29073             4.74483            0.388187
2.53813            -6.55874            -4.95657
-7.7764             2.11003            -5.23484
-8.96327             9.03065             8.38707
6.69583            -2.47191             8.52166
-8.78868            -2.08851            -6.83043
-2.83392             6.67211            -7.01167
3.24078            -9.38527             1.72398
1.58537             8.78314            -9.59476
6.7028              1.4897             9.57217
0.668089            -8.33479             6.50779
1.35502             5.05732             5.18909
8.16607             2.86223             1.65599
0.332966             -3.0074             2.22184
-7.80081             1.58987             3.07818
-1.76031             6.12926            -7.20054
-0.179098            -1.48567            -5.36935
9.71632             5.45575            -6.58227
-9.11751             5.91613            0.876517
9.21576            -1.65787             5.58274
-4.17094             9.97287             4.91146
-6.92948             3.78606             9.23688
-5.54078             -1.5076            -5.42862
-3.82229             6.31622            -6.39232
6.74517             9.16991             0.75796
6.46915             1.71479            -2.42873
-5.16412            -4.63102             -1.3125
-6.7205             7.04743             2.69933
1.99331            -1.91391            -4.06843
0.874743            -8.59012              2.2153
2.52411            -8.54183            -3.14681
-5.88498            -9.43457            -4.23136
-6.2913             7.39627             7.32104
-7.55266             2.67477             7.35033
-5.71303            0.915702             7.06453
0.454028             8.46255             3.84731
2.63933             6.88154            0.912168
7.7232             8.05855             7.32176
6.00252            -3.70951             4.85915
7.03222            -3.35376             1.75913
1.74816            -9.21072            -0.40837
3.43625             7.35526             2.99534
9.68165             6.41515             8.00025
-6.40158            -1.18968             3.44187
-2.04621             9.52246             4.11724
-3.59148            -7.39614            -8.28301
-6.78384             8.61166              3.6946
4.08649            -8.97157             2.18198
5.80178             9.63976             5.68742
4.89901           0.0996143              6.2934
6.39887             2.79099           -0.188592
-3.19168            -8.83916             2.18175
3.54567            -3.55145            -1.40606
-8.71593             -5.7018            -8.38545
3.25432             3.35828             3.49606
2.97877            -6.11234            -3.17409
-3.98249             6.42961             6.90731
9.70774            0.536791             -9.5725
-5.2533             2.77539            -2.73758
-1.58681            -4.86144              2.4793
-1.57523            0.620033             2.94193
-7.25233             6.55992            -8.71243
-6.65518           -0.755887             6.28285
6.36539            0.674852            -5.43505
8.99869            -7.04039             4.93242
-5.5472             4.79078            -6.92037
6.59168             7.47703             5.87942
-0.227889             5.32933           -0.146134
6.63644            -5.43219             5.97984
-3.3349            -9.87429             2.63926
7.60123             -6.7282            -0.95861
7.49364             3.03451            -7.49141
6.3236             1.88761             8.01046
-9.20186             7.94059             6.80956
-3.86781             9.93304           -0.304571
-7.62407             2.95574            -2.31479
1.50866            -7.11174           -0.763886
-3.37857            -4.95351             6.57528
3.85889             7.00048             3.27437
0.32026             7.68674             6.75347
1.03209             3.83361            -3.29311
-1.98184             7.73395             0.95918
-7.04088             4.91537             7.75365
-0.396005            -2.36936             1.62384
8.70778            -6.82132            -7.67611
-4.63518             4.84813            -6.95448
-9.36781            0.031031            -7.04077
-5.87954            -4.14841            -6.81863
-5.88592            -3.93047             9.61762
1.40555             9.54621              9.4546
-7.2228            -4.98573              -2.845
-7.76993            -6.63807            -6.64298
-9.19932             1.62586             -5.6371
-9.99618            -1.93637             3.47882
-4.5114            -6.18661            -6.58464
-4.89782            -9.10549             1.02728
-0.667563             3.41237             1.52288
-9.12762            -2.59103            -2.11249
-2.57802             2.79886              -6.169
2.31593             5.04014            -8.55921
2.35653             4.61459             1.74816
-9.05008             4.75935            -8.61138
-7.64726            -3.17422            -0.46327
-6.66354             9.81141              2.2672
2.77053            -1.93854             4.52557
-5.12022             7.38396            -6.10159
-5.47073             9.65954             8.61564
6.94337             2.09114             4.09986
-7.17563            -1.26306             2.19733
5.38485            -6.10734             3.31618
-7.87226            -7.72145              6.4263
-4.14191            -8.73653             9.02797
9.03223             2.08244             1.64507
8.10193            -4.44984             9.80495
0.86583            0.325041             6.96844
8.14105             7.81541              4.7172
4.73138            -2.05491            -4.40262
0.143151            -2.35602             9.05215
-9.05316             3.50422            -7.62275
5.34458             9.46472            -7.70427
-8.81966           0.0778321            -1.17277
2.21516            -4.28633             2.94255
5.97266             4.06135            0.734564
5.47185             9.26877            -2.01332
1.89295            -1.34591            0.412849
1.82823             4.05254             6.01456
-5.09563            -5.32945           0.0652802
0.944108             3.84318             1.15265
8.36666              2.8085             5.70202
-9.96147             8.57385             2.93402
-1.14931            -1.94568            0.235304
-7.31121            -3.31434             9.42599
6.28178              -2.483             1.55527
-2.35587             7.75047             7.62815
6.46889             9.56048              1.3401
-8.14369           -0.380582            -3.49743
-6.36048             1.05011             2.39422
1.37498            -2.63589             7.51823
2.04616           -0.424885            -5.93647
-2.84293            0.643636            0.152002
-2.48249            -9.17085             4.33394
-9.36352            -9.09728             1.28731
-7.98086           -0.800775            0.567953
-0.793023            -3.89536             1.18108
-0.775316             8.96503            -4.50719
9.45673             9.15187             3.61913
-3.00677            -1.11688             9.04065
0.300357            -1.05137              1.3327
9.50605            -3.08751             7.57933
4.75991            -7.16824             5.35026
-7.79748             4.82211             9.61442
5.75627            -6.41438            0.271105
-6.9608            -9.84082             4.16755
1.85081             3.11563            -2.46562
-1.71556            -6.86569               3.317
1.45681              9.9585             4.47674
-9.49962             7.75569           -0.842318
-9.53266           0.0540285             2.38163
7.72059            -7.74262            -5.55104
-5.52652             9.32035           0.0176832
6.97563            -8.08698             6.39264
-8.7779             8.04898           -0.954033
-5.09676             4.04684            -8.19332
-2.36905             6.18489             2.14823
-7.70592            -8.65502             4.05166
4.80346             1.69713            -8.64193
-4.70976              1.4603             4.36781
-7.09754              6.7522             -2.6533
0.175796            -7.47192            -4.36624
7.21102             3.45957             9.27064
6.46293             1.12428            -3.08632
0.370654           -0.974447            0.889041
-3.67639            -9.59228            -8.40265
-9.13067            -9.97559             9.83158
-3.6541             5.32852             5.93286
7.07826            0.251461            -9.44974
5.04867            -5.62021            -5.96028
1.30767            -3.55538             4.75321
-3.91135             3.45011            -2.99159
7.31214             8.26774             0.40308
3.73159             5.31816             8.51137
2.06596            -6.03995            -3.08378
1.39813            -4.08808           -0.201208
3.05864              4.6629            -3.02451
2.29926            -4.75013            -1.50947
9.08949             7.20299             2.01512
9.97638            -4.32358             5.31661
9.0538             6.22395              8.9825
-4.67159            0.393901              5.8095
-3.95685            -4.90007            -5.20462
-2.01373             2.04728             4.68029
1.23037             -5.2803            -5.89159
-9.18816            -8.66942             -2.8318
-5.36955             9.13878              9.3057
2.52346             2.29323             7.97115
1.20865             9.99696            -5.19091
8.73611             4.30835            -3.19869
-2.00431            -7.26095            -7.16789
-3.32376             -3.5099              3.1379
-0.251065             6.24747             5.26992
5.11324            -6.01636             3.50748
0.93646             2.43079               1.131
-6.90175             4.71334               8.695
-1.13391            -5.75702             5.79089
-9.81812            -2.84688            0.942151
2.56488             2.60657            -4.85481
-4.67617            -9.45592            -5.56377
1.36313            0.204489            -4.13551
-8.45133             9.75067           -0.397257
-7.97933            -2.18995             7.12088
9.33893             7.54737             5.65467
-6.17434             5.96507             9.92457
-0.921443             5.70585            -3.81637
-9.7061             -3.5389             6.04705
-5.96702           -0.471281             9.37978
4.76014             9.18855            -8.52915
-4.63817             2.89776             6.41842
-1.76961            0.530142            -7.14599
-1.59198            -1.42338            -9.27065
8.1519            -5.89497             9.54098
-2.87532            0.361322             9.51071
-0.0109251             1.36113            -3.67047
-7.91345             5.92654            -1.90318
2.2039            -6.77941            -1.10537
-5.50847           -0.539383            -4.56735
-8.59241             2.77841             2.68319
6.84456            -3.93765             5.30686
4.11008             1.40809            -6.08021
4.29226            -2.18645             8.27174
-3.63498            -2.91575            -5.28399
-3.57813             9.40845            -4.05349
5.89297             1.50058           -0.944254
-9.88146             8.05738            -3.19317
9.92257            -4.93757             4.43557
6.85658            -8.21142            -9.20591
-3.30539            -7.97725             3.39946
2.77944            0.817972             3.80661
-1.6067            -8.66845            -8.82525
-1.14126           -0.397365            -5.31897
3.57784            -1.46641            -9.60102
-5.3946             -5.6224            -2.52177
2.85744            -2.39689             6.19769
0.360547            -7.69318            -1.67677
-0.45024           -0.957083            -6.95352
7.40166            -2.77443            -5.42764
-9.38621             2.04605            -4.60082
7.92685             2.20009              -9.961
-9.92965           -0.280854            -3.41348
1.59056            -8.94093            -2.42831
-6.79409            -9.89221             4.97388
-2.71264             7.21531            -5.52733
-5.20427             7.11383             9.22629
2.39027            0.322209             1.45472
-6.66691           0.0207592             3.52854
-5.67132            -6.12494             4.48251
4.15759             4.18578            -2.05326
4.25541             6.24436            -1.46063
6.36291              2.7153            -7.34431
-6.78844            0.296624             3.75381
-7.91644            -7.38859             1.40595
-2.10541             6.59254             3.85808
3.43251             4.94846             1.63021
7.05263            -1.91612            -6.33142
3.87379           -0.458602             3.33629
-1.00063            -1.53161            -7.11297
0.601453             9.18102            -2.08193
-5.13372            -2.70013            -8.87451
-1.61766           -0.932544            -1.32051
-7.24562             6.95039            -4.16114
-2.26026             7.65053            0.773719
3.45804            -4.42992            -3.86656
5.21362               7.063            -4.27084
8.10262              4.0624            -7.35113
8.39057             4.32955            -9.02293
3.36097            -2.23474            -3.51459
