3.78058             9.93171            -8.41414
1.2233            -6.53139             1.01511
-4.98348            0.323961            -2.18631
7.34072             -8.0583            -9.95559
-2.8095            0.843095            -2.54068
-9.2035             3.82458            0.266163
2.72276             9.47264             5.43847
6.94966            0.765902             7.98478
6.41291             -7.6155             6.91244
1.11823             2.75461            -5.93572
-7.95725          -0.0544813            -4.41008
-5.37377            -5.65723              3.4573
3.98191             5.87461            -6.42274
3.5792              7.3891            0.718144
-2.17735            -4.14063             2.14537
-2.8848            -9.54611            0.923263
-4.93483             -5.7644            -4.08031
4.04551            0.866974            -4.33333
-4.12103             -7.3313             8.21497
-4.86244             5.68432             2.02925
-0.266766            -7.54607             1.84555
2.49839             7.79679            -1.45422
-4.13216            -3.41668            -5.97299
-6.0448             4.44045            -1.66481
-6.34707            -6.84176            -4.58846
4.59395            -7.82335            0.316001
5.34203           -0.185177           0.0418869
9.461            -1.16816             4.33915
-1.40811            -7.57074             8.98412
-7.1646             3.88492             7.33905
-1.97347             3.15957              8.5277
3.27578             5.64767             1.46944
4.468             9.17698            -2.97011
-4.74308            -2.54327              4.8778
1.51729             8.95034             9.21722
8.8471            -7.38783             8.58959
0.393358            -5.38083            -6.44477
-0.843986           -0.590092             9.51026
-10.0609            -4.07285            -9.93793
9.45217             7.76345            -2.94613
8.59813           -0.843023             9.37131
5.97394            -6.21461             9.99648
-9.98756            -6.86516             6.52787
-4.79957             -6.2193            -10.0197
10.0424             5.47054            -9.14334
2.30866             6.66131             6.10383
6.17089             1.48861             5.99807
-0.174152             8.10746            -9.21146
-9.57603            0.246125            -1.12035
-4.15823             6.15596             4.25076
2.00836             3.33196            -9.02017
7.07369             6.07067            -9.18421
7.95453            -5.38356             4.41833
-2.31013            -7.55437             9.96986
-1.03306            -8.69305           -0.653063
-1.96418            -8.95453             1.68999
-2.08574             2.38747            0.283787
6.53102            -8.46552             7.67691
4.87283             4.46744           -0.686933
-1.23201             9.24364            -2.85664
6.17837            -5.72716            -1.62968
-9.52917             4.27688            -2.94053
-3.73706           -0.145761             5.28482
-7.44365            -8.37948             2.78213
-2.78094             1.81049            -9.07922
-8.72398             4.87568            -8.89918
-0.231441            0.135549            -9.08648
-7.73302            -4.60429             4.20743
7.4049            -0.58321               9.693
9.31739           -0.730477            -6.50681
3.08121             7.41102            -2.52333
8.2746            -6.07661            -5.86432
-4.34569           -0.831906            -7.95961
3.7244             6.53775              4.1511
9.63089             7.59281            -8.63594
-2.37987             -5.8552            -5.51339
-7.92782           -0.280394             2.11573
-2.96163             4.15433            -6.72997
6.11546            -3.44092            -8.93821
-2.59629             5.62398            -8.42421
6.92763            -6.31657            -5.00801
-1.77967            -4.68924            -6.59309
4.41604            -9.01811            0.557175
-8.03896             9.09299            -2.41305
6.31118            -4.00359            -4.96644
7.38193            -3.86877            -9.65737
1.60315            -2.33303             2.41464
-1.04942              2.8546             8.28065
-4.38124             9.57298            -7.17217
-0.952657             6.47572             7.08352
4.08856             9.92579             8.05213
5.81672              1.9613             8.32884
-8.52896            -5.61419            -3.43638
8.84377             6.32946             7.14595
-1.11213             6.43359             5.70927
-5.90705           -0.633555            -7.10219
8.24026             6.11967            -9.61362
0.508075             7.79959            -6.68796
9.40525             -7.7413             8.92614
-1.8497             3.79531             0.83122
9.30018              8.1323             5.28146
3.69878             4.99523            -5.84642
-5.03277             7.03067             6.19342
0.569903            0.549922             8.04601
6.59743             6.70181            -1.66312
-4.48022            -2.63489            -9.10543
2.13838             3.21537             2.77245
-0.101726             7.88371             8.82717
9.84887            -2.01437              7.7211
4.90753             -8.1948            -4.21811
-6.20264            -4.95968               -3.23
10.0302             9.54607             3.90893
-0.215408            -1.56591            -8.60858
-5.77565             7.01842            -7.30215
1.31552            -1.85059             7.46715
-0.32036             3.60239             2.16689
1.57318            -2.82766            -3.22782
5.86768            -1.03665            -5.30361
-8.55908            -3.96107           -0.204473
3.10766             3.38171            -6.80914
4.45049            -2.83427             -8.2358
3.79792            -1.43962             -7.1552
5.3594            -6.72468            -7.04685
4.79073              1.8303           -0.338329
6.43461            -1.43956            -10.0934
8.57644            -6.87991              6.2745
2.8357             3.24123             3.22774
-6.7989             7.33517             7.86052
-7.36834           -0.255198            -7.19736
-0.428811            -8.23951            -6.29183
0.765789            -3.02091             1.28633
-9.09706             8.71638            -4.78258
2.99614            -4.65906           0.0745946
-0.835936            -1.00773             2.01954
8.04185             3.95114             6.34571
-9.52304           -0.746597             9.21092
4.49753             8.82826            -9.30207
-0.138726                5.03            -1.13061
-6.86454             3.93243             7.73679
9.4411             4.05016            -1.06693
-9.25988             7.50985             2.70731
5.84716             4.15824             9.71707
9.63814             3.89966            -3.32216
-7.72967             1.59735               8.296
-9.12021             4.90247            -3.71221
8.29318            -5.45251             7.63635
6.8284            -7.55694           -0.911594
-7.48499              7.8426            -1.43488
1.42618             6.10582              -3.266
-3.19371            -9.98689             2.00939
-3.54491             5.63093            -4.84096
3.69566             2.22232            0.582912
9.80378             6.67776            -6.93076
3.97471            -4.91991             1.91707
5.00983            -3.62554            -9.62808
-0.63072           -0.378832            -2.04324
-9.24173            -2.82544             9.50246
0.0620004             9.60676            -6.70614
-6.6142             4.96693            -2.51387
2.53129            -6.72302              6.4355
-3.20279             -3.0949             3.26662
-2.09552            -3.77637            -1.93003
-0.56136             5.23927             6.22329
7.56312             -2.0522             6.81318
-6.90132             2.76412              5.3593
4.80527            -2.52937            -1.43748
3.34783            -2.14673             8.98165
2.44524            0.130534            -6.40031
3.89402             6.75478             7.87717
5.83233            -5.87508            -1.20884
7.11358            -7.25773             8.30261
2.46358            -5.68941             6.46362
1.19691             9.21316            -7.91385
-0.982707             4.09848             4.83582
8.72362           -0.691981            -4.38227
6.48343             7.15088             1.52562
-9.84341            -5.12866            -1.46539
3.4383            -3.46284             3.90373
9.029             -8.6856             9.72965
2.65568             8.77848            -6.88899
-5.04556            -3.69695            -2.64075
2.5184             7.64707             -5.8266
7.44001             2.32755            -8.38028
3.36585             4.62581            0.816279
4.49993            -6.57205              5.4808
3.16738             9.48712             9.80054
-3.32021            -7.37509             4.05344
4.90757            -8.42621            -8.60132
7.69888             4.75098            -4.65814
2.28581             4.56047             5.48232
9.47843            -8.73513           -0.292442
-1.37235             1.67643            -2.08577
-5.07566            -3.71442             8.33259
1.00078             3.85271             2.52686
8.88272             1.73976           -0.322151
6.14973            -5.15469            -8.48754
1.04716             9.44268             5.89759
-8.26869            0.463677            -9.24803
1.37068            -7.74879             2.44082
-3.43901             6.02806             4.79412
-7.20995           -0.626493             4.43013
10.0336             8.49705             6.30432
-0.294597             8.05799             6.05416
-1.96753             2.93026             2.09464
2.43263            -4.53522            -8.28451
2.87706            -6.60128            -1.90106
-4.78475             9.28172            -3.72796
2.10825             6.20802             2.36479
5.14981            -1.53823            -1.72333
9.11945            -6.68449            -7.97142
-10.0693            -6.94416             7.82251
-9.9981            -2.74385            -6.98467
3.25728            0.555638            -4.29816
-5.40377             7.98609            -2.23288
-10.0875            -2.15511            -4.91894
8.12044             -10.058             6.25512
-9.3011             8.10127            -4.34694
5.53265             -9.5874              5.7274
-4.87257             1.75393             5.61893
0.843922            -5.27101            -8.56666
4.31816            -7.33737            -2.59716
-2.47615             8.77093             9.75625
7.03252            -3.93237             4.01928
7.01909             8.86741            -2.54207
9.32746             1.01158             1.81088
6.3072            -9.66102             2.46511
-9.82341             7.01668             6.07221
3.46038            -9.34585             5.44586
7.0699             7.60552           -0.606375
-0.84971            -1.85139            -1.47468
1.47562          -0.0564667             6.56604
0.46601             10.1554            -7.39467
-3.38949             1.59738             4.11549
-2.8911            -8.11393            -8.44562
-7.94697            -9.69124            -9.83544
-0.297598              -4.997            -7.40332
-1.07545             6.17757             2.30694
-2.62788             6.57429            -3.07179
8.35729            -5.09973           -0.339349
-5.87339            -2.47115            -6.55223
-4.38658            -3.31656            -3.75194
5.07527            -1.42099              6.8548
6.15759            0.790546              6.6661
3.16103             5.02525             -3.5447
-8.41969             7.66486             4.06054
-0.639595            -1.72183            -7.71265
-0.351463            -5.57647             9.70079
9.42288             2.11697             4.01141
1.36636            -6.63987            -4.04745
-8.0447            -1.37099            -8.94745
-8.00773             9.15245             5.78151
0.813772           0.0833802            -3.14356
3.12083             6.14898             4.67872
4.90774            -5.48862             -6.6732
4.34021            -3.68952            -4.16334
-8.69196             -9.4028             1.92055
-8.14182              5.1597            -2.47002
-9.56513            -3.66823             1.60866
1.65706             4.03347              2.8431
9.2401             3.95001             6.00429
7.82991             5.61884             3.26783
-0.949873           -0.319817             4.61163
2.02779            -1.40604             2.08022
8.07563             7.89377             4.25678
-7.90639           -0.315968             1.55007
-8.45646             1.77835            -4.83068
5.33354             3.00175             3.93943
-0.951241            0.257016             -5.0855
6.77673            -2.86725             3.53193
9.21431            -5.47147            -1.43532
8.51209            -7.86445             4.45055
-4.30252            -4.26378              8.0398
3.28707            0.281208             5.71613
4.67072             6.27908             3.17664
-7.69409             6.71688             3.64486
-6.75185             9.66689              1.1332
-4.23758            -0.58034             1.82851
5.27108            -5.53311            -8.44924
6.16447              6.5909            -9.89226
-3.66179            -8.60142            -8.29055
4.3918            -8.92572            -3.43674
1.23816             1.95001            -4.69746
5.41624             8.72437            -2.28274
-8.31873            0.624121             -6.2105
9.41768             1.96826             4.72307
-2.55737             4.42748            -4.72184
-5.61723            -3.22068           -0.932178
10.0403            -8.20351             3.90198
-1.09854             5.66939             8.03096
-5.27129           0.0818386             4.95084
-7.02691             3.16513            -7.14032
2.65416             7.67208            0.578616
8.32394             6.40448            0.579207
-4.19237             6.07478             5.26339
0.699025             6.46309             1.98808
-5.17368            -8.99422            -4.67615
2.74857            -8.05455            0.606329
2.85691              7.5096             8.17842
2.31515             6.63464            -9.93152
6.98297            -5.86406            0.894704
1.20258             7.33629            -8.36612
8.48026            -1.74655            -9.39429
-4.51084             9.31309            -7.70421
9.24192            -2.85652            -8.51068
4.62498            -2.59405            -4.42622
-3.79023             1.22619            -4.28675
-8.97224            -9.42945             3.44029
-5.48617           -0.237387             7.25989
-6.64108             9.89317            -2.18939
3.69756             3.21417              1.2792
-5.17886            0.891573             3.83233
2.81843            0.780445             1.58713
-9.17369            0.592368             1.00691
-7.51067            0.713068             3.28874
3.57851             8.61974           -0.264389
6.85717            -3.63854             4.70162
-0.674268           -0.822455            -2.57256
-5.36264             2.23463             1.78871
-3.5556            0.649302            -7.38696
-0.791911             3.71785            -8.70157
3.74865            -3.18459             5.02286
-0.453064             4.58328             -2.8298
-2.10386             2.70035           -0.580841
-3.71957            -8.93351            -3.63264
4.76429             -9.2032            -4.22267
4.06401            -6.17711            0.326049
4.19801            -3.07905            -0.56548
-6.48938            -7.22781            -4.33541
6.8734             6.31052            -4.04068
-5.52123            -5.07309             6.36911
2.66191            -7.19809            -5.70225
-2.19741            -8.38616            -2.62073
-7.28059            -9.16116            -8.26969
-5.03009            -10.0279             0.55857
-3.35567             4.01222            -3.77848
7.77337             4.46194            -7.45891
-7.49449            0.618213            -6.70112
0.940244             7.77091            -3.52427
-8.49739           -0.674047             6.61544
4.36639            -9.25571             1.76896
-2.2273             2.61116            -3.44193
-8.54146              4.8145            -3.58644
2.67847             8.09178             -1.5887
4.28531             5.10208            -4.18146
1.92824             -9.2187            -3.94501
2.53724             8.22911          -0.0928711
-3.54396             4.02729            0.648483
0.243908            -5.21198             8.07724
-5.54429            -4.39959            -1.36271
1.76031             1.91773            -6.04203
0.470363            -7.39482             7.52813
5.92764            -9.58729             4.24659
-8.56621            -7.90893            -9.39526
5.53616             4.39129             1.02894
7.30589             9.01828             3.24289
2.41547            -4.18744            -1.18173
-5.00772             7.77639             9.30055
1.94586            -3.94003             7.29193
7.95446            -1.83145             3.60982
-1.83886            0.445497             7.47204
-5.35572             7.21955            -3.70577
8.29732             6.04861             2.65342
3.8557             9.01254             5.76161
0.48329            -3.34109            -1.34364
-9.08352            -1.87497             8.34091
0.833652            -1.56429              8.5068
-2.03064            -9.52548             7.69365
2.42039            -9.35023            -2.12972
7.03445            -5.25449             7.53045
-7.71689            -8.81334             9.08014
8.60653           -0.881622            0.511913
8.65725             8.20343             7.77835
9.82397           0.0434995             8.03821
-9.9949             6.95921             2.64566
4.31342            -9.90323             4.88632
0.456054            0.953263             4.07844
6.84746             1.14636            -8.63714
4.88651             6.52269             6.21203
-9.70941             8.37809             1.29654
2.72237           -0.337637            -8.77842
-3.97195             9.37688             8.22812
7.62443             2.99605            -6.60818
-7.95552            -7.37484              7.3322
-5.30053             2.59494            -7.34362
4.06398            -0.63565            -6.00141
3.08544             8.49903           -0.449472
7.12385            -5.72677            0.319117
-9.36402            -10.0952             2.78848
8.21538             1.51678             5.41918
-7.10814            -9.43362            -3.78589
-6.8203             6.03183             8.62234
-6.54501           -0.506213             6.09953
9.74472            -2.86107           -0.296048
6.09898             3.34788             5.72807
7.76713            -4.12799            -1.11682
-6.32596            -5.32578           -0.974901
2.6298             5.26306            -7.69051
5.79632               4.351             -7.1558
-6.04468            -6.07203            -5.90658
-1.02858             1.50104            -7.76644
-5.93428             7.46324            -1.49513
-8.28606             9.11624            -4.56624
-6.06786             7.82686            -9.33558
4.07778            -7.64581             1.05194
-9.63493            -9.45433             2.33124
-6.1051             2.95914             6.31407
4.27914             1.09707            -6.97212
-9.43766            -2.35658             7.00984
-3.66367             -4.1954           -0.373626
5.78125             9.60201            -7.83408
0.820409            -2.46982             6.56231
8.6606            -3.15758            -2.01753
-8.01626            -7.85713            -4.06858
-6.75649            -1.62001            -2.54766
-5.57158            -7.07352             4.22099
-4.47238             4.19609             1.84647
6.25346             -3.0097            -8.75301
-9.02351             7.06071            -7.48347
0.210608             4.87952             3.96938
5.28039            -1.13925            0.631462
5.376             5.16697            -6.41252
6.35247            -9.00146             7.13019
-4.4348             1.82872             4.47778
0.979447            -3.29393             9.90837
8.5423             -5.7781             3.95348
6.59934            -1.52001             9.41895
-0.321471             2.62786            -9.59926
4.15028            -7.92273              8.1195
5.92251            -3.90202            -9.60015
7.67289             2.63646           -0.684345
-0.301174            -6.90943             6.65936
-6.70499            -9.16984             7.19241
-2.42975            -8.49698             1.96567
9.83689             4.70258             -9.0936
1.13249            -7.05984             3.29557
6.55875             -7.1464           -0.211476
-3.21145             -2.9224             6.96071
-2.851             2.56713            -2.47953
-5.98206            -9.41388            -2.46991
4.11966             7.20648             6.66387
8.85369             5.84334             3.79614
-9.19487            -2.56319             6.43402
0.0798205            -5.39981             7.22413
2.85063            -6.76374            -6.02664
0.756303            -7.27034             4.50431
0.716659            0.507602             3.10687
2.92874             6.02526             6.83895
4.23999             9.20459             9.62981
-6.84406             6.38071            0.699355
-1.79782            -2.27238            -3.58879
9.35652            -5.81782            -3.13094
-1.50645            -1.84151              9.5634
9.31545            -8.64339             8.99914
4.66807             5.89584             6.22935
-3.64236             8.29304            -1.89479
-1.18295             8.86637            -6.45206
6.57959              8.7771             3.67788
-0.273135             6.70328             2.79767
1.1109            -2.23298            -5.12886
9.09997            -3.75816             2.16486
-7.98838             7.90112             1.42176
-1.84659             7.58254            -3.71483
8.53877              7.8932             -9.5619
7.79363            -4.54126            -1.04506
-2.04246             10.0544            -1.48091
2.21791              3.4791             6.82487
8.95328             2.13815             9.65566
-2.3781              5.4979            -6.61229
3.82406            -8.28952            -6.43779
3.89291             2.19608            -9.75626
-1.52833             5.08296            -7.83658
3.15077            -7.56826             4.42906
5.67465             4.07203             2.38048
-2.00706             2.40435            -8.94875
-4.49569             3.76719           -0.937879
0.39307            -3.44208             -1.4481
-7.63778            0.216997            -8.73193
-9.08997              8.9378             8.04333
-8.60285             6.93401             -5.8335
0.762168            -7.13172             -9.8982
-4.04095             2.31973            -3.82655
-2.76234             -7.6883            -5.97932
0.926987            -5.95141             3.20473
-9.17587            -5.30367              7.6882
3.73391            -7.07405             5.48036
-4.55659             9.47826             9.33476
6.40738            -7.20268             2.95096
8.1496             1.21109              0.8621
5.40303             5.01375            -7.44309
-0.381091            -6.51085            0.492503
4.47333             8.64672            -8.62223
-6.33091            -4.59869             5.52421
9.15865            -2.51008             4.66663
1.54452             6.49396              1.1984
-4.06277            -7.70493            -5.92346
8.04147             3.99133            -8.15163
6.43585             4.14354             1.69951
8.41637             4.65628            -7.40257
-8.11126            -4.46296            -1.89222
8.01842            0.383537            -4.52031
6.46381             8.41279            -9.51939
-0.893023             4.87441            -6.45649
-2.38516            -1.21982           -0.942724
-0.2844             -9.4865             9.64591
-4.20888             7.27572             8.74551
-4.08025             7.61933            -7.57439
-4.74942             2.00663             1.56109
6.79538            -4.28563             2.04032
-4.68873            -4.85463            0.389936
8.935             2.61951            -7.14103
9.98803            -4.49919             3.29561
5.16737             1.28488            0.887288
-3.53539            -3.16715             9.20225
-6.01255             7.99169            -6.61266
6.23348           -0.596155            -5.98967
0.119849             4.09621             5.26103
-4.46853             1.58736            -1.57133
-6.54346            -6.57182              5.2402
-3.82166             2.92055            -1.22852
8.34907            -8.46698             6.61612
3.15834            -7.98064            -2.45025
3.0842           -0.116991            -2.28754
-8.51035             4.88724             7.42929
-1.27222             1.46859             3.19916
2.08075             8.74816             4.43229
-8.35827             3.59928            -8.04626
8.39791             8.21953            -8.51529
6.60238            -7.93088             4.74367
-4.39979            -3.01739             3.03304
-3.56988             9.28354              5.5961
0.952819            -2.73214           -0.567181
0.511289            -8.79877            0.934206
7.66823            -1.56417             8.86549
2.969            -9.81151             2.15771
9.33757            -4.21285             1.38682
4.64242             3.28045            -9.09559
-0.217014             4.04102              4.5213
-7.62            -8.19981            -9.63863
5.66194             2.45178             9.90335
-7.67335            -10.0997             4.40996
0.0135946            -4.65221            -6.72197
5.18377            -4.03111            -1.04684
3.4079            -6.77732             2.64257
4.39714             9.23874            -7.09575
6.65813             -1.2182             7.37378
-8.5134            0.428211            -3.09449
9.55603            -2.73093            0.138516
-6.58902            -9.12495            -5.91826
-8.60538            -7.47382            -6.60574
8.71722             9.42945            -3.49157
-5.63105            -3.16457             1.93898
3.69074            -2.70449            -4.49536
3.95971            -1.25029            -4.83427
-7.02884            -8.52636             3.46757
4.87923             2.64461             5.11275
0.140536            -3.83352            -2.94299
-0.605185             1.95832            0.843854
-0.705569             9.83035            -9.90958
-2.82071             3.36487            -1.59919
7.6381           -0.635556             4.86881
-0.583775             9.00463            -5.65721
-6.34253             9.33891            -1.71933
5.04513            -4.33312            -2.13713
7.04732             6.15811            -5.68774
-5.19784            -1.21355             1.21686
-7.42094             3.40186            -5.57662
-1.50793              2.5172            -9.87664
0.760823             -2.7627             -8.2406
6.82926             2.98513           -0.473468
-8.12473             5.44067            -7.88918
-7.08766             5.26734             2.99069
9.10081             9.53735            -7.44942
-3.51619             7.71169             9.53578
-0.888929            -2.24623           -0.485368
4.36384              4.8343            -9.26201
-0.35746            -1.97923             2.21841
1.94377              9.3613            -7.12011
9.93723             2.60731             8.44839
0.0182555            -2.89503            0.579084
-0.57778            -0.95252            -5.96727
-4.94783            -6.21527             4.51626
-7.22907             7.50165             2.87614
-1.09096             8.16062             1.97714
1.10765            0.162937             3.38281
-9.32652            -9.11886            -9.94663
-4.15374             3.84051             4.23533
0.0055598           -0.608926            -2.44326
-8.91826            0.838311             5.68219
9.93165            -4.24785             7.00593
5.56238             1.97302             2.53776
7.35315           -0.608478             1.41546
0.884298            0.602211           -0.626777
-6.64674            -5.63286             7.93302
-7.83243             9.31925            -1.38975
-0.836463             3.72641             10.0351
5.01011             8.05225            -1.36977
8.58236             6.31205            -7.52498
9.13898             8.17178            -6.67735
7.92901              7.9602            -9.22681
-8.28624             6.45551             9.32016
-3.40154            -3.90795            -6.44445
3.6859            -2.84432           -0.656453
1.6947             8.35354             -4.4843
-7.35193            -1.72997             3.68409
-6.09089             8.61691              4.0986
6.71127            -2.55372             6.33204
-7.81604            -2.06151            -9.74243
-0.45252             5.39496              6.8528
-3.96869            0.642336             6.99393
2.97182            -4.75726           -0.679901
0.534553           -0.292468             8.96513
-5.22544             9.27279             -4.4121
-3.77921             4.43041             3.42836
-5.94747            -6.78048             3.58738
-8.46432            0.723265             9.80622
3.04167            -1.36156             9.86964
6.82453             5.87336             1.99232
9.01819           -0.093551           -0.522217
-4.14531              5.8083            -6.33835
-4.02504            0.576453             4.72124
-7.06847             1.68799           -0.611331
-7.5158            -4.15459            -2.10117
-1.18197             -9.9774             5.25615
-1.41796           -0.663945            -1.85518
0.573088            -5.61335             -7.8759
1.94407             4.47304             5.35884
3.4937            -3.55001             4.03651
2.36185             8.12651             -3.6177
9.02479            -1.19564             2.61743
-0.88189            -3.17993             5.32788
-6.04433             4.90833             -3.5434
2.22674            -6.79623            -2.85349
-6.09648             5.91476            -1.13981
5.25339             4.97741             1.30558
6.95397             7.40453             4.81034
9.18941            -3.92435            -7.83165
-0.570118             -6.3232           -0.135441
-1.00238            -7.21973            -9.45665
-7.12301            -4.64837            -2.37906
7.19156             9.41376            -9.73592
4.2485             -8.3664            -4.25761
-3.05861             7.98808            -3.45643
8.26616            0.840464             3.54546
3.06551            -2.48477            -3.01101
-7.07733            -3.88005            -5.34632
6.50268            -9.67165            -6.05334
-4.74115            -6.96105            -5.21828
7.27227            0.485784             8.28902
0.698709             6.27708             4.51865
8.91409            -2.74565            -3.30982
1.41534            -2.74219           -0.318216
2.36137             10.0617              6.5508
-0.600739            -6.39491            -3.54096
8.94099             6.53904             5.05135
2.55927            -4.05251            -2.27953
9.48344             7.30589             6.15063
-7.11865             2.62997            -2.26298
-5.56801             2.02787             9.71367
2.04503             4.13198            0.682324
7.20543            -9.50548           -0.611645
9.14413            -5.23211             5.56248
-3.26211            -4.31779             1.72775
-2.70123           -0.600312             8.55288
-3.05144            -10.0336            -7.32164
7.14484             9.10603             -2.6556
6.53866             8.06402             8.51675
-4.12571             5.96459            0.636379
-1.49047            -2.76757             7.75156
1.26301             5.43753            -1.86221
0.133196             4.71628            -1.78263
5.4645             2.20238             7.23738
8.39387              7.0367            -7.33131
-0.460958             6.26253            -5.47894
8.21365             5.09116              -5.435
4.07315             9.01684            -8.58386
7.51624             8.23163             6.88702
8.17735            -1.77343             5.59884
8.4483            -5.25248            -10.0058
6.30529              5.3939            -9.79178
6.75974             6.05317            0.879315
-1.97015            -5.34081             9.91855
-3.85112             8.86013             -9.0859
-0.396257            -3.95905            -4.53043
-1.09979             5.25329            -0.20073
-0.593546             5.59327            -1.40461
9.97546             6.14889            -8.03493
8.76604            -8.66035            -3.09407
-0.585555            -1.14947            -8.96662
-7.49938           -0.526914            -7.20605
8.2278            0.718307             5.99926
9.59491            -3.54365            -3.05373
-7.96403            -4.32206             3.40487
-3.07473             3.24614             9.30108
-4.74893             3.83301             6.57931
-3.64081             -5.2738            -1.45868
-6.42343             6.59051            -8.77288
-5.9568             3.49462            -7.88647
-4.10718              9.9666             6.27697
-8.54866             -5.5056            -5.48199
1.5656             3.79249             3.86184
-4.06637             5.98551            -6.64553
-8.20936            0.371686            -5.28795
4.27871             6.62585             5.32351
7.76284            -6.38756            -4.03266
7.43165              8.4153            -6.03249
-9.74143              0.8941           -0.841661
3.2136            -6.83287            -5.96104
-2.30375             3.06217             2.85255
-2.15178           -0.602867             4.97849
-9.11251             9.07345             6.25253
-8.52713             7.54766            -6.46576
-9.8449           -0.461563             7.77688
7.82154             8.36424             9.59999
7.0244             6.98852             9.38876
-3.29282             9.72485            -5.66162
-7.63938             1.45577             7.79415
8.68656             1.79922             -4.1272
8.61344             6.44037            -8.12067
6.16607            -2.09922            -9.92715
5.72402            -7.03097             3.41223
9.384            -3.50222             -7.6704
-2.43472           -0.621693           -0.936867
3.202             -7.8733            0.624715
3.39736            -3.76794            -6.00417
-6.81425            -5.40502            0.925075
1.39666            0.660467            0.597421
3.79271             1.58286             1.15299
-3.24432             1.04446             1.08313
-7.97961             9.73678            -2.82261
-7.44709             10.0129             4.01256
9.73464               5.102            -9.38262
7.12565             1.85872             9.60239
6.41211             3.01306             6.47583
7.09676             5.95041            -1.94588
4.71077            -2.67063            -9.60813
3.32842             9.14017             2.34285
5.98013             8.99303           -0.528546
-1.04507            -1.05787             9.00229
-4.81692            -4.24697             3.44912
-1.32409             3.01063             1.64003
-5.55594            -8.08714            -7.52882
3.49561            -3.27777            -6.31628
5.75111            -7.66256            -9.77639
-0.160949            0.313741              6.7047
-2.21667             1.04909            -4.18669
-4.16632             7.31322            -1.35229
6.71844             7.97568            -7.04137
-9.7352             3.03065            -3.82537
8.11175            -2.90141             -5.5544
-0.706447            -7.50338            -2.60726
-0.167668             5.84935            -6.38682
-1.11229            -3.68903           -0.677095
-7.26494            -5.94677            -7.73573
-3.3222             3.85546             6.69105
4.42884            0.906997            -9.60942
-2.64703             8.23385              5.0262
7.57576             7.20596            -1.67679
-7.36127            0.183615            -5.17492
-7.15951              5.4406             7.95785
9.97106            -1.96485             6.16208
5.56868             8.49568             2.64278
-8.51591             9.05599             6.45842
-0.931888             1.75737             8.76222
-5.89493           -0.697775             -1.0436
7.20289             7.26805             7.15123
6.50856             9.80141             4.44627
6.35461            -8.07179             5.19025
9.4817            -1.07904             1.51369
3.96254            -2.75767             2.44395
-9.10895             3.48623            -4.71524
-2.34139            -8.83355             5.35397
-8.70994             2.36564             -6.3159
-6.48485            -7.56868             1.11823
-4.46011             6.66861             1.12754
-1.37771             3.00088            -6.16105
6.71272            -6.27097             3.30904
-5.81653             9.37983             3.48184
-3.60908             1.45152            -7.12014
1.01511            -5.04738             -8.2483
-5.43757             3.09827             5.95648
-3.43637             2.31517             3.64257
9.91293             5.70408             9.44875
5.32576            -3.61582             -8.1522
-8.42042             4.25613            -9.63293
1.72452            -2.85116            0.487935
9.08752             3.20472            0.558835
-8.08185            -4.05368             2.61582
-5.13347             6.86987            -9.96279
4.18056            -9.34095             6.67405
-4.33635            -4.33189            -1.44998
-6.46339             5.13689             4.07725
-8.08684             2.22854             3.53458
-7.35139            0.916075             1.37566
-2.49256               9.866            -3.32441
0.26822           -0.288518             6.54048
6.12389             3.27125             -7.1767
7.08647            -4.40574            -8.69439
-3.95428            -6.55347             5.50515
-8.92799            -3.14956            -7.71788
-5.20959            -2.32466             9.72985
-5.26999             -4.3638             4.90237
-3.33017             7.06713             8.11989
-2.87101            -6.21513             2.43465
-9.32806            -5.27456             2.79876
-4.68026             6.89324            -8.01651
3.02409            -4.45254             2.66036
8.11184            -3.21055             3.33273
3.78368            -2.84608             1.31626
-5.54479            -9.37271             -5.8325
7.08491             2.97181            -4.63521
1.02645             3.92993            -5.76102
-3.03293             3.92089            -4.84817
-1.44951            -8.10071            0.510499
-7.75768            -4.63196            -6.21591
-4.90463            -2.53543            -1.56063
-4.17575            -5.28023            -6.78211
-0.873558             8.84818            -8.39516
-0.375648             4.17862             5.35172
-4.01026            -7.07019            -9.01988
0.448576            -8.08033            -3.32167
-7.42278             7.68998             5.34767
-2.11659             1.77757             1.59379
4.03188             2.28276            -2.67085
-4.58698            -8.11923           -0.411428
-9.06393             8.27556             2.61855
-7.1099            -6.42219            0.137302
8.81605             -3.4286             2.73481
-6.55489             1.06786          -0.0115206
8.14955             5.34977            -5.30837
4.95761             8.02219              8.4664
-9.74608             1.38929            -5.11888
-4.84404            -6.73387             2.63178
0.959859            -9.40583              9.1823
5.76187             2.59325             -4.4488
8.028             9.58246            -2.64864
-7.6193            -4.83255             9.83143
1.40819            0.382152             4.63949
-7.58363             8.50961             2.58934
-7.40252            -1.27062            0.453809
-0.931081             8.84587             1.77183
-5.08888             7.77675            -9.33293
8.67467            -6.53449             -6.6765
5.24604            -6.76166             2.68267
1.36179            -7.26811            -3.36677
9.73172             4.26779             2.04795
3.265            -3.76164             1.43857
1.78276             2.19534             5.52035
0.775845            -7.90733             6.77687
8.1903            -9.91447             -2.4647
-0.976206             3.01854             9.03189
-5.38959             6.88501             4.55782
8.70158             -9.3288           -0.115888
-9.05314            -4.06556            0.881732
8.16549             7.69044            -7.59363
0.822429            0.861048            -9.09066
1.71074             0.51946              2.2623
2.27862            -2.59612            -8.30557
3.00316             4.24734             -7.5025
-2.47821             1.38289             3.37659
5.75131            -5.57166             3.98075
4.04649            -7.14265            -4.98854
-2.49635              1.9559            -6.29229
6.28907            -8.74452              6.2577
-8.4504            -1.97391             -3.6334
-8.16746             3.43454            -6.23304
-1.79988             2.31405            -4.41617
3.15795             0.29114            -9.75509
-8.89645            -2.66594            -8.98246
9.51954             6.87099            -1.62709
-4.46037             7.19016             3.38887
9.99504             2.61284            -8.51591
-3.06812            -7.17369             3.76762
-4.74439            -1.48996           -0.614266
-5.38667             8.56042             -1.3742
6.4897             2.58968            -8.41014
9.49062            -3.43172            -7.68688
-7.77345              10.042              8.6442
-3.67213             9.40583            -3.76492
-7.64218            -5.18071            -9.91092
5.78034             7.33134             1.90707
4.38945             1.29045            -3.09416
7.42736            -7.81758             4.93236
-9.76408            -8.60524            -1.64226
-0.0640971            -7.21835            -8.42797
-2.73003            -4.89898             0.78336
-7.57696             3.58141             -1.8669
-7.20527             7.79926            -9.92379
-7.03049            -4.55287             1.90731
-5.62655             -5.7858            -9.83975
-3.5837            0.532448             1.23192
-1.02681             2.51996            -1.18156
3.05929            -6.47534            -6.41972
-10.0941             1.10479          0.00206461
7.66865              3.1249              3.3895
4.60032            -4.33926              2.2999
-1.09688            0.812305            -3.49158
-0.824095            -1.92932               5.986
-9.03173           0.0725242             4.09132
-7.75781             6.92031             4.71998
8.79463           0.0388909            -4.84567
3.20756            0.636891            -3.01936
-7.86119             5.53554             7.58952
5.51402             5.68412             9.80373
0.369855             4.56143            -4.37241
1.11626              7.8515             5.69305
-7.11921            -7.04611              -2.546
-1.42143            -8.73428            -8.92108
-6.51505             1.97398            -6.57475
6.54848             9.70448             4.22705
-3.83086             4.41752            -2.05277
-3.05939             6.67549             6.10598
1.7678            -2.56888            -2.23065
6.67488            -9.35844             9.82773
8.92595             -8.1551            -1.74542
-8.62777             5.15902             9.27019
-5.43022            -7.22488            -8.92893
3.64478             2.15717             6.55989
-3.5409             7.81425             7.28173
2.27541            -2.82738            -3.28829
-3.36977              8.8285           -0.162239
4.09837            0.141834            -7.74689
-5.24596            -4.16072            -2.58693
8.27171             2.87194            -5.70319
-7.85507            -2.96899             7.75366
2.9271            -4.52733             6.66846
-9.12321             2.48419             3.44577
-0.161677             9.55359            -5.25522
-3.09919               8.962            -1.92664
9.29025            -1.58354            -7.30205
8.47694             1.56643             4.68851
5.45699             6.66289            -4.54267
3.00134            -7.05526             4.02698
8.62701            -1.46433            -7.63567
9.79446             5.01502              8.0388
-2.73975             1.53003             8.38525
-8.47492            -2.05575             8.18479
-7.67344            -4.15844            -9.49181
-6.45954             1.44124            -8.96304
-1.02054             9.94402             6.94946
-2.08015            -1.59196            -1.57586
-8.75576            -3.02882            -7.26476
-6.41254            -8.29122             5.55441
7.92529             4.90474            -7.57557
-6.99622            -6.89918             5.71012
8.81005            0.213538            0.860794
7.58878             5.26177             3.40639
7.63429             7.17462             2.86569
5.59228             4.04147            -5.19995
-8.54862            -3.32861            -3.57321
-7.01516            -5.18687            -6.76962
4.33628            -8.61998                9.11
-9.01714            -6.35062             5.79789
9.34893            -8.50903             1.41006
-6.84767            -5.37977            -8.18297
-2.05189             6.34543            -2.58373
9.97388             3.19037           -0.838992
1.0621             9.75174             4.99247
-3.54096             7.96985             0.92573
7.12383            -9.12352            -9.28991
-0.528138             6.89769            -5.18411
0.830921             8.57883             8.24575
3.15412             -3.2877             2.86399
3.90718            -3.69037             2.99092
7.52693              2.7324            -7.32231
-3.19842             -4.2027             7.63378
0.000834327             -3.7656             8.04716
9.67486            -4.22004            -9.79948
-8.10246            -4.55547            -7.81985
-4.21601            -8.33892            -5.86039
-8.93308             3.05147            -4.72553
-0.111293            -9.10629             1.51737
6.33975             9.99161             7.43852
-8.50464            -5.19244          0.00316546
1.90624             7.00478             -3.8217
0.983759            0.714258             8.71709
-4.78004            -7.53232             8.12438
0.924774             0.68219              3.9984
8.36353            -1.83428             9.22115
6.47578             3.02503             4.65424
1.77761            -1.33851             -3.7391
5.72359           -0.863693            -1.60299
-6.64595            -7.10328            -3.72385
0.76513           -0.505639            -8.58613
-7.26021            -4.19913             5.11403
-9.44615            -3.71635            -9.52763
-0.308405             6.07515            -9.73405
-4.33568             4.54549             4.59493
9.49909             4.42692             1.75104
4.43686            -4.46395            -9.31312
-5.339            -3.58664            0.431886
-9.07757            0.206746             9.71574
4.06651            -8.68318             7.92305
8.64008            -9.79824             5.80549
-0.10682             3.89905            0.512044
4.68574            0.553015           -0.910436
8.87923             5.56902            -6.69213
6.01302             9.33177           -0.090142
-6.32595             6.42513           -0.986738
-2.95381           -0.386435            -1.25963
5.35564             1.17176             3.48723
-7.27068            -8.42819             8.03265
2.77644            -4.39104             9.41027
-7.72894             6.69147             8.60413
9.40951            -3.60661             1.07881
-1.42775             -6.2898             8.97269
8.7989             2.87965              6.5831
-0.391427             7.93189             6.01436
3.86312            -5.59785            -2.91772
0.027613             7.76134            -5.71497
8.94665             2.22742            -3.70663
-8.95935            -9.08665            -3.10308
5.73622            -1.82843             3.71369
-4.96859            -2.87447            -4.22936
8.92085            -1.45137            -1.85287
8.10776            -6.81794             4.57382
7.06179             3.53925            -2.34706
9.26331             9.20233             9.51537
0.446219            -9.77675             4.46788
1.03073            -6.98452            -0.38478
-6.8093            -2.76552             8.88694
4.48454             -1.6667             8.51933
6.64814            -0.36765              7.3261
-8.02524             3.19961            -4.00032
0.360911             2.76994            -3.30644
-2.89577             2.49313             6.12922
7.90094            -3.65181            -4.99752
3.72624             7.43461            -4.51866
-3.95796             2.52403            -8.16116
-7.66796             2.26169             5.36795
3.83546             4.07088            -1.06511
-8.70586          -0.0410444             1.16937
-1.81049             5.05626             3.49158
-9.6797             3.22381             8.23708
-9.11372            -9.83056             8.05207
-6.80329             1.36866            0.297347
-1.63942             8.91503             2.76011
4.96454            -2.47562             4.44843
-2.74025            -5.41978            -4.30084
2.68546              3.1054             7.03274
-8.51682            -6.98652             1.54374
9.53944            -8.59823            -1.68983
9.97183             2.33027              6.9396
2.5918              9.5931             3.54322
9.24065             7.67856            -7.15213
7.78949            -2.69077             9.26024
-8.19148              2.8089             5.14438
1.6685            -8.22248             -1.7778
-2.65034            -9.33586             9.66588
-9.8749            -8.36876            -8.13233
4.69008             1.19962            -4.84887
2.46205            -1.07628             6.06422
-2.53069             3.99976             3.90173
-4.18825             9.98299             -4.6396
7.66386             5.54829            -6.37894
6.10423            0.892241             9.94064
0.928471             1.66358            0.827619
-0.462898             4.08723             4.41693
8.43499            -3.96301             8.72235
-0.765657             2.51983             7.65841
9.50574          -0.0346596           -0.310773
0.410679             3.82335            -8.63015
-6.0249             4.90407             1.93635
1.98609             5.18397           0.0894046
4.25788             3.11031             -3.8035
-1.33715            0.912176            -7.33485
-1.8049             -4.7052            0.424897
4.58625            -9.26472            -5.78197
-4.41868            -10.0081             5.44874
7.78327            -4.25286           -0.997402
8.36228         -0.00960839            -7.15476
4.48801            -5.49742             1.38596
7.62837            0.365689              3.1072
-9.22494            -0.75632             6.48666
-4.67541            -9.45591            -3.78195
9.60142             6.21941            -7.72329
-4.46962            -9.24924             8.92439
-6.97785             8.39107            -8.30717
6.67818             2.03469            -8.11715
-6.26477             9.01057             6.06871
-3.04259             0.55891            -7.03857
-9.56676            -5.24559            -1.07673
-3.15698             7.30751            -8.83462
-2.51569             1.66243             3.21454
8.01136              1.7995            -1.10089
8.43558            -2.48693             4.45875
-6.3161            -3.28483             3.88131
3.3696            -9.25586            -8.56043
3.03483            -1.49715            -8.80014
-4.54066             1.93905             4.90032
6.86276            -8.24555             9.62961
-9.74269             -1.3465            0.467798
-3.22058            -3.80007             4.09128
8.06704           -0.595166             -8.2718
-3.82711             2.84402             8.51822
-6.85481            -1.22565              9.7498
-4.74176             6.88642            -8.16413
8.11514            -1.07661            -5.91453
7.6313            -6.92141             2.21529
-2.0978             4.17998            0.170925
-8.48895            -1.21587            -4.62141
-0.321323             8.09841             7.28807
-6.87571            -9.05773            -6.09297
0.499495              7.4404             9.95507
-6.20582              10.032            -4.66648
5.74658             2.15013             4.06052
-9.34844             2.62194            -5.12373
-5.7261             8.79516             3.91497
-3.97292            -6.71422            -6.64578
-7.33395            -4.52253            -7.31337
-4.23177            -6.97708             5.09122
5.29868             -5.4719            -4.96774
3.41685             1.17221             1.94908
2.3486             4.02675             3.19925
-9.30342             -6.0194             9.35143
9.51571            -1.89321           -0.892735
-4.28993            0.300469            -7.63574
3.05482            -8.68854             8.49126
-7.90778            -3.84826             5.34506
-9.79045            -6.71364            0.713691
8.77287             3.10934             3.02214
5.08741            -4.64006            0.911031
0.575239             1.18321            0.914236
-8.59558            -7.69784            -9.58153
2.46766             8.03069             3.85641
-5.6903             3.84096            -7.29959
-6.21113             8.97836            -5.34409
6.39744             6.18654            -3.36161
0.610455            -1.55957            -8.16876
2.77435             2.91292               -3.12
-6.10109             5.16741             4.11927
4.67688             8.07908             5.62776
-5.53301            -5.58172            -8.97344
-4.68918             5.62676            -5.87126
8.10554            -1.09396             2.21885
-4.99523              -3.899             5.18858
-4.14288             2.98755             0.99881
-2.20776             1.17506            -7.22774
2.82295             2.49637             6.62057
0.932867            -4.80878              7.0251
-0.606652            -9.11064           -0.768382
-4.73308            -9.94931             6.19031
-8.70827             1.76064             1.11642
1.53747             7.23425             7.73667
3.66317             8.04181            -10.0466
-9.38951            -9.44292            -8.29884
8.81356             7.01857             4.73536
-5.55802            -2.50057            -4.29459
-3.10345             -1.6637              3.2532
-6.01391             2.53576             1.41178
6.1887             4.48642             7.15705
3.71986             4.67967            0.392868
-5.87521             1.00883            -7.86135
8.07896           -0.329855             4.80789
9.99115            -9.14858            -1.02901
-9.5462             2.93149            -7.90374
-5.41397             6.19499             6.44796
-0.371901            0.503116            -2.63981
-9.80607           -0.700406             7.50409
-2.81837           -0.892491            -6.03897
-4.66184             6.50385             3.14561
-4.63552              6.1731            -7.48867
9.52371              9.9149             2.16368
1.47763            0.588768           -0.607167
-7.34476            -5.05794            -9.73431
4.2243            -3.89077            -3.48962
9.36676             1.78881            -6.95924
1.12805             2.58859             1.21107
6.75157            -1.13849            -4.71972
8.22283             6.31328            -7.81957
7.05787              1.0853            -9.49016
-9.42099             9.75419             8.57096
7.59542            -4.55912             4.63471
-6.96749             9.08901             9.00464
-5.64457             7.14923               1.501
6.71574            -6.51911            -5.03491
9.14207             2.57795            -4.45994
-8.11936             6.14463            -9.38568
0.51329            -1.63013            -8.94091
-7.08175             1.95958              5.3922
-6.46647                7.61           -0.739067
-6.58395             3.78477             -1.8237
2.3211             8.79211            -5.71533
3.37873            -7.48145             2.27639
7.27922            -3.85889             3.80808
6.58835            -7.68971              7.9903
-8.27081             10.0307            -3.82213
-8.2991             6.35236             5.06724
-0.233732             1.23204            -1.36196
0.600113            -2.79335            -5.42556
9.09282             2.08996           -0.641081
7.53769            -9.07968            -4.13162
-4.8912             5.14891            0.494621
9.55032            0.854866            -6.33618
3.02173             3.18368             7.78326
-5.91042            -9.27226           -0.336558
-5.99872            0.692924            0.997844
-4.08471             5.01245            -0.91451
-5.83485            -2.84892            -2.03525
-1.33595             4.30659             3.61095
4.65351            -0.10911            -6.26404
-0.0639551             6.30162             6.83173
-6.51865             2.14955          -0.0780043
-9.16389             6.53214             6.44234
-8.17207          -0.0693616             4.33143
3.27432            -1.91387             -3.6217
-8.4609           -0.329185            -1.71998
-1.56976             8.32683            -9.11162
-0.492341            0.262517             -6.5651
2.73171             9.46043             8.32082
6.01509            -2.62608            0.818911
4.44592             6.70516             2.38887
6.7083             8.78129             5.81517
5.57102             7.32763             3.08929
-5.50011            -6.95838             8.38065
-5.08444            -1.99444            -2.84458
-1.23785             4.52837           -0.994502
0.476132             5.84541            0.966337
1.49229             3.13539             8.43345
-5.07347            -5.08681             7.81125
5.64696            -4.48051             1.17621
6.26158             8.14737            0.457742
-6.37746              3.7672           0.0935242
0.758317             7.13936            -5.81156
-4.59294             4.98687             5.20325
9.80389             7.29072             -6.2112
4.66511            -8.68081               7.686
5.45694            -9.25131              6.5817
-3.97613            -2.80038             9.88734
-0.888559            -6.54799            -3.00056
-0.504073             2.89742            -9.59075
6.93936             2.31122             9.68472
-3.65713            -9.67768            -3.83809
0.427195           -0.344387             -4.2892
8.7517            0.877698            0.286375
-2.35792            -6.35394             5.31845
6.29474            -1.94859            -8.70801
4.32046             3.51407             2.17639
-8.33737             5.33207             7.81123
6.14891            0.558311            -3.85317
3.84789           -0.730805             5.12352
-3.95161            -4.74708            -6.12324
9.64042             4.46067             4.80521
-2.1025           -0.845263           -0.301786
6.32353            -4.82559            -6.56951
-5.45001            -3.26883            -1.29026
2.54488             -5.6466            -1.76554
5.17919            -8.10196             9.64216
-1.2007             9.52219             6.22247
5.60092             3.88544             -3.3016
8.30923            -9.78758            -9.16264
4.22169            -3.91368            -8.77541
0.677867            -6.95806             1.16842
9.02396             9.37782              -7.341
1.66975             2.63884             -2.3319
-2.00511             4.36224           -0.548472
-2.45323            -7.45699          -0.0118688
4.29441             6.20634             2.67079
-5.17673            -1.56338             3.82088
-1.4925            -3.74154             7.41143
4.01637           -0.548887             6.04353
-2.97438             1.49476            -8.59128
4.15996            -6.85879             1.76661
8.37572            -2.77863            -8.04722
-5.10871             3.62107             3.56626
8.82496            -7.90802             9.32022
-3.89618            -3.96956            -7.32852
-5.27636            -7.99273             6.34856
-5.95024             5.51821            -9.51132
-2.54109             4.44963            0.913282
-4.3245             2.55835             5.83843
9.32485            -3.93139             4.62435
0.35071             7.52205            -7.04186
8.9289             7.99085             3.01065
-8.66661            -2.98279           -0.643018
8.54762              6.3654            0.699538
8.25712             4.67791             4.34607
-0.136089            -7.10718             8.09824
-8.20563            -8.50765             4.06723
8.3318             8.52534            -2.68491
6.28744            -9.76707             4.48165
4.23096             1.54237            -3.68549
-0.529895            -2.17571             5.89957
4.13731            -5.47542              7.5619
4.28999            -8.36975            -9.51931
-1.90541             4.54396             -8.7652
-3.23874            -2.90287            -3.34568
9.521             -3.1209            -9.73721
-2.35056            -8.56745            -5.76698
8.61833             8.32057            0.427608
-8.18645             8.25662            -3.55286
9.54538             3.35718            -7.62216
-9.16288            -2.56798            -1.99409
9.85051             7.91352            -0.59277
-5.80904              6.4929            -1.32348
4.88933             5.26749            -9.16967
-5.41498            -9.84564            -9.25552
1.02861            -8.97753               9.908
-4.90855          -0.0207158            -3.13963
8.09676            -7.84183             7.14802
-1.62971            -4.92626             1.21808
-1.7644           -0.317194           0.0851252
-3.21829            -8.73977             2.14426
8.85496             2.21818            -8.35372
6.83423            -8.23791            -6.81039
-1.5088             5.07725             8.22215
2.69592            -5.71771             3.10208
6.21956             -3.2251             1.75649
5.6093            -5.98347             3.13027
5.38496            -10.1045            -7.92856
-5.04107             4.99541             2.69151
8.59182            -8.92267            -2.78403
-0.591609            0.591114             8.58008
6.07235             8.82278             -9.6642
2.6204             4.79341            -3.64803
6.81048           -0.346488             9.69299
-6.12288            -7.37643            -7.08646
9.61064             6.81969            -2.21338
6.27254             4.54885            -10.0691
-1.05357             -7.9777            -5.88441
-3.85379             7.31056           -0.667623
5.16947             4.89314             3.09557
-10.0059             7.41936             9.61334
-9.3308             7.30083             8.74909
2.93116              -5.742             3.31639
-3.17733            -9.23452             6.22041
-1.22485             9.79125            -1.36856
-5.29351            -1.05979            -4.68892
6.66111          -0.0579962             2.55307
-9.40876            -3.26494            -3.65295
-7.99238            -8.94323             5.90279
-5.49517            0.549388            -2.05197
7.84536              3.4252             1.22157
7.73277            -2.21892             3.79734
9.69674            -8.05134             3.81677
-2.04977             1.31037             -3.6966
4.92062             4.30232            -6.74067
1.9273             2.32974             9.79008
5.11056             1.84296            -2.63742
-2.01319             -8.9315             -8.1536
-2.19893             5.52905            -9.59474
8.03791             7.68849           0.0254008
-3.5545             -1.8546            -5.47643
9.26569            -7.21146            -2.90811
-3.70232            0.321579             -9.1576
6.48113             5.91397              8.0816
1.83759             3.23747             2.78438
9.02867             7.00802             7.91764
-6.20022             1.87203             7.67521
8.49018             5.40352             8.86493
4.82359             4.40584            -9.17726
3.11633             6.77188            -3.44647
1.16655             8.10234             1.24768
-2.02755            -7.89441            -3.47262
-9.90351             8.78803             9.76255
-4.35433             1.68307             8.64601
8.89981             -6.5698            -8.07437
5.63279             4.25215            -6.34287
-5.18134             1.52107            -5.14917
-7.08908               5.108            -8.34289
5.81845           -0.671071            -3.04622
-3.11749            -1.30942             6.47279
-1.44151             1.95994            -8.47718
-5.6064            -8.23053            -1.87151
9.77746            -3.92973             9.73109
7.17589            -6.48409            0.487788
6.25912              -10.06             7.93529
5.01379           -0.606775           -0.591955
2.10514            -2.06464             7.07854
7.29391             6.94416            -4.98774
1.16133            -1.91587             4.87614
6.49613            -8.74666           -0.874866
-1.62087             9.80072            -3.37565
6.95878             1.94348            -7.52217
1.59781             1.98781             1.62265
-2.05776             4.43954            -7.19548
-0.107988             2.21828             4.40463
-8.13212            -3.41548             4.73592
-8.0916             4.89289            -8.96434
-0.875413             1.33301             1.68086
-4.56489            -9.19505             7.92635
-6.2648             4.10069             4.29409
0.0131795             -5.8933             8.00405
1.39076          -0.0951795             -8.3209
4.44833            -8.38548            -1.56692
4.80729            -8.95592             3.40992
9.94489             3.64878             7.36584
2.44208              0.9788             1.78569
0.978628            0.733916            -7.30577
1.7136            -7.36302             6.23763
9.52843            -3.10584            -6.22981
6.97236             4.85523             4.94727
-5.36996              1.5204             7.98067
7.83274             4.01618            -3.77264
6.95839            -2.38878            -9.14136
-0.972446           -0.861229            -4.01617
2.71782             7.69809             9.59743
-8.86147            -4.96856              2.6404
3.06196            -1.57901            -1.77672
2.83145             2.01481            0.767397
-0.824045           -0.995486             5.86664
-0.904601            -5.60393           -0.347971
9.53759             8.09928            0.566308
-4.27788              6.1068             7.93929
-8.15734            -3.31732            -7.02579
2.30593            -9.35631            -7.65763
5.35328             5.12143            -9.23887
8.56139             4.85688            0.947809
0.371389             3.70016           -0.787596
9.63906             2.13061             4.47495
4.40659             -8.4209              3.1743
-6.88688             7.48012            -6.53218
-1.65793             5.11192            -7.11306
2.43119             2.27473             7.90633
-1.09931            -9.03762             4.43356
0.527155             1.34009            -7.76579
-8.82566          0.00382919             -3.4773
-5.06266            0.161431             3.72589
4.89395             5.18379            0.921571
5.35433             7.35515            -9.34083
3.61627            -2.82856              4.7512
7.47622            -7.73709             5.07214
-4.22387             2.33077            -8.51117
-0.658512            0.658113            -1.13644
3.09754              6.7817            -2.35871
5.54409              2.2567             10.0504
-8.71011            -4.71749            -1.57633
-8.1845             6.44546            -2.35004
-2.27965              5.1774            -6.67067
2.82691              4.6243            -6.62184
-8.28256             6.00941            -3.29079
-9.90208           -0.285542             7.44983
-9.09102            -5.07685            -8.89745
2.97663             5.78507            -1.25636
1.18279            -4.18012            -6.15062
-4.35118            -2.02791             3.50028
6.22395           -0.393287               5.705
-5.99352            -2.02335            -1.59489
-8.56543             7.23025             7.94519
8.66724            -4.98388            -2.22396
9.6911            -5.57472            -2.20503
6.50498             3.28922             1.25901
-6.63968             -4.2052            -1.71383
6.05535            -7.09691             4.36187
-8.41645             4.62709            -7.38156
-7.85783            -4.59956            -3.15917
-5.09901             0.28372             6.07394
4.35201             6.66421           -0.837098
-4.73846            -9.07698             6.68563
-1.14056             4.25533             4.41692
-2.42723            -7.80187            -4.40815
8.95735           -0.637123             8.78882
1.37554            -6.35888             -7.1954
-0.482062           -0.171631             6.07424
-6.98464             3.67823            -6.31508
-2.94002            -5.63704             5.09704
2.25411            -4.62057             9.38445
-5.06122             7.44961            -8.69697
3.88366            -5.13489             4.77093
-7.88857           -0.519274            -7.54804
-4.47374            -6.19351             9.55304
0.926074            -7.79357            -3.05709
-7.74788             -3.0336           -0.365904
-9.35451             2.98079            -5.28765
9.94507             2.18041             9.84082
-0.0389251             5.15312            -2.09438
0.365899            -5.50102              2.9981
-9.56147             5.41236            -8.54987
-0.522388             4.13561             7.40084
1.23505            -7.46369            -4.69093
2.76898            -1.00981             6.68602
2.14661             4.46146            -9.35171
8.89829              3.0706           -0.539667
-0.562155             8.38962             -8.0137
2.97525             4.30979             6.30989
0.608627             9.74061            -4.23064
-5.63624            -2.22409             3.74243
5.06743             1.03642             -7.5865
-6.7306             2.76678             1.39464
5.69548            -4.96408            -8.21183
8.20761             5.44704            -8.78792
-8.09828             -3.9933             4.45784
-3.08924            -7.60172            -7.02649
-3.06331            -8.82419             4.39915
-9.3328            -4.00971             3.99928
9.97537            -4.78764             6.58745
-3.15557            -7.97571            -4.07516
-7.68249            -5.64843             6.46008
1.09978            -7.28104             -9.5478
1.637             1.19541             2.23357
-2.34552             1.42454             3.04503
-4.65414            -6.65337             6.49926
5.56951             9.39793            -9.58555
-6.37228              1.9991             6.47919
-5.2658            -9.09851             1.52967
-3.61198           -0.494279            0.723521
1.83075             4.47154          -0.0126855
5.23626            -1.65369              6.5363
3.93761             8.90982            -8.02695
6.71255             2.86682           -0.487113
6.36952            -6.77355            -2.94946
-3.10199            -8.22634            -6.22578
7.51163             5.89261            -5.16984
-7.11055              5.3123             3.21222
-3.99018             -5.6327            -5.31489
-0.599058            -9.54018             6.92479
4.7843             -2.2141             3.81607
7.60252             2.54262             1.24908
-5.30802            -1.01577            -4.16359
8.11079             7.05475             2.64303
8.67004            -6.12436            -8.79119
-6.35112             8.06094            -1.84299
-0.181476             3.21698             5.01158
-7.18344             2.62537             1.94045
-0.0772527            -2.26505             3.12702
-1.64696             7.24679             6.88493
-2.46601             7.65171             7.44256
6.42696            -6.84811             8.07101
6.32207            -2.78033             6.73832
-7.79485             9.66826             6.52086
-3.44823             1.16244             1.41329
7.19671            -5.46669             2.25465
6.84896            -2.83222             5.92248
-7.23639              6.1016             2.97616
2.0753             2.49424             0.92044
-4.06252           -0.231625            -5.52557
-2.29687            -6.89791             5.40423
4.16536             6.12003             1.57074
8.71998             7.91616             8.86681
-8.42042            -3.57952             7.07847
1.58134             -2.7343             -3.3905
7.08026            -8.88263            -3.36872
8.99718            -9.55788            -6.15224
-8.0703             2.49139            -9.65662
9.7449             7.55705            -3.84902
-1.03354            -3.16496            -5.82382
6.47374             6.47403             4.06314
1.88904             8.41997             8.92559
6.46935             3.11926             6.43997
7.34086             1.26634            -8.01478
-8.58139              3.4755            -9.11791
-2.74791            -2.98272             4.43167
1.26927            -6.81039              6.9843
7.63434           -0.686098            -5.45522
-7.26492            0.570556             8.82019
6.65624             3.36638            -4.05193
9.56664            -1.25997             2.71775
-2.92222            -9.58275            -3.73358
6.58883             7.94965             2.42296
-2.48173             -7.3596            -5.96308
7.28988             2.48261             9.48155
-5.15743             8.84302              8.0418
-8.35736             6.64028             1.68616
-9.96357             2.72413            -9.56183
3.00071            0.253477            -8.39129
-8.67353            -7.74896            -7.20328
-0.865776            -2.41054            0.933474
-0.357639           -0.980597             2.93456
-8.15794            -6.32056            -0.90956
1.49877            -5.47858             7.55614
9.65994            -2.72753            -3.24945
-5.7469            -9.81922             5.40261
5.65674             7.42925            -6.58466
-5.4004            -5.70964            -8.00779
-4.02806             -2.9859            -3.48532
-4.04488             3.57337            -2.41377
-4.98512             8.49088            -2.60324
0.296934             5.61316            0.227904
2.89585            -3.10037            -2.20863
5.66174            -7.66126              4.4006
4.84406             3.46978            -1.66561
4.92813             8.55453              2.0017
7.85405            0.248264            -1.98985
5.84698              4.6287            -2.44415
2.72019             7.20669             -5.4134
9.11677           -0.119196              4.4598
1.20542             9.35917           -0.747677
-0.610012             -10.062             -6.9268
0.297029              4.7993           -0.821691
8.97599            -6.80809            -8.50293
-7.46657            -4.65084              7.4059
1.46702             -1.8057             9.76765
-5.19346            -7.53934             7.78697
-1.01771             7.87976             5.28296
0.0371875             7.81726             3.89321
5.13469             5.09541            -3.61623
-9.08938             6.28213            0.366606
5.48953            -8.92403             5.79609
9.33692             4.75256            -8.99397
3.2815            -7.48685            -5.60384
10.0605            -3.41326             -7.5871
5.10093              8.0833             9.42728
-8.98132             2.77641            -8.19563
0.0568707            -8.88465             2.21132
-1.61511            -3.92438            0.363329
-1.0418            -3.71462              1.3694
-7.90879             5.99794            -4.03583
0.760436            -10.0001             6.41369
5.61287            -7.48888             2.52653
0.775731             3.67051             2.60784
5.3804            -6.90649            -2.65195
-0.544625             9.95224             2.45384
-9.51015             1.47786              2.5802
-9.35823            -5.32014            -9.08018
5.3595            -2.62054             9.06535
6.53102             3.68199            -0.56712
-9.31562             -6.8722             3.18129
-0.0529023             6.67178            -5.50523
9.15087            -6.23835            -9.97001
-0.696508            -6.85045            -5.80559
4.19467            -5.72604             -7.9831
-5.76195            -8.02385            -1.79794
1.33006             6.97959             2.45323
-9.26695             1.69831             3.02621
6.90009             5.10116            -7.40418
5.42296            -3.92946             4.49938
-8.31834             3.70012            0.626407
-4.02338             6.06293              3.3268
-6.22925            -4.75521            -7.75022
8.83626            -4.01303              -2.187
-4.73754             4.89034            -8.07886
-2.4175             8.71896             4.23668
2.84047           -0.423494            -4.81157
-3.69132             5.01216             -9.7874
-6.5673             6.98836             6.39283
0.890802          -0.0218173            -7.42561
-7.59627             5.78115             -2.9138
-7.19127           -0.541631             7.19382
-6.58079            -7.65522           -0.068298
-9.41255             5.74082            -6.54181
2.42329           -0.148177            -4.03258
-6.94236            0.862586             8.76202
1.26688             3.36439             6.08939
-1.2623            -8.15138              -1.465
-3.18887            -7.23595             7.21006
-3.30366            -9.99847           -0.294847
-3.69461            -9.66328             9.48477
4.9092            -6.42225             6.52568
4.68959            -1.67634           -0.471906
8.77597            -3.25658             6.85106
-3.33303            -1.27288            -2.87171
-4.45145            -8.07828             5.10993
-5.6037             7.82171             9.89646
3.57902          -0.0504019           -0.693994
-4.59377             2.76624             1.39321
-2.53709            -3.79254            -3.40148
6.7446             9.13783             4.45123
7.4327            -6.87798             2.98748
-8.10804             6.61118            -1.41537
-4.92816             8.51741             6.57766
-8.5463              1.0747             1.15653
-3.51953             5.64296            -6.32196
5.13823             6.54499             3.51831
-8.76373            -8.94994             3.83191
9.43294             6.81134            -2.64673
-4.89095           -0.923515             2.80749
-7.41861             7.22776             8.32163
-4.16757             3.11428            -9.77937
-4.45064            -7.61997             7.56808
0.949142             2.06083            -5.62529
-6.82912            -5.07291            -6.57533
2.66907             0.14473            -3.05948
4.02536             8.70101            -8.79846
-2.56288            -3.42298             7.59576
-3.19645             2.40148            -1.74654
9.04949            -6.11234            -8.77853
1.34508            -1.81546            -9.12319
-4.25394            -9.30234             4.42829
6.2524             9.88842              5.1889
2.95339            -4.62764            -2.61573
-0.615847             4.13535             7.03152
2.28495            -5.87452            -8.66375
1.54485             8.95179            -3.92657
-6.07092             8.54198            -8.14762
1.96902            -6.55993              7.6127
6.78855            -7.56201            -8.66958
4.21457            -9.18837           -0.458492
10.0198             9.95423             2.62065
7.23839             9.89131             5.41217
-5.29256             9.57162             9.87717
-9.67575             3.10578            -4.00296
-2.31367             5.97387           -0.179333
-2.67323             2.59207             6.85912
-8.77334             4.19728            -4.52659
-8.43626            -2.92872            -3.63675
-4.9427            -7.64121            -3.27207
0.202437            -8.23627             1.30632
-5.45638            -3.00776            -4.23924
1.94824            -10.0114            -2.19673
2.49556             7.81421             7.22531
6.04436            -5.60902            -3.03085
-3.7659            -1.81561             3.71385
5.69516             5.05643            -1.11146
-4.93156             7.93248             -9.6195
6.58123             1.56428            -8.30535
-0.0868931            0.768482            -8.30265
8.89398            -7.33793            -5.67488
2.04727            -7.19357           -0.813171
-2.19493             8.08423             -7.0858
-2.7176            -7.26033            -5.59343
-5.71241            -1.00193            0.771206
-4.02989            -5.67899             4.30108
-6.60346             3.24684            -3.65861
-6.95947             3.15787             2.21886
6.90442            -7.57978             -5.3855
-6.48019             3.17661            -7.36942
-3.39751            -8.92386            -7.51067
-3.64819             2.98046             5.82192
-7.16016            -2.19657            -8.81198
1.62954            -7.37195            -6.48588
-8.48949            -4.30682            -6.96131
6.37289            -7.66102             5.78296
8.69763             -4.1193             3.63561
-7.57638             2.40962            0.133055
8.44002              7.9628             6.26639
7.61964            -7.88853             9.88599
3.30522             6.12172             9.57355
5.36681             9.68933             5.68215
3.73007            -7.07002             1.36524
-1.13595            -1.45603            -1.37362
-5.76667             5.78029             4.24335
-4.95194             4.36819             6.70086
-8.76318             7.66454            -3.47483
0.954181              1.1017            -4.77355
-0.27098             3.11898            -4.36307
-1.96191             -8.8327             3.95895
4.22598            -4.05141            -4.30799
-1.83877             4.78787             -2.8541
-1.96606            -6.11859            -2.40644
-4.54941             5.82242             3.12786
-6.51468            0.441817             5.24025
4.29391             6.13908            -5.70776
-6.18906            -9.60884             3.50209
3.3103            -1.86687             2.19394
-9.87484            -4.55434           -0.633094
-8.13636             6.55558           -0.738719
7.63899            -9.70194             7.19169
-2.93162            -7.33837             4.31108
2.9328            -3.56005            -1.29004
6.71318             6.64928             8.90972
-0.99686             7.15223            -8.41891
9.09815             8.65004             4.75275
8.5756             5.96156            -6.20054
-6.98983              9.6137             2.84846
-5.92899             4.11492            -3.73871
-8.34445             -1.9486            -1.54832
8.04844             7.33495               6.141
7.19909              2.5777            -1.89676
8.44655            -7.25868            -5.10649
-5.67916            -5.05797            -8.12483
-6.23152             -2.0142            -3.78827
-6.9837            -9.05948             3.05576
-9.94764            -9.03884             8.55187
7.20114              3.1632            -4.35234
2.07413            -3.06667            -8.12998
-2.01041            -9.21802            -8.74558
-8.41709             4.05186             9.69477
1.23334             8.06306             -7.7188
8.85971             7.93137             9.33939
-8.38726           -0.433617            -4.26173
0.711601           -0.413074            -4.29769
7.68764             5.61051           -0.211204
8.46046            -5.30708             2.94294
7.8408            -5.74285             2.04248
-1.3349             -1.4728            -4.09732
-7.17365             1.11326             0.10232
-5.71297            0.217435            -9.26548
0.0150262           -0.322047            -8.86829
7.45118            -1.71787            -7.32739
9.57904              6.7444              9.5841
6.29097           -0.831951             6.08698
2.12742             6.53071           -0.990575
3.44715            -8.08405             3.96873
5.60648            -1.53848             1.35246
3.32843             4.77241            0.398359
2.4746            -6.59606            -5.08685
-7.81308             2.19771            -5.27058
-9.00854             9.16711             8.43954
6.73456            -2.57408             8.65343
-8.82213            -2.06183            -6.84923
-2.84594             6.73204            -7.09861
3.2571            -9.41331             1.71169
1.61982             8.99037               -9.66
6.67686             1.63971             9.64482
0.677808            -8.35435             6.56376
1.31683             5.11496               5.221
8.21258             3.02057             1.67409
0.317437            -2.96363             2.19203
-7.84894             1.66352             3.12765
-1.77627             6.25114            -7.15878
-0.11006            -1.44142            -5.29323
9.81545             5.33541            -6.60611
-9.19671              5.9634            0.886542
9.25232            -1.74838             5.70556
-4.15881             10.1128             5.04116
-6.99736             3.85033             9.22779
-5.57601            -1.63144            -5.52712
-3.97752               6.483             -6.4572
6.73728             9.16623            0.657656
6.52352             1.67024            -2.43938
-5.19046            -4.70493            -1.31938
-6.82926             7.22214             2.76239
1.90725            -1.89699            -3.97725
0.837175            -8.63126             2.12379
2.51228            -8.71354            -3.04753
-5.78104            -9.60844            -4.29568
-6.25787             7.45979             7.38435
-7.57066             2.58525             7.45063
-5.69996             1.07125             7.14847
0.520487             8.61058             3.68996
2.71166             6.94476            0.852533
7.79969              8.1621             7.31303
6.08545            -3.80164             4.92541
6.99088            -3.51177             1.65702
1.79329             -9.2135           -0.348087
3.5395             7.42573             3.03318
9.7441             6.60213             7.96208
-6.54218            -1.34895             3.45274
-2.02927             9.55014             4.06001
-3.44787            -7.38514            -8.32246
-6.83903              8.7148             3.70897
3.94878             -9.1489             2.28018
5.76993             9.59415             5.86276
5.012            0.140613              6.1961
6.43546             2.93145           -0.184476
-3.12775            -9.07141             2.35306
3.6914            -3.54031             -1.5826
-8.6686            -5.70902            -8.38355
3.16804               3.132             3.46339
3.10173            -6.19285            -3.23071
-4.05065             6.44305             7.00929
9.83043            0.557545            -9.64163
-5.3535             2.80094            -2.78002
-1.49872            -4.94329              2.4747
-1.49473            0.718142             2.95057
-7.21516             6.59489            -8.77389
-6.66844           -0.839412             6.32578
6.49144            0.580837            -5.47578
9.04696            -6.98339             4.87085
-5.49289             4.80743            -6.97175
6.628             7.39087             5.99387
-0.191762             5.29188           -0.118242
6.61211            -5.55975             6.01395
-3.28378            -9.96939             2.67733
7.60605            -6.91378            -1.07884
7.58936             2.96923            -7.56555
6.28747             1.87589             8.11325
-9.18338             7.94863             6.84378
-3.80805             9.94691           -0.219095
-7.62038             2.85069            -2.32392
1.60075            -7.16855           -0.858618
-3.30965            -4.98875             6.63692
3.78781             6.97353              3.2074
0.378509             7.65765             6.88255
1.01208             3.92319            -3.22823
-1.98684             7.73232            0.928918
-7.03015             4.94253              7.7196
-0.3646             -2.3056             1.78757
8.83968            -6.90405            -7.88251
-4.66139              4.8667            -7.05976
-9.47607            0.100261            -7.02805
-5.8312            -4.21118            -6.88405
-5.96797            -3.94036             9.52891
1.52459             9.58305             9.52864
-7.22474            -5.09952            -2.80658
-7.7581            -6.66887            -6.66217
-9.29288             1.59614            -5.67604
-9.96718            -1.93538             3.52052
-4.42146            -6.29748            -6.61115
-4.86548            -9.13249             1.04856
-0.718273             3.36535             1.54394
-9.0679            -2.62905            -2.11186
-2.64447             2.81445             -6.2805
2.43054             5.08902            -8.59324
2.30939             4.69909             1.76964
-9.0045             4.77818            -8.64192
-7.77832            -3.18304           -0.471698
-6.58933             9.86547             2.28201
2.64704            -1.95316              4.5665
-5.01863             7.39442            -6.15245
-5.47             9.64829             8.72351
7.07341             2.10516             4.10259
-7.25947            -1.36597             2.19543
5.52916            -6.10887             3.32554
-7.90784            -7.72534             6.46768
-4.12055            -8.79668             9.13466
9.0554             2.04017             1.74775
8.2474            -4.45289             9.75538
1.05874            0.344143             7.05738
8.08245             7.84372             4.88688
4.76373            -1.95781            -4.49819
0.186973            -2.38651             9.05303
-9.19758             3.45863            -7.61254
5.48433             9.55909            -7.81375
-8.95072           0.0855114             -1.1754
2.32956            -4.32049             2.91761
5.91118             4.15986            0.744399
5.63686             9.28847            -2.05204
1.83579            -1.36474            0.295723
1.91061             4.06446             6.02494
-5.25356            -5.34751           0.0528594
1.04701             3.82882             1.13276
8.43105             2.89415             5.79885
-9.97221             8.60236             2.91154
-1.10227            -1.89127            0.306765
-7.27642            -3.36896             9.50058
6.42618            -2.51503             1.49975
-2.28555             7.76686             7.70678
6.42782             9.57813             1.25554
-8.09038           -0.390006            -3.52156
-6.42706             1.03007             2.48561
1.44566            -2.65108             7.54957
2.00776           -0.324277            -5.95968
-2.74799            0.675069             0.15967
-2.55326            -9.22675             4.25576
-9.30957            -9.14087             1.31324
-8.15357           -0.787872            0.557767
-0.705639            -3.90588             1.24222
-0.847005             9.11275            -4.49859
9.65159             9.19136             3.55918
-3.05596            -1.20979             9.12436
0.331865            -1.04183             1.47832
9.4383            -3.06146              7.6831
4.92839            -7.25339             5.30867
-8.00976             4.92098             9.61551
5.9114             -6.4416            0.178039
-7.07868            -9.83434             4.14154
1.94877             3.11942            -2.49407
-1.77211            -6.98979             3.29372
1.54962             10.0232             4.50085
-9.60866             7.79803           -0.797339
-9.5389           0.0611029             2.36627
7.7596            -7.70426            -5.49582
-5.52114             9.34771           0.0158448
7.04312            -8.21887             6.31843
-8.75411              8.1001           -0.988916
-5.00754             3.99287            -8.26335
-2.3007             6.23642             2.18244
-7.71667            -8.69492             4.09254
4.94802             1.67665            -8.69961
-4.81448              1.4834             4.30554
-7.04775             6.75699            -2.69149
0.193339            -7.43657            -4.30578
7.32411             3.47633             9.35003
6.51053             1.14348            -3.08682
0.456744           -0.936853            0.898035
-3.76615            -9.61758             -8.5377
-9.0986             -10.042             9.91836
-3.73659             5.36208             6.09264
7.17168            0.254201            -9.42904
5.07194            -5.76192            -5.84416
1.25661            -3.57143             4.70515
-3.79534              3.4457            -3.05738
7.44568             8.30252            0.539199
3.79754             5.36733             8.70187
2.18473            -6.06897            -3.16777
1.43268            -4.02369           -0.322277
3.10808             4.66981            -3.07434
2.31626              -4.845            -1.60834
9.21461             7.25936              2.0419
9.94195            -4.35821             5.24602
9.21753             6.26449             9.04293
-4.78799            0.466383             5.82548
-3.83347            -4.93218            -5.24551
-2.0957             2.00467             4.67631
1.3332            -5.31851             -5.9263
-9.35254             -8.7163            -2.84983
-5.28494             9.18509               9.381
2.48946             2.33188             8.10303
1.2699             10.0494            -5.23044
8.68024             4.22262            -3.24886
-1.97928            -7.30684            -7.21668
-3.32098            -3.51197             3.16042
-0.199611             6.31972             5.26991
5.05726            -6.13284             3.54489
1.04527             2.43426             1.12237
-6.93589             4.65561              8.6483
-1.01553            -5.78696             5.80306
-9.8723            -2.79711             1.02539
2.66333             2.62099            -4.84745
-4.76155            -9.38931            -5.56747
1.43944            0.213987            -4.07803
-8.55302             9.80582           -0.363831
-7.99538            -2.17906              7.0721
9.35492             7.49412             5.58224
-6.1622              6.0416             10.0842
-1.02055             5.75336            -3.92063
-9.7264            -3.62596             6.07616
-6.01997           -0.606699             9.29731
4.90912             9.27839            -8.61252
-4.82237              2.8868             6.38834
-1.68827            0.548785             -7.2336
-1.68724             -1.4366            -9.25374
8.25407             -5.9346             9.59744
-2.79528            0.336674             9.64653
0.0364224             1.37579            -3.69484
-7.95042             6.01395            -2.03322
2.32543            -6.81181            -1.10965
-5.447           -0.471217            -4.60684
-8.60115              2.8026             2.71098
6.77917            -3.91727             5.34865
4.20576             1.38617            -6.10052
4.39556            -2.12395             8.34102
-3.59538            -2.95036            -5.33001
-3.6474             9.55572            -4.08956
6.02565             1.52022           -0.952488
-9.83634             8.15837            -3.19744
10.0253            -4.90973             4.45507
6.87099            -8.16488            -9.16134
-3.27262            -8.02133              3.4323
2.87136            0.740864             3.85548
-1.53907            -8.71624            -8.83629
-1.08179           -0.396938            -5.38023
3.70449            -1.47694            -9.55379
-5.47668            -5.63386            -2.54935
3.03759            -2.33312             6.21563
0.266375            -7.64548            -1.72086
-0.24542           -0.960076            -7.09289
7.31345            -2.84356            -5.44852
-9.39934             2.09844            -4.67905
7.96123             2.34023            -9.84407
-9.88421           -0.206784            -3.45943
1.59037            -8.93754            -2.57551
-6.67707            -10.0225              5.0007
-2.80258             7.29729            -5.53173
-5.20774              7.2602             9.25704
2.45911            0.312354             1.52511
-6.60907           0.0227853             3.61803
-5.54582            -6.13012             4.48313
4.20522             4.25149            -2.07007
4.20112             6.25534            -1.62883
6.45093             2.65313            -7.48399
-6.74045            0.293318             3.77234
-7.94081            -7.36626             1.40978
-2.05275             6.61063             3.93884
3.48795             5.05176              1.7002
7.16335            -1.99963            -6.36038
3.9794           -0.435954              3.3761
-0.975826            -1.48666             -7.1525
0.559919             9.29036            -2.06586
-5.08061            -2.68366            -9.02469
-1.55719           -0.910542            -1.33047
-7.20286             7.02316             -4.1639
-2.32313             7.75433            0.801691
3.47596            -4.41657            -3.83582
5.31041             7.13594            -4.21878
8.11159             4.12507            -7.40925
8.46793             4.32131            -9.08837
3.16751            -2.19898             -3.3587
