3.8018             9.85094            -8.47703
1.27061            -6.48853             1.04266
-5.15109             0.29488            -2.13943
7.41843            -8.21513            -10.0283
-2.77946            0.953173            -2.63734
-9.30278             3.94437            0.369149
2.92507             9.60232             5.45723
6.9467            0.950617             7.94545
6.50419            -7.74068              6.9238
1.02536             2.91558            -6.15314
-8.06568          -0.0763867            -4.49565
-5.30675            -5.78652             3.32692
3.99506             5.83896            -6.41493
3.50783             7.54495            0.716284
-2.37971            -4.12861             2.23608
-2.94711            -9.80419             0.87335
-5.05885            -5.74801            -4.03931
4.28428            0.790177            -4.22328
-4.26491            -7.22295             8.18545
-4.80397             5.79638              1.9074
-0.335271            -7.58688             1.81479
2.54036             7.89237            -1.42594
-4.36347            -3.53068            -5.89586
-6.04101             4.53424            -1.59239
-6.32934            -7.08021            -4.59595
4.62194            -7.81988            0.277076
5.45171           -0.106992            0.146496
9.5953             -1.2872             4.28872
-1.41384            -7.73517             8.93424
-7.21861             4.00333             7.50676
-2.12878              3.0366             8.47663
3.45273             5.74043             1.55915
4.52238             9.22294            -2.97078
-4.66734             -2.4937             5.08907
1.71181             9.04684              9.3454
8.96714             -7.4945             8.60081
0.581006            -5.49782            -6.52994
-0.941863           -0.549548             9.49694
-10.2731            -4.01244            -9.96494
9.44577             7.69505            -2.97244
8.8389           -0.978647             9.36325
6.076            -6.38741             10.1469
-10.2067            -6.69364             6.62817
-4.91263            -6.36188            -10.1785
10.2781             5.53653            -9.02964
2.36077             6.61777             6.35609
6.37971             1.46232             6.00955
-0.250054             8.17663            -9.43227
-9.88136           0.0880065            -1.14909
-4.35644             6.27948             4.34496
2.17533               3.426            -8.99534
7.22042              6.1456            -9.14008
8.16877            -5.41792             4.41702
-2.362            -7.72072              9.9817
-1.21224            -8.74081           -0.508501
-1.86599            -9.06392             1.53952
-2.28069             2.37164            0.119771
6.70532            -8.59528             7.85561
5.09036             4.37003           -0.584131
-1.34157             9.30061            -2.82658
6.43636            -5.80951            -1.81338
-9.5869             4.26301            -2.99043
-3.96474           0.0279287             5.40381
-7.55425             -8.4621             2.68898
-3.03906             1.84007            -9.29073
-8.73663             5.06019            -9.02557
-0.262599            0.132232            -9.09807
-7.78677            -4.83279             4.26853
7.62049           -0.607133             9.65283
9.31215           -0.743731            -6.61009
3.19278             7.53594            -2.67774
8.3348            -6.11173            -6.08402
-4.4912           -0.979639            -8.03541
3.63774             6.67583             4.22449
9.84524             7.73547            -8.67234
-2.26373            -5.84678            -5.53074
-8.11361           -0.372468             2.11231
-3.11917             4.31711            -6.74786
6.29807            -3.40972            -8.98711
-2.69557             5.63962            -8.36765
7.16171            -6.43756            -5.04916
-1.8676            -4.87361            -6.65436
4.62132            -9.18817            0.675343
-8.34413             9.26642             -2.4335
6.48478            -3.93493            -5.08714
7.32134             -3.9496            -9.83618
1.72197            -2.25402             2.40381
-1.04629             2.92703             8.25406
-4.52512             9.58731            -7.33898
-1.0906              6.6149              7.1622
4.23883             10.1666             8.15843
5.88687             1.89601             8.44922
-8.75331            -5.65489            -3.30666
8.90223             6.38348             7.12874
-1.36119              6.3383             5.84851
-5.75561            -0.57708             -7.1722
8.47212             6.20983            -9.75701
0.528559             7.74922            -7.01843
9.60937            -7.85153             9.18931
-1.97722             3.92358             1.04886
9.48936             8.18264             5.15467
3.57038             4.95781            -6.17722
-5.23002             7.04528             6.22534
0.470582            0.451078              8.1718
6.8116             6.57779            -1.59179
-4.60944            -2.72399            -9.14814
2.28421             3.14316             2.71855
-0.345335             7.92195             8.98715
10.0768            -2.14754             7.71883
4.91412            -8.46505            -4.38273
-6.40782            -4.94787            -3.16368
10.1731             9.61446             3.78797
-0.398894            -1.51643             -8.7214
-5.7101             7.08487            -7.38578
1.47548            -1.86733             7.68265
-0.432519             3.65257             2.31771
1.71698            -2.87257             -3.3965
5.83264            -1.03917            -5.45567
-8.75727            -4.01821           -0.207438
3.09096              3.3611            -6.81571
4.616            -3.01015             -8.1751
3.77939            -1.41401            -7.09935
5.4988            -6.86034             -7.1637
4.60161             1.79367           -0.291167
6.61275            -1.43827            -10.2915
8.66699            -7.03332             6.38133
3.07085              3.0593             3.41863
-6.90636              7.5163             8.14825
-7.50049           -0.270539            -7.25931
-0.269643            -8.29979            -6.42987
0.919059            -3.10876             1.33426
-9.34412             8.79198            -4.60856
3.19997            -4.56927           -0.156693
-0.954682            -1.06682             1.90029
8.26623               3.792             6.53972
-9.77223            -0.62248             9.33718
4.70576             8.91912            -9.40955
-0.269402             5.03336            -1.30017
-7.03498             3.84394              7.8789
9.54923             3.98471            -1.10442
-9.53317             7.57642             2.63528
5.89801             4.25934             9.94103
9.82705             3.88881            -3.48129
-7.70188             1.75972             8.43999
-9.29933             4.84003            -3.73786
8.43733            -5.57125             7.77394
7.03786            -7.75156           -0.746361
-7.69468             8.03224            -1.33908
1.60301             6.23914            -3.56347
-3.25391            -10.2515             1.92875
-3.70718             5.76076            -4.94788
3.72309             2.29701            0.604698
10.0125             6.76012            -6.71733
3.80986            -5.00228             2.08691
5.20942             -3.5109            -9.80909
-0.672065           -0.344157            -2.16966
-9.50699            -2.73307             9.59632
0.075942             9.85075             -6.8428
-6.76613             4.82008            -2.56022
2.68743            -6.89567             6.72587
-3.36571            -3.10581             3.32003
-2.15046            -3.83567            -2.12182
-0.758748             5.21679             6.09218
7.65871            -2.12327             6.96209
-7.09576             2.89138             5.34123
4.91538            -2.54083            -1.50356
3.49637            -2.18878             9.00226
2.37784            0.111736              -6.384
4.05156             6.95102             7.77337
5.7618            -6.00987            -1.26522
7.27495            -7.41662              8.4866
2.34837            -5.62817              6.5159
1.34658             9.37223            -7.89345
-1.28735             4.14504             4.88662
8.91816           -0.586797            -4.52178
6.44322             7.22648             1.45127
-10.0446            -5.05394            -1.55012
3.37524            -3.43512             3.97422
9.28519            -8.50013             9.80824
2.69778             8.93271            -7.00029
-5.20748             -3.7853            -2.51768
2.40727             7.82664             -5.8787
7.60933             2.39346            -8.40371
3.42247             4.79003            0.870308
4.64799            -6.61524             5.53858
3.20707             9.56522             9.79438
-3.43872            -7.37149             4.03156
4.81669            -8.63474            -8.67704
7.89254              4.7271            -4.53167
2.16425             4.66041             5.68695
9.73094            -8.85106            -0.41645
-1.4208             1.82763            -2.07865
-5.15548            -3.87623             8.45405
0.928691             3.81984             2.75017
9.16963             1.85275            -0.32553
6.28555            -5.03994            -8.58923
1.19734             9.59887              6.0082
-8.59831            0.532148            -9.40599
1.50796            -7.86655             2.28127
-3.5978              6.0813             4.70641
-7.36357           -0.606668              4.5169
10.2149             8.56635             6.36128
-0.455529             8.15546             5.94098
-1.97638              2.9254             2.28854
2.61722            -4.69135             -8.3949
2.99209            -6.77321            -1.90435
-4.93398             9.50155             -3.7148
2.03205             6.22583             2.40209
5.34976            -1.66307            -1.71786
9.22244            -6.89235            -8.05202
-10.327            -6.83842             7.81031
-10.2486            -2.90381             -7.0449
3.41797            0.357059            -4.28778
-5.37155              8.0057            -2.23352
-10.2714            -2.22926            -4.89306
8.13258            -10.2639             6.27573
-9.4993             8.28239            -4.31609
5.66531            -9.57552             5.82018
-5.07471             1.69752             5.60036
0.975932             -5.3369            -8.63649
4.47946            -7.37395            -2.41155
-2.52839             8.90568              10.137
7.22799            -3.89789             3.81627
6.91651             8.89644            -2.74325
9.56656            0.938897             1.87418
6.26022            -9.64052             2.63521
-10.0426              7.0414             6.14897
3.29709            -9.47877              5.4272
7.32972              7.6491           -0.495528
-0.916923            -2.02394            -1.50747
1.62738          -0.0501073             6.61917
0.411098              10.422            -7.52676
-3.53891              1.7167             4.29937
-2.91041            -8.02908            -8.54725
-8.2056            -9.79621            -9.91818
-0.177036             -5.0665             -7.5125
-1.21026              6.1194             2.21553
-2.57163             6.80978            -2.92171
8.61458            -5.04694           -0.389943
-5.84837            -2.31303            -6.59125
-4.5858            -3.54095            -3.78932
5.05287            -1.48882             6.87819
6.31768            0.745883              6.7597
3.2756             5.35899            -3.51175
-8.64204             7.60877             4.24366
-0.549809            -1.77586             -7.9261
-0.426869            -5.45993              9.6378
9.55413             2.24147             4.15701
1.51863            -6.58288            -4.09896
-7.95801            -1.49168            -8.93506
-8.14265             9.37742             5.93425
0.891322            0.142102            -3.16953
3.34849              6.2773             4.99512
4.87539            -5.63061            -6.70541
4.39835             -3.8203            -4.32254
-8.83866            -9.47261             1.72052
-8.21677             5.20576            -2.57692
-9.58169              -3.654             1.78593
1.63644             4.11021             2.75755
9.26161             4.14654             6.11847
7.89937              5.8011             3.33537
-0.974866           -0.507097             4.69172
2.0499            -1.49635             2.06988
8.14473             8.12454             4.08137
-8.02535           -0.474071             1.63244
-8.58057             1.80665            -4.90638
5.38875             3.12886             3.97199
-0.9446            0.420217            -4.95388
6.73019            -3.05966             3.68863
9.42681            -5.53361            -1.57609
8.45388            -7.85239             4.64372
-4.29469             -4.4659             8.07035
3.27048            0.446663             5.88957
4.57939             6.29125             3.29002
-7.85096             6.66782             3.59199
-6.81275             9.88312             1.05137
-4.22031            -0.73746             1.90407
5.31859            -5.52566            -8.66876
6.01566             6.73744            -9.91888
-3.75336            -8.84901            -8.39173
4.41274            -9.15075            -3.40708
1.29167             1.92802            -4.64758
5.55606             8.79078            -2.23475
-8.36246            0.755746            -6.19952
9.45743             2.13463             4.73797
-2.70058              4.4858            -4.79178
-5.83374            -3.43366            -1.05835
10.1139            -8.41319             3.89505
-1.16244             5.65889             8.26307
-5.40864           0.0800821             5.16111
-7.08789             3.23204            -7.45038
2.69151             7.70928            0.414663
8.34321             6.40818            0.559997
-4.26474             6.19603             5.32499
0.56908             6.57763             1.91135
-5.23198             -9.2165            -4.76657
2.66587            -8.27432            0.617772
2.88423             7.70843             8.29444
2.23951              6.7742            -10.0241
7.02204            -6.03532            0.945506
1.10636             7.26941            -8.42296
8.57155            -1.79736            -9.47926
-4.68026             9.39224            -7.79107
9.38235            -3.02214            -8.54852
4.55699             -2.7402             -4.3685
-3.76502             1.23896            -4.30661
-9.10472            -9.65707             3.50135
-5.55922           -0.342823             7.35098
-6.81467             9.88845            -2.26566
3.74962             3.20065              1.2898
-5.34762            0.888303             3.91212
2.82994            0.666407             1.61245
-9.42917            0.523464             1.00796
-7.63348            0.756054             3.35482
3.54474             8.75741           -0.308793
6.89849            -3.78644             4.80943
-0.646607            -0.91676            -2.45809
-5.42207             2.23223             1.93077
-3.59088            0.657715            -7.61565
-0.801056             3.68134            -8.96805
3.79954            -3.34345                5.23
-0.441147             4.58016            -2.98026
-2.22545             2.65608           -0.501163
-3.90007            -9.09351            -3.68428
4.79002            -9.30861            -4.24876
4.12154            -6.24481            0.237235
4.19223            -3.12358           -0.549876
-6.59045            -7.35431            -4.41027
6.90166             6.36894            -4.05525
-5.64615            -5.15829              6.4626
2.67664            -7.31592             -5.8053
-2.31299            -8.51191            -2.71468
-7.46655            -9.30545            -8.32254
-5.09143            -10.0913            0.622703
-3.42462             4.11044            -3.79161
7.88299             4.49649            -7.53034
-7.64511            0.596532            -6.78475
0.949892             7.92048            -3.63622
-8.69321           -0.687943             6.76623
4.4783            -9.36371             1.80963
-2.26745             2.70454            -3.48971
-8.67694              4.8766            -3.61429
2.69358               8.221            -1.63439
4.31412             5.09352            -4.17927
1.8395            -9.44199            -3.99014
2.54372              8.4015          -0.0785011
-3.68296             4.04469            0.680177
0.236169            -5.37363             8.21345
-5.73657            -4.51724            -1.32058
1.88701             1.92722            -6.02566
0.373749            -7.34231             7.70812
6.12387            -9.60193             4.27922
-8.66875             -8.0924            -9.63922
5.61283             4.33682             1.19026
7.45321             9.12757             3.32994
2.55287            -4.12969            -1.24694
-5.14488             7.86211              9.2858
1.95708            -3.94317             7.25488
7.99501            -1.90315              3.6093
-1.87309            0.502637             7.46848
-5.48525             7.26335            -3.84206
8.39428             6.14911             2.63126
3.8314             9.18524             5.85417
0.53872            -3.39005             -1.3747
-9.31785            -1.85728             8.50387
0.870173             -1.5359              8.5801
-2.2123            -9.69893             7.75588
2.45466            -9.41509            -2.12665
7.05594             -5.2575             7.52814
-7.84811            -8.91704             9.23138
8.73897           -0.904378            0.538236
8.69804             8.32582             7.80328
9.89675           0.0131253             8.17049
-10.1714             7.01981             2.61935
4.27773            -10.0289             4.91907
0.34669            0.930786              4.1535
6.88777             1.12998            -8.78643
4.90556             6.55127             6.23553
-9.89418             8.51518             1.36674
2.80054           -0.432488            -8.90062
-4.10988             9.48621              8.3685
7.73709             3.01181            -6.56731
-8.24973            -7.49038             7.46651
-5.40447             2.52811            -7.39902
3.88568           -0.547221            -6.24863
3.06244             8.54773           -0.610195
7.15902            -5.74036            0.502183
-9.52936             -10.274              2.8852
8.35994             1.54649             5.26724
-7.21748            -9.57172            -3.99559
-6.94187             6.11057             8.69444
-6.64619           -0.562201             6.11886
9.84472             -2.9006           -0.285137
6.13496             3.42978             5.76835
7.76367             -4.1713            -1.08798
-6.4734            -5.40599            -1.02353
2.57734             5.34607            -7.86525
5.79483             4.44133            -7.26513
-6.18054            -6.13787             -5.9319
-1.02292             1.53608            -7.87013
-6.15813             7.59246            -1.52879
-8.39012             9.31291            -4.61742
-6.23397             7.95414             -9.5748
4.11356            -7.82151             1.04192
-9.79022            -9.58768             2.40701
-6.19628             3.06397             6.39773
4.25771             1.09207            -7.11148
-9.53718            -2.39497             7.07884
-3.78889             -4.2845           -0.400674
5.90388             9.76298             -7.9384
0.72273            -2.43454             6.71104
8.75428            -3.26102            -1.98271
-8.1881            -7.93288            -4.11905
-6.84748            -1.63116            -2.62421
-5.72753            -7.16437              4.4724
-4.52644             4.32399             1.97616
6.27778            -2.97732             -8.9624
-9.04805             6.94448             -7.7347
0.0719029             4.99239             4.09784
5.26148            -1.16647            0.784465
5.28514             5.26224            -6.65843
6.36477             -9.0534             7.05925
-4.58669             1.85512             4.43081
0.950318             -3.3196             9.99298
8.57834             -5.8532             3.93133
6.61197            -1.56691             9.57582
-0.382293             2.64695            -9.75347
4.16805            -8.05212             8.20336
5.91047            -4.01169            -9.71072
7.78606             2.66032            -0.71696
-0.39562            -7.01499             6.75317
-6.76056            -9.26549             7.36318
-2.56364             -8.6453             2.00435
9.94944             4.76033            -9.22712
1.00721            -7.13013             3.41926
6.61186            -7.26586            -0.23369
-3.32092            -2.94189             7.08426
-2.89548             2.64317            -2.45732
-6.13426            -9.52969            -2.51497
4.19813             7.24261             6.78142
8.93828             5.96504             3.84369
-9.29289            -2.63785              6.5051
-0.0210857            -5.40266             7.23196
2.90779            -6.82512            -6.12749
0.672853            -7.38545              4.5194
0.719289            0.546674             3.19261
2.96621             5.98421             7.02067
4.24532             9.32692             9.96461
-7.02785             6.51071            0.908982
-1.78892            -2.19469            -3.68125
9.34295            -5.91749            -3.21991
-1.60892            -1.84088             9.66512
9.41986            -8.78733             8.98932
4.74419             6.01113             6.21277
-3.6997             8.38394            -1.90225
-1.2364             8.97459            -6.65426
6.52305              8.8729             3.75549
-0.29655             6.78267             2.84941
0.974595            -2.25175             -5.2201
9.17015            -3.83878             2.13586
-8.21007             8.06668             1.43528
-1.9468             7.75825            -3.72848
8.45197             7.96693            -9.69776
7.84845            -4.62517            -1.00395
-2.17667             10.1981            -1.48756
2.19454             3.55079              6.9868
9.01567             2.16586             9.75857
-2.46276             5.64544            -6.61178
3.82207            -8.40533            -6.50536
3.85538             2.22398            -9.92359
-1.65511             5.18315            -7.84128
3.23371            -7.63696             4.51357
5.55958             4.14026             2.42303
-2.01851             2.41226            -9.07884
-4.66494              3.8192           -0.972368
0.359973            -3.55972            -1.52158
-7.77919            0.182097            -8.71531
-9.24141             9.06965             8.21681
-8.70701             7.10992            -5.95557
0.854515            -7.28776            -9.89053
-3.95115              2.4039            -4.01041
-2.80985             -7.7811            -6.26619
0.687469            -5.97762             3.25268
-9.254            -5.25974             7.93119
3.75988            -7.02752             5.43199
-4.60378             9.33729             9.30854
6.4359            -7.38966             3.05303
8.21761             1.30529            0.864942
5.35065             5.12255            -7.52704
-0.451822            -6.59619            0.489361
4.3568             8.82193             -8.7427
-6.41843            -4.65358             5.58563
9.23414            -2.57081             4.80795
1.40808             6.53693             1.36938
-4.14515            -7.65853            -6.06789
8.04103             4.07024            -8.22514
6.35157             4.30343             1.78283
8.60715              4.7328            -7.57346
-8.34739            -4.67241            -1.77771
8.00802            0.403644            -4.55716
6.36664             8.53813            -9.63205
-0.968917             5.02017            -6.37155
-2.41617            -1.11127           -0.897515
-0.304017            -9.59079             9.81127
-4.34891             7.39101             8.81386
-4.24151             7.73297            -7.81372
-5.03532             2.04837             1.49513
6.84221            -4.24473             2.08698
-4.81685            -4.89523            0.444411
9.14511             2.67406             -7.0939
10.2305            -4.61698             3.46076
5.16895             1.38021              1.0708
-3.50845             -3.2716             9.22757
-6.08909              7.9104            -6.88755
6.27089           -0.622857            -5.97117
0.0555282             4.25548             5.40085
-4.53939             1.76693            -1.71855
-6.67196            -6.63016             5.10232
-3.96476             2.93538            -1.36027
8.34828             -8.6778             6.65797
3.34155            -8.18966            -2.49407
3.29872          -0.0846218            -2.22508
-8.63839             4.85889              7.6982
-1.15859             1.61611             3.30722
2.03774             9.00517             4.28709
-8.51411             3.50958            -8.16152
8.429             8.34292            -8.71859
6.71021            -8.13324             4.88762
-4.42061            -3.24218             2.92716
-3.61783             9.50127              5.6916
0.826774            -2.73452           -0.568487
0.494227            -9.04208            0.967602
7.68232            -1.72447             8.96279
3.00092            -9.83151             2.32919
9.55865            -4.26438             1.53613
4.61313              3.5393            -8.97778
-0.269974             4.23659               4.537
-7.7389            -8.41381            -9.89258
5.58528             2.45641             9.91265
-7.74949             -10.344             4.61554
-0.00459833            -4.86919            -6.79467
5.23973            -4.05036           -0.835629
3.69228            -6.79067             2.69151
4.40828             9.55747             -7.0635
6.58584             -1.2411             7.62818
-8.61364            0.556771            -3.26312
9.55218            -2.86293            0.132107
-6.6911            -9.21424            -6.01999
-8.70631            -7.63956            -6.72472
8.84621             9.54561            -3.65842
-5.6981            -3.10965             2.01408
3.76878            -2.87618            -4.46196
4.0476            -1.32138            -4.88611
-7.12929            -8.64577              3.5225
4.92143             2.69818             5.20309
0.124616            -3.91021            -2.98389
-0.712908              1.8447            0.871312
-0.801593             9.98987            -10.0437
-2.89444             3.38619             -1.5922
7.72376           -0.800407             4.99954
-0.566471             8.95388            -5.73158
-6.39935             9.37223            -1.70336
5.11091            -4.36363            -2.16752
7.15614              6.1241            -5.76925
-5.29682            -1.27774             1.26377
-7.49473             3.39402            -5.63733
-1.50649             2.52452            -9.96219
0.802976            -2.90488            -8.31625
6.8903             2.93418           -0.466744
-8.21427             5.44896            -7.94735
-7.16075             5.31672             3.01441
9.23909             9.53275             -7.5255
-3.63311             7.71594             9.76211
-0.882866            -2.31746           -0.391191
4.4589             4.91548            -9.33772
-0.37048            -2.06047             2.28045
1.93933             9.37393             -7.3255
9.97557              2.5898             8.64662
0.109055            -2.78551             0.57176
-0.514539           -0.903775            -6.05044
-5.03484            -6.27741             4.45615
-7.31854             7.55811             2.88897
-1.05759             8.26558             1.93139
1.17801              0.1843             3.39856
-9.44833            -9.26444             -10.037
-4.1563             3.92373             4.21972
0.0470117           -0.562147            -2.49582
-9.04008            0.787205             5.82518
10.0566            -4.37522             7.09694
5.60133             1.97795              2.5658
7.41628           -0.577719             1.47563
0.844779            0.578093           -0.680858
-6.70551            -5.76616             8.00302
-7.95146             9.46217            -1.44305
-0.835149             3.72413             10.1653
5.03946             8.09535            -1.30568
8.6496             6.31199            -7.58822
9.23213             8.26503            -6.73668
8.03268             8.02954            -9.30153
-8.38381             6.49087             9.50159
-3.34702            -4.00888            -6.52785
3.74805            -2.85346           -0.663424
1.66746             8.46521            -4.48385
-7.42567            -1.73876             3.75398
-6.18727             8.68461             4.23149
6.76936            -2.55424             6.49076
-7.97362            -2.25493            -9.82525
-0.572097             5.30593             6.93986
-4.0062            0.675089              7.1969
2.97986             -4.8699           -0.788501
0.480509           -0.379194             9.03476
-5.38651             9.25519            -4.48431
-3.79456             4.49136             3.35017
-6.04005            -6.87423             3.44756
-8.60604            0.677689               9.864
3.05722            -1.43565              9.9853
6.91792              5.9346             1.96361
9.07915           -0.167544           -0.557976
-4.21863             5.85466            -6.41282
-4.09011            0.569881             4.74114
-7.11723             1.75981           -0.588041
-7.56788            -4.27835            -2.08947
-1.19859            -10.1259             5.24995
-1.41768           -0.686419            -1.89115
0.585163            -5.70983            -8.01885
2.005             4.53349             5.49598
3.51395            -3.59196             4.07443
2.42485             8.21646            -3.61758
9.14336             -1.2698             2.62127
-0.912782            -3.16947             5.40213
-6.08429             4.99024            -3.61724
2.25663            -6.92776            -2.93474
-6.26281             5.90471            -1.10781
5.32695             5.03758              1.3604
6.97277              7.5274             4.91625
9.3181            -3.96436            -7.85489
-0.615621            -6.38953           0.0315535
-0.999191            -7.31927             -9.5248
-7.1229            -4.64161            -2.39257
7.38597             9.62446            -9.80801
4.39382            -8.38936            -4.39191
-3.12354             8.11826            -3.64588
8.32231               0.882             3.72051
3.18731            -2.42888             -2.9604
-7.16335            -3.88689            -5.57427
6.54169             -9.7507            -6.33936
-4.8367            -7.01391            -5.26779
7.34226            0.524916             8.39925
0.647831             6.30928             4.55366
9.08803            -2.81695            -3.33733
1.34852            -2.74974           -0.383357
2.36936             10.2067             6.57918
-0.640788            -6.46074            -3.61097
9.07789             6.62566             5.13399
2.57545            -4.08481            -2.26061
9.58469             7.40512             6.19368
-7.14932             2.67801            -2.28733
-5.64882             2.04203             9.80322
2.11537             4.25017            0.637453
7.30394            -9.61656           -0.667542
9.30921            -5.32784             5.64827
-3.24236             -4.3305             1.70109
-2.77141           -0.585116             8.68446
-3.09511            -10.2136            -7.46056
7.1626             9.17662             -2.6932
6.59             8.13506             8.63367
-4.202             6.00637            0.670892
-1.57711            -2.89221             7.84759
1.2621             5.42729            -1.92223
0.115778             4.72411            -1.69006
5.56501             2.18721             7.52781
8.38963              7.1497            -7.31927
-0.49961             6.21652            -5.68295
8.18066             5.05078            -5.57292
4.10303             9.08592            -8.48783
7.55313             8.28021             7.13626
8.23569            -1.74387             5.52085
8.48958            -5.36039            -10.2546
6.38772             5.47129            -9.97716
6.86317             6.16713            0.924451
-2.07795            -5.38052              10.079
-3.84832             8.99051            -9.26532
-0.46007            -3.99153            -4.59679
-1.13668             5.30853           -0.140935
-0.642817             5.66261            -1.43059
10.1313             6.25305            -8.13742
8.78405            -8.73386            -3.07431
-0.634522            -1.21221            -9.11857
-7.63089           -0.525112             -7.2466
8.2367            0.841023             6.09849
9.72829            -3.58114            -3.07683
-8.04644            -4.42935             3.42433
-3.06191             3.31013              9.4032
-4.84805             3.82682             6.66596
-3.65746            -5.40942            -1.54612
-6.53152             6.68744            -8.94381
-6.11367             3.48954            -7.99169
-4.09637             10.1032             6.34597
-8.62242            -5.61893            -5.50065
1.56695             3.79731             3.94587
-4.07068             6.06319            -6.75995
-8.26865            0.360813            -5.33673
4.25303             6.69621             5.53565
7.92354            -6.53715            -3.88006
7.54403             8.50439            -6.20996
-9.89865             0.90423            -1.04262
3.25153            -6.86862            -5.80046
-2.30562             3.04201             2.91519
-2.21186           -0.615985              4.9328
-9.26598             9.17441             6.19577
-8.66909             7.64953            -6.65779
-9.94241           -0.581685              7.8946
7.95266             8.38077             9.73113
7.10159              7.1173             9.52782
-3.32102              9.8175            -5.74312
-7.71788             1.44188             7.93276
8.74465             1.79297             -4.1855
8.68729             6.54153            -8.21486
6.21061            -2.06734            -9.97799
5.74779            -7.10607             3.47109
9.4534            -3.53501            -7.72011
-2.4867           -0.658701           -0.987306
3.15762            -7.93079            0.636726
3.40315            -3.83125            -6.12905
-6.88592            -5.45558            0.954034
1.43771            0.732802            0.638231
3.8235             1.57432             1.22811
-3.25621             1.05428             1.11249
-8.07549             9.87123            -2.87906
-7.62483             10.1447             4.08598
9.90603             5.19399            -9.56682
7.27183             1.84623             9.74696
6.48996             3.00538             6.66716
7.16157              6.0037            -1.91989
4.78853            -2.75459            -9.53369
3.19703             9.28907             2.50851
5.974             9.09073           -0.692467
-1.05323           -0.996992             9.14355
-4.73388            -4.29663             3.38565
-1.32168             3.24696             1.67588
-5.62354             -8.1348            -7.67615
3.6249            -3.28958            -6.30884
5.85042            -7.71992            -9.74622
-0.199988            0.394238                6.77
-2.24312             1.09375             -4.2414
-4.36424             7.43987            -1.46388
6.84456             7.96401            -7.24419
-9.87138             3.13042            -3.83922
8.21695            -2.87784            -5.58963
-0.70328            -7.64745            -2.60784
-0.241008             5.98472            -6.33413
-1.10824            -3.71583           -0.737516
-7.40971             -5.9587            -7.77238
-3.30392             4.12597             6.81923
4.61067            0.991434            -9.70625
-2.63471             8.45297             5.17049
7.68483             7.31817            -1.75153
-7.45987            0.271984            -5.40347
-7.3349             5.52814             7.95948
10.0613            -1.95991             6.20722
5.67392             8.60963             2.69406
-8.60162             9.02103              6.6398
-0.813298             1.81403             8.97948
-6.00413           -0.753993            -1.12068
7.22609             7.42217             7.25939
6.56272             10.0092             4.45194
6.17158            -8.20858             5.20592
9.50072            -1.09778             1.49071
4.03582            -2.91858             2.42478
-9.10751             3.55231            -4.83448
-2.3232            -8.87679             5.40984
-8.61473             2.45209            -6.33864
-6.51754            -7.79525             1.32156
-4.44202             6.74137              1.0046
-1.39576             3.14486            -6.07499
6.7477             -6.4527             3.22342
-5.90343             9.61503             3.66795
-3.6375             1.40002            -7.11199
0.988789            -5.30486            -8.41863
-5.53889              3.2507             5.83314
-3.28101             2.44986             3.67064
9.91172             5.67944             9.65598
5.53593             -3.6645            -8.34598
-8.59758             4.44985            -9.78459
1.53663            -3.01858            0.379645
9.22389             3.23249            0.607171
-8.06611             -4.0409             2.65644
-5.20387             7.04366            -9.97912
4.12209            -9.47742             6.68053
-4.32282            -4.37322            -1.48071
-6.53377             5.07713             4.17615
-8.12249             2.37558             3.61544
-7.2614             1.05149             1.26064
-2.52872             9.88412            -3.39839
0.375605           -0.268655             6.59249
6.11386             3.42187            -7.09247
7.1051            -4.61627            -8.65936
-3.92216             -6.5941             5.49337
-9.1182            -3.16071            -7.70136
-5.29977             -2.4242             9.62864
-5.21518            -4.35271             5.08523
-3.41373             7.16353              8.2843
-2.78854            -6.27525             2.37567
-9.43873            -5.28861             2.79931
-4.67882             6.89224            -8.16068
3.05015            -4.52146             2.60454
8.18866            -3.24793             3.32216
3.82557            -3.00003             1.35928
-5.62857            -9.56042            -5.89992
7.17485             2.97902            -4.65761
1.07845             3.95535            -5.73467
-3.03063             3.94694              -4.855
-1.41697            -8.22301            0.612597
-7.88512             -4.6616            -6.28661
-4.94935            -2.58488            -1.50792
-4.24051            -5.47843            -6.87078
-0.945204             8.87766            -8.45603
-0.436472             4.28086             5.44202
-4.06784             -7.1833            -9.14192
0.551259            -8.27312            -3.39285
-7.51203             7.67645             5.44665
-2.1052              1.8134             1.66101
4.13702             2.27561            -2.68633
-4.62514            -8.27488           -0.365355
-9.09403             8.32565             2.70088
-7.20623            -6.50286            0.150757
8.93062            -3.57508             2.79968
-6.68957             1.05697          -0.0580481
8.24215             5.30558            -5.30534
4.98492             8.17966             8.65467
-9.88003             1.41145            -5.25232
-4.85616            -6.97302             2.59054
0.943506            -9.42588             9.37612
5.7292             2.61076            -4.65001
8.05187             9.60676            -2.69346
-7.69267            -4.96189             9.76451
1.44098            0.341356             4.63331
-7.69465             8.62141             2.50486
-7.44171            -1.33158             0.45949
-0.966736             8.95331             1.85829
-5.10432             7.87908            -9.47435
8.80692            -6.59937            -6.81885
5.27063             -6.8634             2.72023
1.29857            -7.33017            -3.35056
9.82505             4.31542             2.04256
3.29797            -3.85994             1.40095
1.7526             2.21367             5.53661
0.725989             -7.9835             6.82475
8.30773            -10.0945            -2.52274
-0.973354             3.11512             9.13283
-5.48638             6.99847             4.67522
8.86823            -9.46269           -0.138827
-9.17161            -4.11046            0.913933
8.32869             7.85701            -7.67548
0.805206            0.950524            -9.13514
1.73337            0.465515             2.32757
2.29185            -2.64381            -8.44285
3.07452             4.37843            -7.59646
-2.53814             1.47456             3.48004
5.79324            -5.68512              4.0912
4.13557            -7.22914             -4.9077
-2.51441             1.98599            -6.26191
6.44968            -8.75761             6.31541
-8.50912            -1.87903            -3.77107
-8.16913             3.60049            -6.41722
-1.84365              2.2752            -4.57157
3.16621            0.392176            -9.74913
-8.92161            -2.73144            -8.88343
9.69053             6.91153            -1.74281
-4.58268             7.26197              3.3898
10.1122             2.61938            -8.65711
-3.12156             -7.3004             3.75036
-4.8519            -1.46085            -0.67036
-5.49524              8.6574            -1.33411
6.59177             2.62482            -8.55432
9.63851             -3.4941             -7.7412
-7.94142             10.1801              8.8208
-3.70095             9.50554            -3.75756
-7.72771            -5.30059            -10.0724
5.88391             7.41657             1.98669
4.45764                1.28            -3.07686
7.51536            -7.92747             4.98378
-9.93211            -8.64102            -1.72925
-0.0397559            -7.37641            -8.56125
-2.81425            -5.01713            0.812924
-7.66508             3.66908            -1.88121
-7.31567             7.93483            -10.0447
-7.08392            -4.67387             1.98655
-5.70363            -5.87396            -9.90034
-3.5589            0.551545             1.29854
-1.08295              2.5854            -1.17135
3.15137             -6.5478            -6.46083
-10.3027             1.10498           0.0855473
7.79381             3.20802              3.4955
4.64584            -4.53185             2.46454
-1.16086             0.81982            -3.40371
-0.806769            -1.87645             6.18231
-8.98905          -0.0604355             4.29327
-7.80645             6.93477             4.81327
8.89179            0.101166            -4.99967
3.23789            0.642653            -3.07855
-7.96245             5.62722             7.63988
5.61843             5.78109             9.97811
0.38085             4.58735            -4.41659
1.14204             7.99895              5.8196
-7.27325            -7.18713            -2.59628
-1.43475            -8.92671            -9.04163
-6.65562             1.95742            -6.67499
6.64736             9.80417             4.26801
-3.88727             4.45339            -2.06714
-3.11778             6.75935             6.06567
1.79878            -2.58648            -2.28024
6.71221            -9.45926             9.97551
9.04014            -8.22059            -1.80249
-8.76599             5.23176             9.38798
-5.51464            -7.31107            -9.08042
3.68895             2.16001             6.71422
-3.55307              7.8587             7.40878
2.43909            -2.87741             -3.3286
-3.40042             8.95375           -0.148425
4.19816             0.13288            -7.82693
-5.38501            -4.21428            -2.62664
8.359             2.90874            -5.83069
-7.93053            -3.00684             7.86987
2.99554            -4.55975              6.8411
-9.2188              2.4312              3.5996
-0.231123              9.7254            -5.30627
-3.085              8.9441             -2.0829
9.21894             -1.6025            -7.50286
8.59021             1.68035             4.88699
5.45882              6.7776            -4.58571
3.1207            -7.18677             3.98712
8.67334            -1.56066            -7.88908
9.90525             5.07796             8.07418
-2.73463             1.57366             8.55929
-8.61541            -2.11117             8.25812
-7.73259            -4.28296            -9.74354
-6.57987             1.43406            -9.11099
-1.07533             10.0463              7.1382
-2.03193            -1.59179            -1.48349
-8.88381            -3.05403            -7.29522
-6.48001             -8.3579             5.61958
8.03509             5.04263            -7.71828
-7.09613            -6.97945             5.75614
8.92218            0.188547            0.812242
7.68795             5.32992             3.45326
7.74733             7.31056             2.89235
5.71027             4.10459            -5.25846
-8.60157            -3.41419            -3.60357
-7.0866            -5.20219            -6.91624
4.46648            -8.66856              9.2581
-9.21156            -6.39916             5.89952
9.52632            -8.62777             1.39373
-6.95714            -5.45458            -8.33171
-2.12803             6.44224            -2.54765
10.0804             3.15688            -0.88507
1.07326             9.82735              5.2492
-3.60965             8.06446             1.13632
7.21245            -9.36961            -9.36765
-0.706296             6.99212             -5.2892
0.950425             8.57856             8.46841
3.00876            -3.41133             3.05676
3.99716            -3.75723             2.80067
7.61431             2.74941            -7.67101
-3.19342            -4.22794              7.6937
-0.0228816            -3.83921             8.14992
9.86251            -4.28348            -9.92158
-8.29628            -4.58769            -7.96541
-4.24575            -8.48652            -5.97754
-9.06714             3.14682            -4.77301
-0.137355            -9.16434             1.51863
6.40339             10.1544             7.56237
-8.67453            -5.35493          -0.0446746
1.92507             7.16384             -3.9628
0.958824            0.791086             8.77697
-4.84804            -7.70496             8.26209
0.904861            0.666914             4.01714
8.46016            -1.86336              9.3143
6.59256             3.04043             4.77079
1.77239             -1.3681            -3.80016
5.83059           -0.817824            -1.64822
-6.77492            -7.16437             -3.8113
0.780201           -0.526311            -8.71506
-7.33606            -4.24005             5.21879
-9.53992            -3.85871            -9.66859
-0.305301             6.13691            -9.82761
-4.4036             4.61804             4.73769
9.65407             4.45817             1.92946
4.4929            -4.52685            -9.38818
-5.3904            -3.56816            0.442646
-9.31309            0.273704             9.68567
4.16033            -8.77776             7.76393
8.79262            -9.74945             5.99236
-0.234195             3.93827            0.659908
4.70909            0.531493            -1.02018
8.84775             5.75425            -6.85823
6.03504             9.51734           -0.121152
-6.51845             6.47816           -0.907451
-3.02024           -0.227427            -1.45699
5.41184             1.18539             3.51943
-7.36951             -8.4851             8.08875
2.87151            -4.48726             9.37629
-7.80957               6.603             8.65164
9.57875            -3.50821             1.08646
-1.48443            -6.29346              9.0822
9.02831              2.8333             6.58421
-0.52208             8.04577             6.17274
3.84205            -5.56791            -3.01613
0.0114341             7.90722            -5.79497
8.9838             2.27533              -3.732
-9.20269            -9.07877            -3.13564
5.82692            -1.76178             3.76857
-5.0515            -2.89571            -4.28313
9.03694             -1.4819            -1.87294
8.1842            -6.94554             4.54893
7.10329             3.70935            -2.31969
9.40886             9.46494             9.62327
0.460872            -9.94407             4.47344
0.970787            -7.04595           -0.365859
-6.9784            -2.67575             8.92679
4.55847            -1.65916             8.70377
6.58436           -0.388355             7.58552
-7.99071             3.23883            -4.27158
0.426276             2.84682            -3.48203
-2.87889             2.46694             6.31283
8.08018            -3.77082            -5.21632
3.76975             7.35951            -4.55092
-4.01             2.61811            -8.16945
-7.66034             2.39032             5.31593
3.92397             3.94163             -1.1775
-8.75005           -0.110029             1.20108
-1.81376             5.20827             3.50044
-9.61781             3.41976             8.41765
-9.22528            -10.1582              8.1955
-6.76852             1.28143            0.226063
-1.54548             9.14323               2.729
5.05059            -2.65635             4.52464
-2.65637            -5.42892            -4.43848
2.55026             3.21843             7.05819
-8.75905            -7.21976             1.62325
9.67066            -8.78185            -1.83792
10.0622             2.40875             7.11895
2.62802             9.73758              3.5559
9.34021             7.86647            -7.19704
7.91016             -2.8639             9.38772
-8.2545             2.92948             5.08607
1.63578            -8.18155            -1.78515
-2.86205            -9.56728             9.61687
-9.77874            -8.57427            -8.19858
4.82982             1.17155            -4.80469
2.49391            -1.26163             6.26536
-2.50418             4.17288             3.88833
-4.16716             10.1911            -4.80249
7.58099             5.53358             -6.4376
6.21125            0.856984             9.99388
0.899948             1.87586            0.995254
-0.403349             4.19809             4.57079
8.42594            -3.99363               8.892
-0.745727             2.56048             7.61743
9.46166          0.00161499           -0.313809
0.384506             3.83575            -8.77832
-6.1437             4.95102             1.91554
2.0089             5.21353            0.126543
4.30389             3.18829            -3.85464
-1.38517            0.918587            -7.39482
-1.85633            -4.73046             0.45693
4.63516            -9.36637            -5.87857
-4.5108            -10.1077              5.5634
7.85629             -4.4294            -1.03402
8.50267          -0.0522982            -7.25902
4.5491            -5.53465             1.44751
7.76699            0.312563             3.17583
-9.34665           -0.888818              6.5789
-4.73485            -9.55252            -3.79621
9.71383             6.34957            -7.80224
-4.58314            -9.43272             8.99772
-6.98171             8.30113            -8.45341
6.78035             2.03468             -8.2336
-6.31625             9.10809             6.16025
-3.03575            0.405299            -7.11273
-9.70892            -5.40722            -1.10089
-3.1733             7.40646            -8.91023
-2.54978             1.74253             3.29577
8.14086             1.75394            -1.05833
8.5933            -2.47198              4.6618
-6.4927            -3.37059              4.0875
3.39961             -9.3122              -8.884
3.03402             -1.5566             -8.9085
-4.4853             1.88044             5.04449
6.88144            -8.28962             9.76471
-9.74631            -1.36322            0.388933
-3.33915            -3.89039             3.93558
8.25433           -0.682817             -8.4456
-3.83604              2.8457             8.64332
-6.97314            -1.27684             9.91255
-4.84366             6.95599            -8.27044
8.17458             -1.0694            -6.00277
7.69149            -6.99478             2.27941
-2.1027             4.27782            0.228337
-8.53574            -1.22633            -4.66868
-0.260084             8.27203             7.37264
-6.89722             -9.2232            -6.14183
0.590045             7.49138             10.0874
-6.30203             10.1755            -4.72644
5.81969             2.14209             4.14424
-9.49226             2.61551            -5.20804
-5.84744             8.92163             3.99349
-4.01397            -6.86187            -6.72182
-7.44787            -4.55304            -7.39683
-4.28873            -6.95257             5.18041
5.3443            -5.48479            -5.00986
3.44438             1.17996             2.01641
2.46394             4.08311             3.24101
-9.46772            -6.15087              9.5318
9.68752            -1.89765           -0.962462
-4.3964             0.38577            -7.75932
3.0725            -8.82779             8.68649
-7.97021            -3.85214             5.55749
-9.9327             -6.7628             0.67756
8.7914             3.19101              2.8546
5.19674            -4.60798             1.08319
0.548643             1.19869             1.05718
-8.5545              -7.771            -9.72494
2.51316             8.15956             3.69788
-5.69577               3.863            -7.43117
-6.25021             9.02928            -5.42035
6.50659             6.27093            -3.39777
0.659124            -1.61866            -8.31175
2.78448             2.88682              -3.103
-6.20576             5.26717              4.2242
4.77976             8.15923             5.72595
-5.61024            -5.66941            -9.09079
-4.75231             5.65716            -5.94521
8.15855             -1.0567             2.24091
-5.1058            -4.00159             5.28665
-4.19778             2.97195             1.04279
-2.27523             1.15786            -7.38092
2.85964             2.52943             6.69518
0.945031            -4.85191             7.06532
-0.60764            -9.18936           -0.777077
-4.7668            -10.1458             6.20613
-8.78696             1.76593             1.14164
1.59829             7.31147             7.81185
3.72732             8.13931            -10.2356
-9.56577            -9.58078            -8.31748
8.92718             7.09188             4.77544
-5.64393             -2.5373            -4.27392
-3.12814            -1.69935             3.30123
-6.05936             2.55949             1.55336
6.30096             4.53534             7.38812
3.69457             4.67313            0.288575
-5.90911             1.01033            -8.06658
8.11302           -0.369534             5.02647
9.99115            -9.23366            -1.16279
-9.7493             2.99178            -8.12336
-5.48422             6.13787             6.44413
-0.304754            0.477787            -2.66592
-9.88715           -0.720233             7.54363
-2.80736           -0.958708            -6.14875
-4.73819             6.54856             3.13488
-4.66247             6.17966            -7.56101
9.6345             10.0099             2.22277
1.52106            0.595464            -0.58924
-7.47587            -5.18751            -9.85986
4.25626            -3.98484            -3.55863
9.45016             1.85674             -6.9789
1.09386             2.58155             1.31541
6.80071            -1.13302            -4.75631
8.23743             6.39928            -7.95579
7.15743              1.0736            -9.62044
-9.53323             9.95366             8.68877
7.76737             -4.6857             4.65435
-6.99682             9.19256             9.15905
-5.72745             7.26771             1.55437
6.80957            -6.69731            -5.14258
9.21215             2.64525            -4.47062
-8.197             6.19018            -9.52925
0.581269             -1.7111            -9.10088
-7.13839             1.95204             5.48876
-6.44897             7.66512           -0.705448
-6.69046             3.79875             -1.7388
2.38063             8.89642            -5.75335
3.47552            -7.57428             2.22739
7.32401            -3.82377             3.77644
6.4217            -7.74836             8.20495
-8.27687             10.1711            -3.95916
-8.50618             6.41276             4.99404
-0.186955             1.23209            -1.36778
0.626624            -2.82868            -5.53264
9.19871             2.09014           -0.742559
7.6077            -9.21298            -4.18469
-5.01964             5.19406              0.5026
9.71727            0.903091            -6.40382
3.03546             3.20547             7.81681
-5.88275            -9.39737           -0.272583
-6.09471            0.666873            0.971621
-4.09878             5.10703           -0.984865
-5.91643            -2.85399            -2.04974
-1.30825             4.43246             3.66811
4.79001            -0.12387            -6.30967
-0.103455             6.37282             6.94445
-6.53947             2.19166          -0.0852293
-9.29564             6.54347             6.48302
-8.24546           -0.105267             4.42909
3.40923            -1.99237            -3.74639
-8.5675           -0.349328             -1.6893
-1.53939             8.47093            -9.18794
-0.450432            0.213227            -6.64512
2.72684             9.56859             8.47194
6.12901            -2.65648            0.912372
4.4874              6.7413             2.44127
6.79845             8.89533              5.9355
5.68307             7.43434             3.23225
-5.59501            -7.11594             8.51365
-5.05328            -2.03064            -2.98433
-1.30977             4.61324            -1.06785
0.370453             6.00558             1.14185
1.5566             3.19859             8.63138
-5.12233            -5.22468             7.78732
5.59582            -4.43041              1.2234
6.30263             8.26756            0.367029
-6.53629             3.82356           0.0668071
0.80396             7.20133             -5.9301
-4.68735             5.04354             5.30314
10.005             7.40051            -6.26396
4.69349            -8.80878             7.74158
5.505            -9.36227             6.72001
-4.04308             -2.7185             9.92585
-0.830432            -6.58936            -3.13452
-0.517261             2.96878            -9.80461
6.99442              2.3923             9.84509
-3.7164              -9.788            -3.83716
0.378432           -0.383592            -4.36451
8.83972             0.94148            0.257734
-2.45589            -6.36999             5.33537
6.41402            -1.97693            -8.82897
4.39535             3.54382             2.19161
-8.43484             5.38095             7.94711
6.23154            0.562875            -3.94656
3.89149           -0.753845              5.1131
-4.01108            -4.80569            -6.16233
9.78755             4.53568             4.85048
-2.16907           -0.866894           -0.248791
6.44543            -4.91199            -6.62221
-5.57554            -3.32944            -1.22642
2.58671            -5.63738            -1.62332
5.24872            -8.05732             9.61119
-1.11775             9.55014             6.31493
5.72808             4.01236            -3.45351
8.22377            -9.94376            -9.32175
4.14999            -4.06846            -8.74047
0.747585            -7.04096             1.17822
9.19337             9.53994            -7.50567
1.65023             2.46629            -2.41035
-2.13555             4.34164           -0.544914
-2.51735            -7.42264          -0.0390936
4.2971             6.47729              2.6564
-5.2192            -1.76357             3.82259
-1.54856            -3.88564             7.52753
4.02361           -0.434849              6.0965
-3.06224             1.63477            -8.73615
4.05796            -6.89437             1.84415
8.56789            -2.61653            -8.15637
-5.20238             3.76139              3.6254
8.95654            -7.92765             9.42776
-3.95766            -3.88793            -7.54794
-5.36709            -8.12905             6.43147
-6.05375             5.67783            -9.67086
-2.58366             4.61299            0.920947
-4.41835             2.66525             6.02446
9.56195            -3.84285             4.69334
0.29744             7.64891            -7.13333
9.00973             8.21917             2.99592
-8.95261            -3.01721           -0.769723
8.65169             6.34089             0.55416
8.41853             4.86435             4.37753
-0.156452             -7.0071             8.22965
-8.21895            -8.68378             4.14727
8.37078             8.43601            -2.67376
6.26446            -9.62837             4.52789
4.16699             1.63253            -3.91641
-0.382611            -2.12919             6.05184
4.20499            -5.55225             7.78083
4.32789            -8.61636             -9.5807
-2.00201             4.80323            -8.89317
-3.48382            -2.84335            -3.40142
9.58356            -3.25307            -9.86315
-2.26289            -8.73751            -5.87856
8.51266             8.52625             0.44565
-8.34022             8.33174            -3.50372
9.58878             3.29942            -7.68923
-9.11704             -2.7338             -1.9477
9.80704              8.1085           -0.581973
-6.04161             6.62068             -1.3181
4.94646             5.40739            -9.36694
-5.38346            -10.0415            -9.33646
1.18506            -9.18723             9.85249
-4.7998           0.0169657            -3.15377
8.02393            -7.86873             7.16832
-1.777            -5.09771             1.24681
-1.67599           -0.476623            0.187607
-3.32027            -8.60871             2.16608
8.94134             2.30331            -8.40252
6.94069            -8.44531            -6.93486
-1.59695                5.26             8.35521
2.68101            -5.68761             3.16455
6.16655            -3.26441             1.63792
5.57589            -6.17666             3.23294
5.5353            -10.2816            -7.99309
-4.9916             5.07438              2.9263
8.60431            -9.07613            -2.63702
-0.611375            0.709606             8.61417
6.12901             8.94925            -9.85237
2.48297             4.73082            -3.82407
6.80177           -0.346236             9.77734
-6.1525            -7.64848            -7.11129
9.71334              6.8376            -2.32095
6.23437             4.56174            -10.3201
-1.06731            -8.14987            -5.93079
-3.96622             7.24919           -0.651134
5.31713              4.8876             3.10721
-10.1252             7.54713             9.73257
-9.42253             7.42295             8.83202
2.92779             -5.9912             3.31507
-3.22017            -9.44255             6.35207
-1.24283             9.95853            -1.35212
-5.36528            -1.15344             -4.7316
6.76418           -0.261624              2.5771
-9.54728            -3.39978            -3.76387
-8.05624            -9.07734              5.9603
-5.5666             0.60734            -2.07896
7.96647             3.39964             1.25538
7.80628            -2.36988             3.89917
9.75093            -8.17737             3.83808
-2.09526             1.33717            -3.75745
4.91364             4.24702            -6.88214
1.94288             2.31092             10.0341
5.1626              1.8403             -2.6552
-2.00951            -9.16908            -8.19993
-2.27687             5.51634            -9.70835
8.14348             7.70298            0.134939
-3.65095            -1.92557            -5.41109
9.45429            -7.44498            -2.85295
-3.8733            0.367191            -9.26475
6.42753             6.01413              8.2308
1.80507              3.1343             2.98625
9.23098             7.09916             7.76126
-6.28335              1.9482             7.68353
8.61635             5.42669              8.8837
4.84588             4.45729            -9.38224
3.12543             6.84358            -3.49428
1.14438              8.1688             1.24252
-2.00115            -7.99799            -3.47715
-9.99531             8.98887             9.86757
-4.38206              1.7588             8.73612
9.01407            -6.66428            -8.14505
5.70094             4.25793             -6.4146
-5.27491             1.52159            -5.21454
-7.12874             5.21128             -8.4546
5.97465           -0.704207            -3.14138
-3.14869             -1.3251             6.61809
-1.42629               1.989            -8.61904
-5.69858            -8.30414            -1.90311
9.867            -3.93901             9.85134
7.2203            -6.54213            0.502198
6.41392            -10.1912             8.06685
5.09417           -0.609447           -0.610872
2.11835            -2.06661             7.16139
7.38905             7.04602            -5.03437
1.10667            -1.96238             4.98473
6.65528            -8.84544           -0.867514
-1.66339             9.99931            -3.35041
7.06175             2.02998            -7.46153
1.60092             1.96049             1.71794
-2.1071              4.4464            -7.40234
-0.0870932             2.13808             4.37677
-8.22331            -3.51119             4.90656
-7.99721             4.92076            -9.22311
-0.982582             1.31205             1.58285
-4.67852            -9.43884             7.98745
-6.31204             4.11689             4.29883
-0.0297236            -5.93828             8.00981
1.45595          -0.0698307            -8.52838
4.49508            -8.50843            -1.62956
4.91634            -9.16494             3.48168
10.0766             3.68756             7.49949
2.47974             1.04583              1.8072
1.00229            0.716326            -7.45303
1.76309            -7.50452             6.33319
9.57244            -3.11236            -6.34344
7.01569             4.89294             4.98745
-5.49519             1.56265             8.14856
7.95675             4.08837            -3.86304
7.02348            -2.50115            -9.25655
-1.01919           -0.815968             -4.0997
2.79356             7.86707             9.68498
-8.98929            -4.99959             2.70882
3.15191            -1.57642            -1.78397
2.84141             2.04689            0.796216
-0.760551            -1.02146             5.93435
-0.861206            -5.66854           -0.361802
9.70252             8.14454            0.541233
-4.33328             6.15793             8.07767
-8.25696            -3.40564            -7.05327
2.33035            -9.48296            -7.59971
5.38417             5.22778            -9.26064
8.70652             4.93262            0.955787
0.466979             3.79303           -0.727245
9.8096             2.18853             4.65481
4.24165            -8.51144             3.37664
-6.8005             7.58858            -6.71344
-1.73971             5.34149            -7.27234
2.51373             2.28419             8.02341
-1.07665            -9.15709             4.49625
0.582069             1.32096            -7.92372
-8.9436           0.0394422             -3.5941
-5.15791            0.164111             3.78759
4.97903             5.30329            0.975907
5.41838             7.47809            -9.46377
3.6323            -2.89087             4.80009
7.53509            -7.83933             5.19944
-4.28523             2.34315            -8.58952
-0.701468            0.693722            -1.11707
3.06816             6.85488            -2.34424
5.60759             2.29944             10.1943
-8.73587            -4.83115            -1.62401
-8.20243             6.46491            -2.33666
-2.29104             5.23779            -6.75942
2.86434             4.66186            -6.64932
-8.37957             6.08179            -3.37933
-10.0612           -0.346699             7.58032
-9.18862            -5.17083            -8.95864
2.9671             5.85562            -1.33476
1.21918            -4.23283            -6.24607
-4.43599            -2.04757             3.63342
6.36065           -0.469096             5.79708
-6.08851            -2.09751            -1.51176
-8.64581             7.35197             8.15644
8.63713            -5.03813            -2.36316
9.82437            -5.75424            -2.14924
6.68274             3.25615             1.48591
-6.6581            -4.20595            -1.86004
6.12326            -7.25983             4.50127
-8.63821             4.65038            -7.51399
-7.94819            -4.60082            -3.29353
-5.17853            0.363448             6.02314
4.42112             6.71392           -0.869124
-4.7392            -9.15104             6.80642
-1.11883             4.23905             4.49672
-2.41761            -7.93433            -4.46728
9.10932           -0.590169             8.86911
1.33762            -6.44883            -7.29147
-0.533641           -0.191997             6.16627
-7.16796             3.83394            -6.46624
-2.9863            -5.72092             5.14576
2.29922             -4.6986             9.55142
-5.08894             7.53523             -8.8444
3.93539            -5.19166             4.76378
-7.97855           -0.509894            -7.65336
-4.48827            -6.29186             9.70239
0.989146            -7.92246            -3.14723
-7.75495             -3.0915           -0.345013
-9.48575             3.04063            -5.32823
10.113             2.20699             9.97505
-0.0552186             5.24532              -2.115
0.384948             -5.6104             3.06529
-9.73119             5.51022            -8.70693
-0.48549             4.18643             7.49201
1.23705            -7.63828            -4.68501
2.7866            -1.00361             6.89913
2.21245             4.62551            -9.35033
9.08882             3.17068             -0.5816
-0.583128             8.28341            -8.20803
2.97518             4.30419             6.51695
0.615841              9.9838            -4.44972
-5.63662            -2.19255             3.78277
5.17359            0.991745            -7.76711
-6.84992             2.77281             1.44114
5.80057            -4.98872            -8.32142
8.31218             5.52214            -8.91552
-8.22443            -3.99099             4.50318
-3.11157            -7.68802            -7.19374
-3.12994            -8.90168             4.44624
-9.498            -4.07327             4.09659
10.2042            -4.81782             6.59095
-3.20575            -8.06766            -4.14686
-7.75099            -5.65558             6.55833
1.07841            -7.31651            -9.70919
1.60777             1.26419             2.32439
-2.36294             1.44585             3.09897
-4.67395            -6.74536             6.51527
5.65751             9.56203            -9.71885
-6.40058             2.05526              6.5905
-5.31331            -9.23244             1.54648
-3.66143           -0.552977            0.715039
1.89164             4.61031          -0.0505684
5.20806             -1.7066             6.66023
4.00926             9.04072            -8.09646
6.71141             2.97105           -0.497948
6.4415            -6.83173            -2.94278
-3.14706            -8.33059            -6.19499
7.66167             5.97136            -5.12686
-7.26807             5.26707              3.2241
-4.1001            -5.81708             -5.3072
-0.534027            -9.73056             7.18519
4.65395            -2.13817             4.07717
7.85433             2.47142             1.21772
-5.51772           -0.978758            -4.29112
8.20969             7.20952              2.6017
8.83382            -6.09059            -8.89979
-6.3148             8.04173            -1.87206
-0.160993             3.26322             4.98684
-7.26529             2.78705             1.94125
-0.073712            -2.26792             3.16482
-1.55616              7.2211              6.8733
-2.47801             7.83653             7.52287
6.4886            -6.82029              8.0768
6.50652             -2.6694             6.79851
-7.88943              9.8948             6.65974
-3.44395             1.23347             1.41362
7.26967            -5.52518             2.24425
6.89922            -2.82605             6.02828
-7.16687             6.26984             2.98272
2.16188             2.62058            0.830057
-4.1069           -0.192441             -5.5828
-2.36579            -6.76887             5.46516
4.21351             6.28542             1.45681
8.8397             8.06054             9.00368
-8.5423            -3.57763             7.23406
1.7023            -2.67761             -3.4536
7.1858            -8.96348            -3.24293
9.08163            -9.63318            -6.18086
-8.26584             2.58663            -9.67944
9.70353             7.66811            -3.89147
-1.16198            -3.19718            -5.92037
6.64386             6.57472             4.05104
2.01323             8.61574              9.1238
6.3956             3.18777             6.73487
7.47683             1.24762            -8.42845
-8.68528             3.70631            -9.32447
-2.9258            -3.18352             4.48517
1.41582            -6.96747             7.01606
7.8291           -0.723669            -5.40921
-7.29447            0.759008             8.99488
6.91198              3.5118            -4.09894
9.68049            -1.52358             2.77426
-2.84675             -9.6405             -3.8849
6.65597             8.17001             2.21492
-2.69676            -7.57276            -5.99695
7.37574             2.48017             9.54032
-5.12776             8.90391             8.23119
-8.42612             6.85061             1.92026
-9.93195             2.90578            -9.66116
3.05853            0.118582            -8.62565
-8.7689            -7.74289             -7.2769
-0.845034            -2.60295             1.06089
-0.362732            -1.10171             2.92754
-8.24076            -6.20074           -0.859233
1.55483            -5.33308             7.62139
9.82305            -2.92485            -3.27937
-5.86775            -10.0302             5.52019
5.70173             7.64465            -6.63071
-5.4231            -5.65639             -7.9937
-3.89875            -3.18212            -3.61828
-4.10545              3.7283             -2.3144
-5.1464             8.65584            -2.47984
0.274045             5.61846          -0.0445151
2.95805            -3.22345             -2.2777
5.63724            -7.94008             4.59104
4.85885             3.49054            -1.82427
4.9621             8.63856              2.1088
7.98763            0.112301            -2.13702
5.89906             4.59885            -2.46595
2.73585             7.35307            -5.55186
9.27785           -0.150521             4.51571
1.14622             9.40683           -0.748272
-0.619715            -10.2042             -6.9881
0.282036             4.88913           -0.816106
9.058            -6.85609            -8.60499
-7.53984            -4.69153             7.49241
1.51275            -1.92496             9.86148
-5.1866            -7.66007             7.90391
-0.967162              7.9242             5.30514
0.0209548             7.81169             3.90254
5.1792             5.08004            -3.69276
-9.20479             6.24954            0.379559
5.516            -9.07325             5.84247
9.48281             4.81498            -9.04625
3.27388            -7.62317            -5.65062
10.2173            -3.53257            -7.69322
5.10487             8.18431             9.59819
-9.06662              2.6649             -8.2096
0.0876971            -9.11754             2.27873
-1.60803            -4.00233            0.347425
-1.00729              -3.779             1.38036
-7.97106             5.99546            -4.09564
0.828858            -10.2244             6.63366
5.7908            -7.59564             2.57904
0.774625             3.70006             2.69787
5.42026            -7.01194            -2.84284
-0.527039             10.2693             2.61753
-9.47023             1.31851             2.75243
-9.47677            -5.47145            -9.29182
5.44569            -2.63645             9.16179
6.65068             3.70387           -0.658658
-9.47925            -6.96421             3.17734
-0.0340673             6.82488            -5.66229
9.24627            -6.32107            -10.0799
-0.731242            -6.99308            -5.79784
4.29332            -5.78924            -8.05521
-5.84503            -8.08124            -1.79234
1.43789             7.08357             2.45344
-9.41467             1.70072             3.11061
7.05528             5.14431            -7.51765
5.52648            -4.05974             4.61162
-8.36571             3.74864            0.692087
-3.95669             6.18143              3.3192
-6.25719            -4.88967            -7.82496
8.96798            -4.14726            -2.19368
-4.80364               4.987            -8.15929
-2.53869             8.89488             4.25804
2.92778           -0.476573            -4.87061
-3.7379             5.05457             -9.9515
-6.6466             7.01443             6.46779
0.905161          -0.0947126            -7.57983
-7.63795              5.8605            -2.97572
-7.27156           -0.581191             7.34806
-6.63041            -7.73842          -0.0367931
-9.52334             5.84825            -6.56227
2.46231            -0.11139            -4.00209
-7.00999            0.983316             8.77405
1.34242             3.24191             6.06785
-1.31586            -8.17839            -1.66067
-3.0393            -7.21988             7.33443
-3.21141            -10.0436           -0.233947
-3.61028            -9.70597             9.47644
4.96552            -6.51094             6.54482
4.76751            -1.70684           -0.545247
8.86558            -3.30206             6.89067
-3.41114            -1.30947            -2.95851
-4.54881            -8.12427             5.15997
-5.67327             7.89622             10.0381
3.59022           -0.088022           -0.747461
-4.63276             2.78968             1.43935
-2.5464            -3.79003            -3.44173
6.86343             9.25349             4.51106
7.56146            -6.99354             3.08838
-8.19452             6.70703            -1.43013
-4.98718             8.68499             6.59367
-8.65075              1.0419             1.14651
-3.5393             5.69634             -6.4355
5.31582             6.57328             3.55306
-8.91666             -9.1061             3.90594
9.63461             6.91973            -2.70685
-4.94546           -0.985081             2.87717
-7.4649             7.26739             8.49072
-4.13102             3.19279            -9.93092
-4.45997            -7.76083             7.64324
0.942418             2.10902            -5.67399
-6.85182            -5.06084            -6.64065
2.71178           0.0972504             -3.0116
4.12666              8.7984             -8.7949
-2.73419             -3.4514              7.8519
-3.34394             2.38875            -1.81187
9.06059            -6.14532            -8.96615
1.20225            -1.82967            -9.30706
-4.3695             -9.4027              4.5139
6.3959             9.92862             5.22909
3.00154             -4.5693            -2.74487
-0.669797             4.17953             7.06595
2.33203            -5.93098            -8.79103
1.51289             9.08708            -3.99448
-6.12554             8.62578             -8.1969
2.00223            -6.67141             7.75833
6.83415            -7.61448            -8.77185
4.30201            -9.31876           -0.503507
10.1265             10.0035              2.6408
7.39928             9.97762             5.49904
-5.35567             9.63155             9.98946
-9.7438             3.04237             -4.1293
-2.30405             6.00746           -0.135344
-2.67242             2.56098             6.88817
-8.85696              4.1948            -4.62899
-8.47621            -3.01913            -3.65544
-4.95159            -7.74399            -3.28655
0.243042            -8.34708             1.31854
-5.52462            -2.99138            -4.24926
2.00847            -10.0903            -2.26908
2.49474             7.87478             7.35741
6.17036            -5.68925            -3.02465
-3.79358              -1.913             3.78039
5.80511             5.13713            -1.07879
-5.05101             8.00961            -9.69517
6.68082             1.59233             -8.3799
-0.0432881            0.846716            -8.27701
8.92078            -7.32144             -5.6452
2.14091            -7.13064           -0.952576
-2.17267             8.09795            -7.28163
-2.66712            -7.22167            -5.53446
-5.69458           -0.953854            0.884282
-3.97868            -5.75075             4.23631
-6.68923             3.31795            -3.83421
-7.02508             3.24522             2.26732
6.96756            -7.69993            -5.50124
-6.59851             3.24946            -7.39556
-3.40904            -8.97648            -7.58163
-3.64049             3.00472             5.90071
-7.17301            -2.22682            -8.85643
1.70252            -7.41908            -6.55958
-8.59049            -4.32253            -7.02676
6.42683            -7.69334              5.8884
8.83939            -4.24273             3.64104
-7.70612             2.41992           0.0228054
8.62229             8.05796             6.34858
7.73607             -7.9718             10.0118
3.34486             6.27635              9.6944
5.45209             9.86975              5.7131
3.72001            -7.25139              1.3224
-1.07645            -1.52154             -1.3796
-5.82343             5.89244             4.22208
-5.03473             4.49259             6.73464
-8.86106             7.78314            -3.56437
0.961153             1.12119            -4.87398
-0.236338             3.15311            -4.35737
-2.0308            -8.96262             4.10628
4.31947            -4.06153            -4.28023
-1.8932             4.74597            -2.77442
-2.03862            -6.18473            -2.30324
-4.59195             6.04529             3.28414
-6.50093            0.243157             5.44906
4.40786             6.10237            -5.90752
-6.20757             -9.5732             3.47822
3.38741            -1.90971             2.19275
-9.89654            -4.55116           -0.713919
-8.27275             6.62055           -0.802337
7.72832            -9.81591             7.24052
-2.92301            -7.42872             4.32749
2.98499            -3.57546             -1.2312
6.86761              6.7517             9.04901
-1.0084              7.2745            -8.49984
9.19217             8.73192             4.81092
8.60952             6.05468            -6.31207
-7.05218             9.69896             2.82772
-5.94425             4.10285            -3.79904
-8.47533            -1.97337            -1.54334
8.26339             7.46238              6.2453
7.26105             2.62502            -1.88328
8.55387            -7.33147            -5.17914
-5.75734            -5.06623            -8.17946
-6.33554            -1.95916            -3.86348
-7.07678            -9.16193             3.13971
-10.0767            -9.15397             8.78342
7.36824             3.22621            -4.41815
2.09923             -3.0819            -8.22617
-2.0878            -9.32965             -8.7803
-8.51853             4.08998             9.81985
1.24513             8.16891            -7.72919
8.94297             7.95428             9.54052
-8.45069           -0.330707            -4.38903
0.745789           -0.542113            -4.35046
7.66065             5.65125           -0.383016
8.65035            -5.23151              3.1183
7.82369            -5.71181              2.1735
-1.30323            -1.36448              -4.123
-7.23486             1.24355           0.0516114
-5.85413            0.111915             -9.3813
-0.110788           -0.267171            -9.10523
7.62172            -1.60567            -7.42169
9.67476             6.93137             9.68196
6.39542             -1.0516             6.12963
2.03046             6.58723           -0.929199
3.47479            -8.12086             3.96474
5.70066            -1.50744             1.39579
3.40983             4.84515            0.417994
2.39923            -6.67287            -5.28115
-7.90803             2.29717            -5.35531
-9.12079             9.39306             8.56756
6.79766            -2.70961             8.87402
-8.9163            -2.06808            -6.95541
-2.88187             6.81978            -7.27808
3.29022            -9.50251             1.68799
1.68624             9.31431            -9.78765
6.62198             1.83582             9.79542
0.686192            -8.42273             6.68158
1.23183             5.21208             5.28536
8.30878             3.24255             1.70112
0.294317            -2.93345             2.18704
-7.96667             1.78786              3.2165
-1.8052             6.44239            -7.14979
-0.0362189            -1.39836            -5.22531
9.97107             5.19579             -6.6492
-9.35207             6.03418            0.922372
9.32246            -1.86893             5.88827
-4.14993             10.3088             5.19489
-7.12837             3.94996             9.24983
-5.63619            -1.78784            -5.67891
-4.17463             6.70229            -6.55858
6.73499             9.19959            0.536339
6.61734             1.63994             -2.4564
-5.21543            -4.78842            -1.31933
-7.00124             7.46518              2.8569
1.81369            -1.88462             -3.8811
0.762092            -8.71708             1.99735
2.51051            -8.95567             -2.9314
-5.6737            -9.87651            -4.37002
-6.24177             7.56232              7.4506
-7.65602             2.45615             7.59566
-5.68826             1.24812             7.26176
0.600422             8.79769             3.49372
2.82465             7.05646            0.787751
7.92459             8.32522             7.34319
6.18691            -3.94325             5.01984
6.94131            -3.74158              1.5483
1.86433            -9.24082            -0.29871
3.66804             7.51923             3.11286
9.8505             6.84608             7.90577
-6.74329            -1.58411             3.47005
-2.02309             9.58516             4.01107
-3.27107            -7.43356            -8.42652
-6.91825              8.8507             3.71837
3.78488            -9.41225             2.41774
5.75387             9.54125             6.08877
5.15736            0.195436             6.10147
6.48455             3.10402            -0.17822
-3.07682            -9.38434             2.57128
3.89479            -3.53793            -1.82958
-8.66699            -5.72644            -8.40527
3.07937             2.84528             3.43082
3.27608            -6.33952             -3.3136
-4.12877             6.48245             7.23137
10.0491             0.61634            -9.77827
-5.49029             2.84334            -2.85675
-1.39739            -5.07213             2.47045
-1.39675            0.863317              2.9878
-7.18199             6.68913            -8.90816
-6.69145           -0.931939             6.42352
6.69019            0.450073              -5.565
9.1539            -6.94358             4.80929
-5.46499             4.85264            -7.08854
6.71926             7.31439             6.15915
-0.164535             5.25099          -0.0673865
6.63105            -5.77005              6.0739
-3.27773             -10.176             2.75968
7.62686            -7.17879            -1.25716
7.72581             2.91875            -7.72417
6.29109             1.83279             8.27016
-9.19234             7.97375             6.92752
-3.73559             10.0272           -0.115063
-7.64909             2.71878            -2.35487
1.72855            -7.29121           -0.983446
-3.23437            -5.04823             6.75718
3.73258             6.97294             3.13008
0.431077             7.68995              7.0753
0.993901             4.06361            -3.20752
-2.01241             7.75962             0.86744
-7.03159             4.98246             7.69595
-0.304632            -2.24867             1.99863
9.02894            -7.03122            -8.20582
-4.70625             4.91419            -7.22402
-9.62564            0.175479            -7.04311
-5.82646            -4.34104            -6.97642
-6.07314            -3.96761             9.49369
1.68816             9.65562             9.70351
-7.23725            -5.27466            -2.79097
-7.78495             -6.7446              -6.699
-9.4263               1.591            -5.75747
-10.0017            -1.94574             3.61284
-4.30847            -6.47079             -6.6792
-4.8524            -9.19777             1.09079
-0.75637              3.3364             1.58742
-9.0318            -2.71038             -2.1101
-2.71996             2.84384            -6.44745
2.57555             5.19425            -8.67052
2.2717             4.81495             1.79847
-9.00959             4.83029            -8.71747
-7.92281            -3.20672           -0.490835
-6.53046             9.98193             2.31962
2.51977            -1.98401             4.66176
-4.89691             7.41265            -6.25882
-5.47782             9.68995             8.89262
7.30255             2.13541             4.10645
-7.37479            -1.52387             2.19137
5.75251            -6.12152             3.33333
-7.97903            -7.75005              6.5561
-4.11208            -8.93374             9.29504
9.12005             2.00167             1.86025
8.4688            -4.47488             9.74344
1.29462            0.384886             7.21822
8.06132             7.88548             5.11504
4.80667            -1.84382            -4.63828
0.276528            -2.46108             9.13119
-9.43928             3.43717            -7.63618
5.68865             9.76728            -8.01124
-9.17979           0.0985632            -1.19805
2.50724            -4.39572             2.87846
5.842             4.28694            0.771328
5.89487             9.33487             -2.1364
1.77649            -1.39096             0.13708
1.9908             4.09735             6.05512
-5.44868            -5.38789           0.0339675
1.17378             3.80264              1.0978
8.57381              3.0165             5.94952
-10.0418             8.66942             2.86762
-1.00388             -1.8356             0.38043
-7.26383            -3.48201             9.65736
6.65834            -2.58045              1.4466
-2.22365             7.80606             7.86934
6.40544             9.63578             1.14401
-8.0786           -0.405731            -3.57444
-6.50208            0.997155             2.59171
1.52945            -2.68168             7.61867
1.98505           -0.187795            -6.00832
-2.64057            0.747255              0.1713
-2.64362             -9.3369             4.16584
-9.29355            -9.23119             1.36131
-8.3797           -0.769733            0.533212
-0.603178            -3.93572             1.28964
-0.918276             9.36401            -4.50393
9.92441             9.28606             3.52522
-3.1116            -1.33751             9.26659
0.369121            -1.01854             1.64438
9.38474            -3.01956             7.81336
5.16167            -7.42925             5.28245
-8.30699             5.07799             9.65845
6.16003            -6.50136           0.0237693
-7.26275            -9.88764              4.0981
2.06419                3.13            -2.54793
-1.82863            -7.17391              3.2581
1.6573             10.1662             4.55876
-9.77926             7.88623            -0.78104
-9.61665            0.070949              2.3441
7.83462            -7.70181            -5.44952
-5.55794             9.40786           0.0149983
7.19148            -8.45146               6.259
-8.79089             8.20672            -1.06273
-4.88732             3.95665            -8.41902
-2.20294             6.34902              2.2499
-7.74787            -8.79693             4.18013
5.18303             1.63223            -8.82881
-4.96181             1.54096             4.25182
-7.03316             6.77123            -2.76866
0.227696            -7.44347            -4.26683
7.51373             3.51784             9.52255
6.60261             1.19603            -3.09157
0.552409           -0.854367            0.907431
-3.89273             -9.6711            -8.76016
-9.13068            -10.1968             10.1062
-3.85176             5.44103             6.35313
7.32375            0.268529            -9.47594
5.12944            -5.99697             -5.7502
1.17331            -3.61821             4.69503
-3.66325             3.43771            -3.15909
7.61426             8.38774            0.696094
3.88948             5.43546             8.93926
2.34876            -6.13479            -3.29674
1.46501            -3.94827           -0.482109
3.17145             4.69269            -3.15019
2.3591            -4.97477             -1.7354
9.39578             7.38329             2.10429
9.93752            -4.42661              5.1776
9.47847             6.35381             9.18198
-4.97799            0.548625             5.86247
-3.66152            -4.99758            -5.34127
-2.21255             1.98799             4.67533
1.45886            -5.40814             -6.0047
-9.56256            -8.80982            -2.89594
-5.20436              9.2827             9.55023
2.48482             2.39333             8.30906
1.3346             10.1644            -5.31286
8.62833             4.12647            -3.34897
-2.0201            -7.41546            -7.32538
-3.32213            -3.52922             3.21312
-0.148546             6.47077             5.27369
5.01334            -6.29843             3.63124
1.19867              2.4422             1.10797
-7.0176             4.61754             8.63417
-0.846524            -5.84782             5.82776
-9.99198            -2.75672             1.11461
2.82069             2.66383            -4.85463
-4.87462            -9.32793            -5.58943
1.50668            0.229599            -4.04602
-8.69442             9.93323           -0.312453
-8.05339            -2.16361             7.05608
9.41528             7.43465             5.53308
-6.1689             6.15193              10.286
-1.16021             5.83504            -4.06229
-9.77845            -3.77431             6.13196
-6.11442           -0.777061             9.23056
5.14736             9.46516            -8.76178
-5.06588              2.8413             6.39913
-1.60017            0.576781             -7.4022
-1.82178            -1.46872             -9.2878
8.42504            -6.01709              9.7333
-2.69741            0.286408             9.88517
0.107128             1.40551            -3.74761
-8.0369             6.15488            -2.22895
2.50109            -6.87316            -1.12279
-5.37976           -0.387284            -4.70802
-8.66654             2.85327             2.77284
6.71258            -3.92866             5.44249
4.32616             1.34497            -6.14686
4.54655            -2.06114              8.4982
-3.5553            -3.02375            -5.43036
-3.71551             9.81342            -4.16533
6.22792             1.56994           -0.966352
-9.81223              8.3136             -3.1994
10.202             -4.8523             4.49253
6.90941            -8.13377            -9.14317
-3.2416            -8.11503             3.50624
3.00495            0.651605             3.95252
-1.44353            -8.83124            -8.88222
-1.03365           -0.389799            -5.45892
3.89782            -1.50107            -9.55745
-5.57247              -5.663            -2.59155
3.26646            -2.25677             6.27846
0.161912            -7.61585            -1.79339
0.0161993           -0.993793            -7.27064
7.20979            -2.93065             -5.4837
-9.4696             2.18256            -4.81399
8.05554             2.53411            -9.73155
-9.87846           -0.125336             -3.4814
1.63104            -8.96154            -2.74792
-6.56744            -10.2238             5.06766
-2.90737             7.43306            -5.59125
-5.25061             7.48791             9.34224
2.58017             0.31608             1.62708
-6.58344           0.0250149             3.73534
-5.41164            -6.18955             4.49808
4.27948             4.33616            -2.11428
4.13631             6.29292            -1.83033
6.58502             2.60289             -7.7018
-6.69182            0.292123             3.80287
-8.03906            -7.41203             1.42838
-1.97125             6.67558             4.05382
3.55199             5.21305             1.79586
7.34987            -2.12445            -6.41154
4.17516           -0.422819             3.46419
-0.960559             -1.4277            -7.23523
0.505214             9.48442            -2.04284
-5.02228            -2.70494            -9.26914
-1.501           -0.899096            -1.36009
-7.15385             7.14748            -4.18622
-2.42816             7.93072            0.843107
3.52656            -4.44278            -3.80448
5.43657             7.25684            -4.16403
8.16292             4.23749            -7.50529
8.57071             4.34838            -9.20035
2.93728            -2.16844            -3.15907
