3.98936             9.40049            -8.89972
1.44535             -6.3589             1.11484
-6.22532            0.189082            -1.86346
7.90469            -9.20813            -10.5183
-2.61308              1.5533             -3.1595
-10.3836             5.01249            0.661024
4.06414             10.3948             5.64003
7.01967             1.95562             7.93351
7.18412            -8.54193             7.06276
0.362224             3.95188             -7.5168
-8.67191           -0.182741            -5.10698
-5.11248            -6.60474             2.66403
4.05101             5.63156            -6.37892
3.03396             8.58065            0.662949
-3.52119            -4.08827             2.75912
-3.45193            -11.4813            0.549343
-5.87913            -5.79532            -3.79341
5.6597             0.32785            -3.58104
-5.25057            -6.62624             8.23777
-4.50461             6.40264             1.29714
-0.818187            -7.79631             1.51515
2.80303             8.73317            -1.24648
-5.83125            -4.56396             -5.6873
-6.10007             4.99705            -1.09239
-6.34768            -8.66582            -4.72217
4.72583            -7.88999          -0.0431301
6.04425            0.355302            0.805033
10.4655            -2.07856             4.16384
-1.65498            -8.95241             8.50167
-7.94691             4.98006             8.81437
-3.02033                2.26             8.15392
4.61675             6.46956             2.24156
4.96651             9.45211            -3.14217
-4.14198            -2.23035             6.32149
2.89876             9.98563             10.1085
10.0071            -8.57145             8.91488
1.72831             -6.3518            -7.06366
-1.51387           -0.130999             9.99404
-11.7462            -3.77314             -10.393
9.69319             7.68786            -3.32758
10.6235            -1.79161             9.72909
6.70356            -7.60082             11.6034
-11.7384            -5.91904             7.42274
-6.18384            -7.24807            -11.8037
11.8536             5.78572            -8.50074
2.98812             6.70444             8.43869
7.77038             1.50801              6.3834
-1.01115             8.89704            -11.1458
-12.3356            -0.61043             -1.4631
-6.03404             7.25015             5.31432
3.19019             4.24281            -9.36062
8.72399             6.89104            -9.13722
9.6343            -5.79162             4.72506
-2.44171            -9.16209             10.3452
-2.39871            -9.40001            0.157123
-1.35551            -9.83459            0.447312
-3.52289              2.5185           -0.733191
8.03689            -9.91521             9.23865
6.56756             3.79922           0.0242574
-2.02259             10.2706            -3.03745
8.20774             -6.5725            -2.75397
-10.1772              4.5228            -3.56393
-5.34581             1.08476             6.34179
-8.50699            -9.23721             2.28138
-4.85495             2.17983            -10.8093
-8.75981             6.47036            -9.84603
-0.170975           0.0962311            -9.27849
-8.50918            -6.37617             4.72529
9.03278           -0.869317             9.42719
9.57065           -0.855959             -7.5873
3.65555             8.41635            -3.56187
8.85371            -6.86697            -7.80702
-5.26777            -1.71449            -8.52381
3.09818             7.69788             4.91845
11.3181             8.60613            -9.05943
-1.55439            -6.10925            -5.67828
-9.30416           -0.913549             2.26651
-4.34559             5.58791            -6.89817
7.48308            -3.31841            -9.48518
-3.347             5.83463            -8.17382
8.85879            -7.64547            -5.22272
-2.38718            -6.33739            -7.15495
6.09545             -10.601             1.46282
-10.7056             11.0782            -2.51626
7.53764            -3.58789            -6.10854
7.5449             -4.7768            -11.7414
2.25833            -1.81021             2.62314
-1.07319             3.31714              8.3147
-5.33352             9.86377            -8.37847
-2.09859             7.65318             7.90944
5.04629             11.8967             9.02664
6.60235             1.34326             9.54531
-10.3007            -6.06056            -2.84938
9.3899             6.66395             7.11635
-3.0286             5.89303             6.99213
-4.89808             -0.3195            -7.73007
10.3028             6.74026            -11.0873
0.706033             7.66011             -9.5982
11.1603            -8.81015             11.0404
-3.08562             4.80523             2.30892
10.596             8.69274              4.2915
2.55699             4.58873            -8.45172
-6.56208             7.20721             6.57689
-0.192524         -0.00661849             9.53468
8.30363             6.02755            -1.32931
-5.55116            -3.68481            -9.99367
3.06282             2.61407             2.54518
-1.96052             8.37512             10.6311
11.686            -3.10684             7.83953
5.01558            -10.8685            -5.73318
-7.84372            -5.17199             -2.9341
11.6821             10.6864             2.92932
-1.578            -1.17746             -9.4722
-5.43511             7.66026            -8.54917
2.39572            -2.10312             9.04467
-1.20999             4.05301             3.41941
2.47931              -2.956            -4.44853
5.86909            -1.05563            -6.48615
-10.0691            -4.36681           -0.254219
3.22262             3.56944            -6.89989
5.59563            -4.12881            -8.01207
3.90953            -1.20829            -6.97155
6.2189            -7.82514             -7.7526
3.46151             1.48005           0.0978977
7.67329            -1.84079            -12.0037
9.99107             -8.2202             7.19789
4.63269             1.98979             4.82269
-7.74308             8.96696             10.4929
-8.35403           -0.448914             -7.6375
0.707907            -8.88481            -7.41728
1.93001            -3.86878             1.58959
-11.1923             9.51198            -3.72561
4.44541            -4.28056            -1.55848
-1.81597            -1.26929              1.2882
9.82242             2.72472              7.9542
-11.989            0.127956             10.7215
6.21417             9.78963            -10.7892
-1.17986             5.07252            -2.59163
-8.0788             3.31235             8.92807
10.5647             3.74081            -1.11909
-11.721              8.3246             2.19902
6.39143             4.90873             11.7029
11.051             3.61514            -4.49013
-7.76868             2.86248               9.773
-10.4234               4.612            -3.82314
10.0116            -6.76716             9.26125
8.54213            -9.39456            0.304151
-9.40723             9.97226            -0.81258
2.75              7.3548             -5.4664
-3.88538            -12.4319             1.52849
-4.65041             6.47073            -5.63321
3.90195             2.96454            0.814143
11.4358             7.56153            -5.60944
2.50717            -5.80065             3.36569
6.52499            -2.93541            -11.2481
-0.688467          -0.0924633             -3.0105
-11.4852            -2.22163             10.2462
0.197675             11.7885            -7.96038
-7.76447             4.11453            -2.90683
3.67708            -8.22234             8.96762
-4.39688            -3.36407             3.60933
-2.58438            -4.23344            -3.26948
-1.92819             5.31683             5.38096
8.34266            -2.37756             8.00337
-8.38272             3.79513             5.40329
5.8601            -2.99906            -2.05472
4.28818            -2.62284             9.41221
2.05596           -0.127647            -6.51633
4.95082             8.29969             7.37463
5.45553            -6.93173            -1.77995
8.19914            -8.72302             10.0294
1.53264            -5.39516             7.05594
2.19513             10.8614            -8.39884
-3.55651             4.52944             5.41132
10.196           -0.161462            -5.53595
6.42574             8.10369              1.1423
-11.4091             -4.5455            -2.22463
3.08451             -3.6485             4.66435
11.2392             -7.6676             10.5261
3.0613             10.5385            -8.11875
-6.1739            -4.25558              -1.893
1.6643             9.13629             -6.4457
8.63352             2.96062            -8.82293
3.98537             5.99168            0.929678
5.46922            -7.25321             6.27527
3.57529             10.7686             10.2263
-3.93737            -7.46925             4.07528
4.26228            -10.2537            -9.38785
9.1164             4.66985            -3.61957
1.28947             5.54889             7.04238
11.4414            -9.86657            -1.12703
-2.0163             2.93244            -2.19503
-5.73969            -5.02335             9.18418
0.421961             3.70036             4.10564
11.223             2.62687           -0.177862
7.40589             -4.6021            -9.65578
2.03129             11.0046             6.87255
-11.1778             1.16903            -10.8948
2.22829            -9.08769             1.23119
-4.81825             6.60298             4.24682
-8.21938           -0.555804             5.01795
11.5911             9.19603             7.31126
-1.3989             8.93975             5.43236
-2.12618             3.13179             3.77234
3.8022            -5.73785            -9.29463
3.82758            -8.27925            -1.91128
-5.73307             10.9385            -3.59554
1.67133             6.71611             2.81455
6.68962            -2.19683            -1.62814
9.91612            -8.77764             -8.8692
-12.286            -6.53244              7.6609
-12.2815             -4.1291            -7.63884
4.35071           -0.847692            -4.40679
-5.38523             8.35624            -2.26083
-11.4113            -2.76504            -4.62687
8.25601            -11.9174             6.78094
-10.8414             9.68647            -4.39148
6.60799            -9.97721             6.75987
-6.41443             1.54061             5.51028
1.80435            -6.05552            -9.76929
5.35514            -7.77729            -1.51408
-2.65992             10.1905             13.1649
8.74184              -3.584             2.71052
6.57187             9.56299            -4.08001
11.087            0.538843             2.23911
5.92113            -9.51563             3.63293
-11.6427             7.15556             6.75023
2.10011            -10.7015             5.56535
9.15456             8.11288           0.0749073
-1.52327            -3.24992            -1.60364
2.70328           -0.058257             7.17357
0.16043             12.6226            -8.44408
-4.3201             2.67062             5.64386
-3.28377            -7.81064            -9.59999
-9.96177            -10.5949            -10.8058
0.234544            -5.89703            -8.65033
-1.8427              5.7982              1.6984
-2.48684             8.57847            -1.95602
10.3215            -4.76441           -0.764985
-5.99417            -1.34427            -6.94652
-5.86022            -4.90682            -4.08739
5.18006            -1.96369             7.52591
7.4575            0.451961             7.45107
4.03414             7.82844            -3.28417
-10.1695             7.58125             5.44691
-0.150836            -2.09623            -9.59584
-0.776851            -4.75373             9.55934
10.4858              3.1012             5.17749
2.30156            -6.20009            -4.37222
-7.551            -2.45394            -9.22635
-9.12289             10.7342             7.24636
1.63806            0.495603            -3.39112
4.80773             7.20128             6.97387
4.80486            -6.48026            -7.36894
4.73595            -4.76982            -5.33686
-10.002            -10.6312            0.316551
-8.75881             5.52709            -3.38762
-9.88749            -3.75962             2.71063
1.41465             4.73586             2.15922
9.67167             5.25729             6.98478
8.52721             6.88882             3.70461
-1.15021            -1.54248             5.60008
2.53248            -1.97771             2.33461
8.68684             9.73874             3.13949
-8.69998            -1.37802             2.31598
-9.77857             2.09551            -5.72998
5.88741             3.95526             4.17879
-0.990927             1.33574            -4.28555
6.77678            -4.25837             4.64179
11.3025             -6.1021            -2.63225
8.22905            -8.08607             6.06107
-4.15849            -5.86145             8.43427
3.30113             1.31235             6.81777
4.06779             6.43598             3.99037
-9.02279             6.61074             3.50137
-7.22514             11.3761            0.709772
-4.02764            -1.58498             2.44356
5.74041            -5.81388            -10.4508
5.35371             7.72643            -10.2263
-4.2089            -10.6907             -8.9976
4.88009            -10.7169            -3.33787
1.49371             1.71164            -4.53523
6.68905             9.38362            -2.11939
-8.74523             1.37579            -6.13382
9.90044             3.01007             4.89549
-3.69171             5.01586            -5.53284
-7.36604            -4.99435            -1.70932
10.4928            -9.67879             3.95499
-1.44794              5.9289             9.78688
-6.57393            0.250719             6.58164
-7.47788             3.82233            -9.77515
3.03464             8.19084           -0.421665
8.78559             6.59379            0.547304
-5.0052             7.49744             6.11808
-0.276125             7.78326             1.16584
-5.78463            -11.1574            -5.64757
2.20305            -10.0557            0.654929
3.2485             9.78164              9.4566
1.94159             8.16459            -10.9272
7.54292            -7.46194             1.46237
0.497312             7.04198            -8.93179
9.53797            -2.21545            -10.3233
-6.09431             10.2286            -8.67119
10.7976             -4.1113            -8.95466
4.29946            -3.80273            -3.82061
-3.45365             1.42603            -4.47767
-10.2983            -11.8754              4.1348
-6.21557            -1.05073             8.19473
-8.23664              10.344            -3.11714
4.32372             3.16524             1.39478
-6.53088            0.985207             4.65997
3.00741           0.0188502             1.82609
-11.4939            0.354568             1.08947
-8.78596             1.28009             3.96694
3.53771             10.1709           -0.790419
7.29624            -4.98307             5.77338
-0.184627             -1.6086            -1.89694
-5.91243             2.30625             2.78839
-3.56952            0.838925            -9.02293
-0.7474             3.67575            -10.7798
4.44259             -4.4484                6.59
-0.495313              4.5885            -3.83034
-3.04786             2.53147          -0.0861724
-5.27467            -10.3275            -4.25272
5.33657            -10.4275            -4.25771
4.70471            -6.87585           -0.172649
4.3313            -3.55396           -0.334249
-7.52788            -8.61633            -5.11142
7.67065             7.07894            -4.18087
-6.87552            -5.99876               7.403
3.05999            -8.35915            -6.85177
-3.37129            -9.81317            -3.65657
-8.91617            -10.7307            -8.74986
-5.61675            -10.7269             1.29632
-3.85505             5.05801            -3.97406
8.95862             4.88554            -8.28453
-8.90926            0.408416            -7.54453
1.03569             9.40807            -4.69183
-10.4502           -0.872079             8.34158
5.5645            -10.3444             2.11262
-2.5158             3.67914             -3.9923
-9.98472             5.52455             -3.8785
3.02616              9.5439            -2.10067
4.63436             5.00851             -4.1554
1.40819            -11.5481            -4.44044
2.63951             10.1037           0.0796541
-4.81201             4.25399            0.898173
0.233425            -6.91848             9.43732
-7.17711            -5.57647            -1.43352
3.17932             1.99192            -6.06427
-0.239857            -6.98845             9.12854
7.74136            -10.0119             4.55358
-9.43847              -9.266            -11.4181
6.03395             4.13341             2.09842
8.79964             10.3055             3.84285
3.58718            -4.00895            -1.85551
-6.18761              8.6882             9.63316
2.16087            -4.00876              7.2217
8.71068            -2.60823             3.66951
-2.15422             1.04668             7.49305
-6.58308             7.69398            -5.15113
9.45942             7.15026             2.44822
3.82077             10.9108             6.70432
1.09547            -3.85939            -1.63689
-11.4395             -1.7132             10.0576
1.30863            -1.27366             9.27746
-3.63997            -11.4245              8.2911
2.86384            -10.0593            -2.05625
7.68448            -5.27919             7.54244
-9.13192            -9.91845             10.7443
10.2903            -1.08176            0.764409
9.10759             9.49929             8.01352
10.8213           -0.351012             9.47273
-11.8296             7.57972             2.33291
4.26877            -11.3384               5.273
-0.736068            0.721696             4.91348
7.49757             1.01232            -10.3123
5.13973              6.8414             6.48148
-11.5134             9.85032             2.02114
3.57919            -1.33322            -10.1702
-5.32081             10.6382             9.55177
8.81425             3.20408            -6.54262
-10.5963            -8.62153             8.47127
-6.04388             2.35404            -7.88832
2.83716          -0.0233312             -8.0406
2.86944             9.22873            -1.56504
7.70861            -5.97867             1.60043
-11.2033            -11.7656             3.54359
9.97631             1.89432             4.31014
-8.2942            -10.9502            -5.45081
-7.96336             6.89783             9.52285
-7.63611            -1.12848             6.43137
11.0719            -3.29379           -0.197373
6.5437              4.2806             6.18387
8.11955            -4.59335           -0.790236
-7.93817            -6.24679             -1.4937
2.46537             6.07739            -9.53198
5.81831             5.41264            -8.41009
-7.2685             -6.7376            -6.27781
-0.905234             1.80413            -8.82175
-7.95765             8.93248            -1.81751
-9.36347             11.3501            -5.17058
-7.63016             9.15715             -12.012
4.44694            -9.44985            0.939201
-11.0628            -10.8935             3.05491
-7.09095             4.00479             7.21302
4.50156             1.06283            -8.49441
-10.4268            -2.76665             7.72225
-4.75699            -5.11387           -0.644857
7.18268             11.3452            -8.96919
0.0168451            -2.07694             8.09288
9.6929            -4.27446            -1.72935
-9.49623             -8.7334            -4.84209
-7.69439            -1.68257            -3.46677
-6.78961            -7.97305             6.30007
-5.06584             5.21311             2.97034
6.91174            -2.87657            -10.3759
-9.64172             6.12064            -9.67558
-0.95753             5.79183             5.00258
5.06559            -1.38041             1.58968
4.76028             6.16937            -8.44573
6.52002             -9.5203             6.92509
-5.83501             2.12407             4.07094
0.69198            -3.60035             10.8969
9.10779            -6.59972             3.68005
6.81333            -1.96975             11.1002
-0.775628             2.79482            -11.1873
4.36078            -9.37554             9.14339
5.99749            -5.02127             -10.805
8.87519             2.88408            -1.01915
-1.15533            -8.04817             7.58174
-7.19906            -10.2447             9.10263
-3.42277             -10.179             2.46156
11.0203             5.28391             -10.489
0.0164402            -7.73866             4.56143
7.18468            -8.40831           -0.482853
-3.97415            -3.12655             8.31176
-3.28784             3.41129            -2.27072
-7.40757            -10.6938            -2.95862
5.1358             7.60421             7.99553
10.0657             7.16199             4.30809
-10.201            -3.42999             7.18038
-0.592702            -5.43863             7.28265
3.54571            -7.43538            -7.13832
0.0853132            -8.52549             4.52702
0.821105            0.908772             3.88051
3.66151             5.90577             8.52814
4.33201             10.4109             12.6352
-8.40435             7.45558             2.30693
-1.80214            -1.84514             -3.9757
9.64289            -6.51722            -4.05109
-2.29273            -1.80772             10.3345
10.5796            -10.0804             9.26838
5.60506             7.11023             6.65133
-4.04524             9.24965            -2.02605
-1.72133             9.96451             -8.5419
6.34876              9.7735             4.52667
-0.462824             7.47993             3.38548
0.125382            -2.53452            -6.16054
9.90033            -4.65547              1.8773
-10.141             9.58895             1.58666
-2.92845             9.46186             -3.8514
8.09799              8.6273            -11.1085
8.39322            -5.46426            -0.59583
-3.30206             11.5417            -1.55215
2.09964             4.19898             8.52537
10.107             2.28822             10.7936
-3.21478             7.06583            -6.62423
4.0217            -9.58981             -7.1801
3.49633             2.39235             -11.565
-2.38188             6.09234            -7.88472
4.10512            -8.26277             5.30476
4.92015             4.73837              2.7955
-2.0306             2.51497             -10.431
-5.90191             4.27947            -1.33306
0.119657            -4.65544            -2.25759
-8.8996           -0.221066            -8.87974
-10.5801             10.2964             9.62699
-9.90294             8.33844            -7.11251
1.43694            -8.86367            -10.0975
-3.44139             3.06992            -5.12129
-3.28393             -8.4535            -8.29944
-0.634163             -6.0996              3.4481
-10.0601            -5.27132              9.4676
4.09905            -7.14011             5.42987
-5.00626             8.80543             9.52289
6.82642            -8.80265             3.76294
9.00006             1.68729             1.03337
5.28555             5.98265            -8.39886
-1.15048            -7.40358            0.508652
3.97092             10.2149            -9.86563
-7.19253            -5.63421             6.23968
10.4422            -3.36036             6.19478
0.486607              7.0196             2.62541
-4.69958            -7.54237             -7.1147
8.08602             4.57391             -8.9013
5.96667             5.43872             2.51617
10.1879             5.67303            -8.85148
-10.3602            -6.29834            -1.13994
7.99101            0.190704            -4.93016
5.93693             9.51892            -10.7537
-1.58906             6.04083            -5.89298
-2.66538            -0.41445           -0.426566
-0.450762            -10.8827             11.3778
-5.42685             8.24783             9.48573
-5.37297             8.93152             -9.7554
-7.05181             2.48308             1.22385
7.318            -4.23468             2.47186
-5.76089            -5.76452            0.824198
10.9221             3.23051            -7.28412
12.0174            -5.28363             4.89271
5.29212             2.08092             2.14304
-3.36155            -3.87239             9.39053
-6.67461             7.63225            -8.76684
6.93996           -0.556442             -5.9662
-0.269142             5.41791             6.25146
-5.11411             2.82256             -2.6786
-7.58188            -7.20132             4.48641
-5.03352             3.02991            -2.23345
8.57375            -10.1879             7.12499
4.62951            -9.68971            -2.48769
5.01989            0.156736            -1.89865
-9.86729             5.01248             9.93035
-0.418212             2.41767             3.96714
1.80338             10.9244             3.62053
-9.99995             3.01587            -8.97503
8.69849             9.18093            -10.4197
7.61438            -9.53485              5.8085
-4.80169            -4.87371             2.50593
-4.02482             10.8753              6.5145
-0.0563479            -3.02509           -0.591129
0.302138            -10.8691             1.06444
7.85159            -2.70222             9.66297
3.33294            -10.4184             3.70479
11.4412            -4.76398             2.69781
4.49729             5.48231            -8.57735
-0.508041             5.50831             4.64474
-8.87715            -10.1037            -12.0244
5.21918             2.50146             10.2855
-8.57214            -12.1846             5.86927
0.00997593            -6.40202            -7.69863
5.81435            -4.67245            0.532298
5.66112            -7.12231             3.31081
4.60152              11.876            -7.07503
6.64862            -1.40844             9.49458
-9.2057             1.29204            -4.28108
9.86123            -3.75589           0.0164257
-7.82135            -9.86995             -7.1279
-9.72667            -8.99655            -7.68497
10.0904             10.6019             -4.8979
-6.3052            -2.50693              2.7798
4.51699            -4.09537            -4.10759
4.92453            -1.55952            -5.36252
-8.09519            -9.75217             4.06947
5.39395             3.27812             6.13574
0.00122988            -4.44974            -3.35489
-1.75808            0.983512             1.13291
-1.84121             11.6544            -11.3962
-3.56643             3.67404            -1.55495
8.61037            -1.85205             6.18312
-0.438015             8.98342            -6.39663
-6.959              9.7752            -1.54355
5.78505            -4.56146            -2.47339
8.23254             6.33692            -6.50695
-6.19461            -1.43678             1.70858
-8.21091             3.42527            -6.19554
-1.50863             2.64898            -10.7783
1.30297            -4.02931            -9.04985
7.50468             2.72302           -0.422291
-9.06049             5.60887             -8.5136
-7.85729             5.88022             3.17249
10.6242             9.89168            -8.42268
-4.67087             8.22408             11.5044
-0.85547            -2.89353            0.258645
5.00519              5.3746            -10.1163
-0.452306            -2.65312             2.92547
1.91568             9.53577            -8.74871
10.34             2.39126             9.91621
0.588935            -2.15443            0.489017
-0.242458           -0.844213            -6.87928
-5.87279            -6.86371             4.31088
-8.14031             8.06081             3.23143
-0.741935             9.24426               1.552
1.9111            0.416804             3.64751
-10.6635            -10.7368            -10.8899
-4.19855             4.73158             4.08604
0.477543           -0.151841            -3.00015
-10.2399            0.216451             7.25418
11.3422            -5.64292             7.94725
5.95694             2.05241             2.83957
8.07335           -0.245931             2.10182
0.425278            0.364111            -1.20337
-7.24889            -7.04074             8.69806
-9.12674             10.8231            -2.00503
-0.817904             3.66909             11.4529
5.31863             8.54224           -0.657428
9.29142             6.37147            -8.25676
10.2759              9.2354            -7.32725
9.09441              8.7568            -10.0564
-9.34054             6.85676             11.2879
-2.75573            -4.93735            -7.39554
4.3352             -2.9229           -0.777846
1.39686             9.52814             -4.5423
-8.09441            -1.82933             4.32097
-7.12533             9.42745              5.3088
7.32171            -2.51135             7.52855
-9.05722            -3.68694               -10.7
-1.34907              4.9049             7.75024
-4.34421            0.938698             8.52962
3.25906            -5.76359             -1.2707
0.451221            -0.90018             9.81943
-6.59112             9.47201            -5.12526
-3.90581             5.10688             2.86838
-6.92581            -7.76738             2.52573
-9.9965            0.228167             10.5602
3.23263            -2.14711             11.2133
7.81169             6.50102             1.70049
9.67376           -0.871013           -0.865713
-4.95698             6.31431            -7.16041
-4.69547            0.521366             4.95015
-7.58015             2.45773            -0.35996
-7.97479            -5.44425            -1.97733
-1.32008            -11.5396             5.22137
-1.38219           -0.882522            -2.25408
0.764417              -6.686            -9.42921
2.64364             5.11888             6.91666
3.7046            -4.04037             4.42473
3.12486             9.20186            -3.63539
10.2734            -1.99261             2.71416
-1.17412            -2.99372              6.2057
-6.3885             5.81354             -4.3513
2.50996            -8.20296            -3.70738
-7.87882             5.78834           -0.811727
6.0179             5.59386             1.83486
7.23262             8.74832             5.94579
10.5736            -4.37499            -8.11657
-1.03902            -7.04579             1.16057
-0.963012            -8.27857            -10.4132
-7.5145             -4.8463            -2.44362
8.99487             11.2434            -10.5341
5.22496            -8.72855            -5.09096
-3.68524             9.02374            -4.93705
8.87165             1.12835             4.72323
4.02324            -1.94208            -2.82775
-7.94975            -4.03216            -7.20552
7.03389             -10.518            -8.60698
-5.68603            -7.47562            -5.64916
7.96451            0.891234             9.51069
0.170632             6.61246             4.94028
10.8744            -3.50752            -3.60057
0.716864            -2.83078             -1.0341
2.49282             11.6203             6.83125
-0.965033            -7.09751            -4.25136
10.4406             7.57001              5.9875
2.74208            -4.39887            -2.07551
10.4928             8.30472             6.54772
-7.43014             3.12333            -2.50492
-6.40642             2.19316             10.7009
2.83227             5.41093            0.193439
8.24789            -10.7445             -1.2709
10.9485            -6.24013              6.5886
-3.02666             -4.4556             1.40862
-3.50554           -0.475919             10.0605
-3.52088            -11.9685            -8.84404
7.33028             9.88596            -3.11951
7.12875              8.7841             9.68049
-4.95535             6.44352             0.97314
-2.43917            -4.11094             8.71539
1.28323             5.34718            -2.69188
-0.0738336              4.8278           -0.970064
6.50315             2.16487             9.65792
8.70826             8.20833            -7.57722
-0.952406             5.78311            -7.09172
7.93324             4.99303            -6.30633
4.42196             9.74877            -8.21362
8.07623             8.83718              8.9191
8.77305            -1.45478             5.33404
8.92716             -6.4273            -12.2015
7.18557             6.28303            -11.6196
7.90605             7.20521              1.5043
-3.09735            -5.75613             11.5935
-3.74161             10.3353            -11.0468
-1.09914            -4.33243            -5.26225
-1.47186             5.83752            0.443009
-1.12792             6.35147             -1.6418
11.8016             7.38732            -9.22751
8.97455            -9.51869            -2.91078
-1.08089             -1.8428            -10.5816
-8.89217           -0.479131            -7.67242
8.28274             2.03077             7.05749
11.0228            -3.94473            -3.30236
-8.80941            -5.46392             3.58033
-2.86673             3.96016             10.4951
-5.79265             3.71555             7.52645
-3.8222            -6.82625             -2.3761
-7.58558             7.65266            -10.5987
-7.68659             3.41642             -9.0821
-3.88386             11.3596             6.96537
-9.31001            -6.68511            -5.69434
1.54425             3.85034             4.69015
-4.10929             6.81148            -7.96324
-8.88488             0.25094            -5.99969
3.99636             7.32271             6.92659
9.39975            -8.04232            -3.15214
8.65458             9.36145            -7.34888
-10.9953             0.66465            -2.39873
3.70816            -7.25382            -5.00957
-2.58158              2.9025             3.13561
-2.7642           -0.808129             5.11401
-10.6873              10.126             6.11003
-10.0765             8.61548            -8.45386
-10.8998            -1.88821             9.14658
9.21413             8.50255             10.9449
7.93522             8.43201             10.8285
-3.56382             10.6667            -6.51505
-8.53278             1.25516             9.36766
9.38156             1.73701            -4.82998
9.45431             7.45837             -9.1003
6.63379            -1.80948            -10.4468
5.96875            -7.81114             4.01371
10.1435            -3.85466            -8.21107
-2.96455            -1.05628            -1.45269
2.73516             -8.5163             0.75234
3.47093            -4.48102            -7.34409
-7.53638            -5.96621             1.21713
1.84741             1.35706             1.02319
4.1181             1.40008             1.94926
-3.31419             1.11436             1.41103
-9.00312             11.1504            -3.43135
-9.42964              11.388             4.87966
11.6133             6.05463             -11.392
8.67225              1.6533             11.0867
7.19513             2.97374             8.35031
7.75267              6.4512            -1.94337
5.48308            -3.67089            -9.51582
2.20956             10.6936             3.76425
6.00013             10.0407            -1.71408
-1.19708           -0.696228             10.0205
-4.14279            -4.56705             3.00752
-1.51679             4.83951             1.94439
-6.20328            -9.10799            -8.53731
4.60501            -3.33185            -6.47472
6.44857            -8.31188            -9.76278
-0.585933             0.92033             7.41536
-2.50694             1.22229            -4.76434
-5.92214             8.72398            -2.22358
7.98109             8.23262            -8.81017
-11.1917             3.53946            -3.94662
9.27817            -3.05493            -5.94493
-0.721832            -8.65554            -2.94818
-0.935173             6.90043            -6.14233
-1.06176            -4.20626            -1.25309
-8.78379            -6.28549            -8.12297
-3.19947             6.00683             8.22012
6.13488             1.53323            -10.7138
-2.48974             10.4784             6.56668
8.80306             8.21551             -2.5003
-8.46551            0.725339            -7.30615
-8.68088              6.3917             8.33557
10.8764            -2.32724              6.5817
6.73267             9.23876             3.19475
-9.45181             9.09579             7.97807
-0.146808             2.46857             10.7403
-7.10228            -1.62281            -1.88539
7.39916              8.6219             8.12971
7.13207             11.6914               4.558
5.1478            -9.48875             5.54638
9.98915             -1.3113             1.28412
4.54247             -3.9097             2.36744
-9.06703             4.08095            -5.61574
-2.06287             -9.4579             5.70746
-8.37988             2.90519            -6.65242
-6.84074            -9.39297             2.44393
-4.5476             7.37143             0.51848
-1.54051             4.10456            -5.57252
7.23603            -7.62697             2.74555
-6.55477             11.3506             4.99646
-3.83785             1.23167            -7.39127
0.806717            -7.13972            -10.0571
-6.15117             4.10053             5.17546
-2.27613             3.16073             4.16378
10.1635              5.8577             11.5959
7.231            -4.17909            -9.96764
-10.0099             5.75526            -10.9799
0.41828            -4.05188           -0.477146
10.5634             3.61764             1.08274
-8.21944            -4.23046             3.03072
-5.70205             8.09406            -10.1585
3.908            -10.1782             6.86215
-4.23223            -4.72443            -1.72213
-7.21255             4.89234             4.77763
-8.31699             3.14358             4.02978
-6.94104             1.72232            0.557318
-2.45141              10.527            -4.11331
0.994852          -0.0956312             7.31742
6.23373             4.22265            -6.51317
7.06216            -5.96102            -8.49956
-3.89395            -7.06851             5.49123
-10.6607            -3.49736            -7.84811
-5.77681             -2.9486             9.12631
-5.02286            -4.31119             6.17116
-4.05057             8.18774             9.21947
-2.34265            -6.83549             2.23149
-10.4246            -5.56543             3.12431
-4.61501             7.38296            -9.39441
3.33496            -5.11386             2.21252
8.91329            -3.53591             3.29274
4.29184             -4.1363             1.84412
-6.41915            -11.1451            -6.48803
7.99228             3.06566            -4.84968
1.61507             4.21942            -5.46858
-3.01297             4.38151            -4.90717
-1.08406            -9.16921             1.55203
-9.06698            -4.87718            -6.97708
-5.37512            -3.04891             -0.9541
-4.88957            -7.15976            -7.81625
-1.62817             9.63463            -9.08595
-1.09828             5.41832             6.27499
-4.65754            -8.24318            -10.3382
1.66037            -9.80657            -4.09571
-8.36137             7.96113             6.46762
-1.96109             2.21619              2.2498
5.12052             2.29292            -2.86292
-5.00434            -9.53368            0.147069
-9.43851             9.02454             3.57551
-8.14            -7.21554            0.276232
9.99681            -4.97199             3.30396
-8.03306             1.21456           -0.498494
9.12293             5.29847            -5.77083
5.30629              9.8269             9.96457
-10.8336             1.65225            -6.16035
-4.99461            -8.58395             2.62367
1.02999            -9.89419             10.6145
5.73731             2.64628            -6.04483
8.75566             10.2435            -3.08465
-8.32445            -5.86384             9.43004
1.73653          -0.0446242             4.76182
-8.72266             9.69001             2.10759
-7.82181            -1.95713            0.626743
-1.26166             10.0832              2.7737
-5.30664             8.87071            -10.8553
10.168            -7.22742            -8.36776
5.50376            -7.79923             3.10854
0.664137             -7.9231            -3.20481
10.7315             4.81098             1.95472
3.58978            -4.81217             1.03773
1.46719             2.41102             5.70216
0.212968            -8.69363             7.33379
9.45482            -11.7729            -3.07767
-0.927568             4.15539             10.1747
-6.45797             8.03674             5.85468
10.4714            -10.7407            -0.29868
-10.255            -4.49888             1.18608
10.0339             9.51084            -8.54047
0.646163             1.88131            -9.59686
1.95305          -0.0476395              2.9305
2.41693            -3.08987            -9.73494
3.82284              5.7489             -8.4942
-3.10445              2.3583             4.37392
6.17174            -6.74455             5.03342
5.00199            -8.05885            -4.57207
-2.71227             2.30697            -6.29975
7.59301            -9.22914             6.88479
-9.17059            -1.31668             -4.8063
-8.59799              4.9103            -7.63244
-2.17115             2.06885            -5.48543
3.27929            0.996352            -10.0985
-9.55664            -3.43941            -8.35482
11.3261             7.24951            -2.35727
-5.83137             7.94511             3.88345
11.322             2.69141            -9.99857
-3.58081            -8.51334              3.6287
-5.91104            -1.18253             -1.2137
-6.55699             9.57655           -0.876697
7.58179             3.00862              -9.929
11.0618            -4.12864            -8.18016
-9.51133             11.6123             10.5864
-3.97417             10.4536            -3.68886
-8.51211            -6.58622            -11.7011
6.97192             8.28102             2.79685
5.1313             1.18143             -2.9048
8.35284             -8.9995             5.41177
-11.6824            -8.99538            -2.60864
0.238828            -9.00402            -9.88934
-3.68214            -6.26199             1.08604
-8.49941              4.4864            -2.01192
-8.43688             9.31839            -11.2828
-7.58129            -5.84653             2.79174
-6.45192            -6.70649              -10.52
-3.33711            0.737088              1.9004
-1.60381             3.19899            -1.14702
3.99628            -7.21093            -6.91241
-12.3754             1.15473            0.720667
8.95021             3.93401             4.16346
4.9978            -6.03243             3.67224
-1.46877            0.935108            -3.01009
-0.771148            -1.77361             7.45253
-8.81276           -0.794674             5.60763
-8.54931              7.4902             5.85013
9.93181             0.39958            -6.09836
3.56374            0.699656            -3.33587
-8.93267             6.52136             8.31147
6.71367             6.84221             11.8682
0.500935             4.85666            -4.77967
1.47847             9.60227             7.17861
-8.84188            -8.58281            -3.09039
-1.59183            -10.9391            -10.3391
-8.07697             1.81637            -7.69005
7.58878             10.7031             4.64335
-4.43312             4.75408            -2.20328
-3.66027             7.57726             5.71342
2.06209            -2.76303            -2.75726
7.15212            -10.4037             11.5027
10.1193            -8.86336            -2.31668
-10.0569             5.98398             10.5242
-6.43005            -8.08923            -10.6079
4.13471             2.11347             8.25316
-3.68459             8.22211              8.6101
4.07946            -3.37989            -3.73861
-3.71611             10.1966           0.0116423
5.1681           0.0762801            -8.61689
-6.76485            -4.69701            -3.04399
9.17979             3.26538            -7.14469
-8.64773            -3.38273             8.91706
3.59915            -4.84748             8.10719
-10.1645             1.92733             4.62667
-0.692999             11.0607            -5.74572
-3.05714             9.16804            -3.20619
8.96487            -1.79852            -8.87097
9.35785             2.43937             6.18955
5.27649             7.51451            -5.01499
3.95707            -8.48431             4.01055
9.22457            -2.58059            -9.91296
10.9966             5.76111             8.63529
-2.6417             2.02898             10.3949
-10.0168            -2.67468             9.04006
-8.32759            -5.53515            -12.2656
-7.77706             1.38973            -10.5304
-1.69561             11.0068             8.99856
-1.5569            -1.56705           -0.635525
-10.2008            -3.37095            -7.57936
-7.19525            -8.98157              6.3109
9.20671              6.4294            -9.16504
-8.11969            -7.77225             6.23917
9.99657          -0.0753071            0.292455
8.6742             6.02831             3.89226
8.85816             8.59599             3.23954
6.91217             4.66893            -5.83372
-9.09512            -4.28216            -3.95885
-7.78086             -5.3232            -8.40564
5.83009            -9.09971             10.7601
-11.1153            -6.85137              6.9059
11.2085            -9.77146             1.15952
-8.08891            -6.17343            -9.84873
-2.88025             7.39641            -2.23384
11.1226             2.81137            -1.42116
1.12917             10.6615             7.59806
-4.36232             8.98431             2.69786
8.34793            -11.5343             -10.289
-2.13525             7.95258            -5.92168
1.659             8.79796             9.99692
2.15834            -4.30196             4.27661
4.56518            -4.40598             1.30341
8.58064             2.93729            -10.2767
-3.00446            -4.41674             8.55937
-0.316468             -4.6059             9.40381
11.7567            -5.02134            -11.0905
-10.1689            -4.93153            -9.39351
-4.5366            -10.0175            -7.10788
-10.3255             3.99131            -5.22894
-0.439645            -9.74175              1.5479
7.06443             11.7055             8.73785
-10.3667            -7.08309           -0.509707
2.10119             8.57813            -5.26582
0.717125             1.46493             9.32732
-5.52543            -9.41229             9.54459
0.706938            0.483491             4.21128
9.39787            -2.20592             10.2441
7.72901             3.17695             5.93865
1.74952            -1.71338            -4.39524
6.89414           -0.387343            -2.06075
-8.08826            -7.82092            -4.67449
0.90106           -0.752067            -9.91946
-8.03701             -4.6691             6.21531
-10.4266            -5.23224             -11.014
-0.310858             6.63326            -10.7187
-5.04844             5.20359             6.02051
11.1303             4.76955             3.50176
4.9638             -5.1899            -10.5875
-5.8745            -3.43066           0.0439726
-11.3489            0.782037             9.75483
4.98123            -9.71038             6.98505
9.93091            -9.80985             7.08117
-0.980724             4.19541             1.60692
4.93112            0.498706            -1.45739
8.82665             7.08021            -8.12899
6.2648             11.1086           -0.217059
-8.13651             6.97389            -0.42117
-3.72453            0.906861            -2.92429
5.91541             1.00475             3.85176
-8.41043            -9.58105             8.56242
3.71414            -5.09225             9.40862
-8.60189             6.46075              9.1023
11.205            -3.03696             1.27791
-2.07694            -6.87444             10.1124
10.9034             2.74377             6.70635
-1.46032             9.18928             7.43676
3.63555            -5.69739            -3.90832
-0.185242              9.0602            -6.49994
9.32199             2.81256             -3.9155
-11.2626            -9.39753             -3.5221
6.71718            -1.45311             4.28365
-5.86898            -3.38307            -4.86089
10.2365            -1.78621            -2.20097
8.87103            -7.79027             4.64612
7.50214             4.90138            -2.12454
10.8862             11.6253             10.7075
0.14705            -11.1961             4.46508
0.809515            -7.71864           -0.648795
-8.61441            -2.25817             9.21627
5.21082            -1.84331             9.99866
6.32628           -0.568059             9.26208
-8.18372             3.35728            -6.00207
0.665996             3.41757            -4.80014
-2.69404              2.3703             7.51475
8.93687            -4.69216            -6.58339
4.1862             7.24958            -5.00489
-4.37925             3.07801            -8.50096
-7.72873             2.94797             5.33316
4.69979             3.33728            -1.86786
-9.49977           -0.448481              1.5636
-1.86202             6.02476             3.63186
-9.35777             4.69501             9.58565
-10.2479            -12.6046             9.51497
-6.4082            0.765295           -0.125279
-1.21764             10.7979             2.54778
5.55962            -3.81364             5.18912
-2.3072            -5.51161            -5.57801
1.55604             3.90481             7.23012
-10.5793            -8.94989              2.1222
10.6608            -9.97495            -2.91719
10.8946             2.86747             8.45114
2.99439              11.297             3.66911
10.0764             9.09472            -7.67241
8.78534            -3.95852             10.2185
-8.96512             3.82346             4.92811
1.67676             -8.1397            -1.88127
-4.35073            -11.2595             9.48645
-9.16483            -9.97555            -8.72125
5.69192            0.884311             -4.6907
2.80275            -2.76792             7.77723
-2.48701             5.20572             3.94626
-4.32686              11.574            -6.12911
7.13932              5.7007            -7.15009
6.9976            0.653608             10.6008
0.810377             3.10164             2.15498
-0.0289477              4.6025             5.38479
8.4735            -4.37911             9.88249
-0.550395             3.04153             8.02067
9.3244            0.171072           -0.412211
0.156755             4.20005            -10.0129
-7.36127             5.53205             1.88127
2.23163             5.54693            0.535525
4.7456             4.05359            -4.25572
-1.83585             1.17184            -7.95583
-2.37811            -4.90282             0.76814
5.11343              -10.25            -6.77471
-5.43927            -10.8781             6.66229
8.52557            -5.73393            -1.47685
9.97126           -0.375265            -8.36874
5.12993            -5.82491             2.01926
9.19813            0.331278             3.88098
-10.5776            -1.80591             7.50146
-5.33293            -10.4109            -3.95853
10.807             7.77043            -8.56575
-5.77243            -10.9363             9.71858
-7.05408             7.84235            -9.85703
7.7564             2.12731            -9.34998
-6.78922             10.0998             7.00023
-2.96688           -0.587276            -7.79812
-11.1153            -6.58475            -1.30987
-3.37351              8.4203            -9.67323
-2.88856              2.5699             3.97422
9.42509             1.60718           -0.772733
10.1605            -2.12428             6.19528
-8.24586            -4.18226             5.60813
3.73162            -9.85236            -11.3689
2.64534            -1.65956             -9.9505
-4.29622              1.6827             5.79713
7.28454            -8.72735             10.4208
-10.0254            -1.57801          -0.0599918
-4.54588            -4.67388             3.22365
10.1353            -1.54845            -9.97424
-3.89612              2.8523             10.0231
-8.25907            -1.80062             11.6145
-5.83036             7.63271            -9.26302
8.77106           -0.974125            -6.83033
8.24127            -7.66523             2.92122
-2.14832             5.26282            0.779709
-8.9651            -1.29668            -5.13479
0.396531             9.93218               8.158
-7.15373            -10.8535            -6.57586
1.54299             8.05156             11.4831
-7.23997             11.5758            -5.33904
6.58187             2.07163             5.00543
-10.9325             2.56487            -6.07996
-7.10759             10.2066             4.83607
-4.49325             -8.3116            -7.48733
-8.57465               -4.85             -8.2488
-4.87291            -6.72686             6.06918
5.81424            -5.55069            -5.48799
3.67147             1.24422             2.62936
3.65201             4.67004             3.66963
-11.1639            -7.45617             11.3176
11.4606            -1.97738            -1.80684
-5.47206             1.28486            -9.09292
3.18765            -10.1734             10.0255
-8.54541             -3.8867             6.99395
-11.0397            -7.15347            0.699044
8.96634             3.93146             1.97998
5.73394            -4.29779             2.10049
0.306879             1.16484             1.79155
-8.43996            -8.44634            -10.7616
3.00263             9.33322             2.86574
-5.69452             4.05352            -8.44654
-6.65642             9.53406            -6.00085
7.52959             7.06446            -3.69375
1.1812            -2.22996            -9.68934
2.90264             2.64367             -2.8907
-7.16037              6.2405             5.27553
5.82147             9.03719             6.67695
-6.34704            -6.51192            -10.1877
-5.35456             5.93585            -6.66455
8.6531           -0.696307             2.45587
-6.20476            -5.06307             6.24943
-4.741             2.79341             1.44473
-2.96661             1.00401            -8.96018
3.2319             2.85722              7.4323
1.08895            -5.21493             7.45256
-0.627072            -9.95222           -0.850136
-5.20348            -12.1411             6.34988
-9.5229             1.77454             1.36354
2.11191             8.05051             8.50395
4.40078             9.03723             -12.067
-11.2753            -10.9167            -8.52172
9.94677             7.73028             5.14478
-6.4517            -2.88977            -4.15411
-3.38256             -2.0596             3.65025
-6.55607             2.81068             2.44433
7.37482             5.05077             9.00995
3.74637             4.58995           -0.353552
-6.28744              1.0683            -9.32634
8.4399           -0.743821             6.49372
10.0089            -9.84659            -1.87283
-11.3497              3.6567            -9.95665
-6.19657             5.93101             6.71766
0.393682            0.238525            -2.73968
-10.7262           -0.933027             8.29222
-2.63905            -1.62509            -7.15575
-5.49599             6.96548             3.07148
-4.90782             6.26414            -8.25364
10.6832             10.9465             2.82162
1.93571            0.663424           -0.423411
-8.72037            -6.52652            -11.0667
4.53647            -4.91159            -4.27056
10.214             2.53041            -7.15171
0.773705             2.46919             2.30949
7.26149            -1.09115            -5.10448
8.34051              7.2313            -9.20669
8.07267            0.954915            -10.8078
-10.5274             11.8998             9.79793
9.38051            -5.84685              4.8429
-7.29397             10.2867             10.6986
-6.58233             8.46625             2.10682
7.71645             -8.4677            -6.20761
9.91843             3.35975            -4.54578
-8.95846             6.61476            -10.9713
1.30136            -2.46948             -10.698
-7.65056             1.89527             6.30063
-6.27545             8.19263           -0.469113
-7.71539             3.92468            -1.40831
3.01157             9.91079            -6.47298
3.94785            -8.41682             2.09151
7.74268            -3.86248             3.73502
5.75256            -8.41724             9.71551
-8.45466              10.982             -4.7007
-10.208             7.04368             4.60861
0.187485             1.14126            -1.48696
0.829179            -3.17291            -6.30041
10.1652             2.06454            -1.32923
8.31311            -10.5671            -4.63102
-6.38074             5.69908            0.691105
11.3117             1.35103            -7.06979
3.20983             3.44316             8.14242
-5.62293            -10.6214            0.348872
-7.01688            0.422956            0.730174
-4.22257             6.02626            -1.67312
-6.70858            -2.87895             -2.1863
-1.0263             5.66143               4.252
6.15872           -0.239498             -6.7464
-0.475811             7.05335             8.03335
-6.73288             2.60477           -0.148356
-10.6195             6.65974             6.87913
-8.99289           -0.470435             5.38437
4.75886            -2.81944            -4.99354
-9.60641           -0.568786            -1.37355
-1.24194             9.82942            -9.93141
-0.0535913           -0.275721            -7.43876
2.62533             10.5482             9.83694
7.2961            -2.95694             1.84896
4.85486             7.10398             2.85169
7.69072             9.95703             7.01976
6.85604             8.53098             4.17931
-6.53269             -8.7245             9.52584
-5.11171            -2.42558            -3.99614
-1.94285             5.50099            -1.84423
-0.507114             6.98072             2.19902
2.20847             3.84032             9.91319
-5.68055            -6.33968             7.93996
5.41878            -4.34635             1.63903
6.69281             9.48777           -0.326945
-8.09747             4.29444           0.0370893
1.25128             7.71299            -7.01141
-5.65073             5.57416             6.38564
11.975              8.4186            -6.82913
4.9382            -10.1851             8.24923
5.96737            -10.5516             8.05761
-4.72943            -1.92931             10.3655
-0.284194            -6.96335            -4.42394
-0.661861             3.56513             -11.927
7.49203             3.07555             11.3374
-4.31514            -10.8668            -3.82843
-0.102346           -0.795347            -5.10837
9.71657             1.48104          -0.0675282
-3.40601            -6.59059             5.47375
7.6281            -2.25176            -9.99226
5.08988             3.79046             2.35348
-9.44384             5.77717             9.28859
7.07374            0.528554             -4.9334
4.36315            -1.02235             4.97959
-4.55925            -5.36001            -6.56925
11.2478             5.25691             5.24151
-2.82682            -1.17834            0.162689
7.70048            -5.87109            -7.18723
-6.76941            -3.96478            -1.19411
2.98405            -5.62124            -0.73143
6.02397            -8.09764             9.66534
-0.67662             10.2176             7.18737
6.60774             4.74109             -4.2605
7.71374            -10.9828            -10.4515
3.66871            -5.12363            -8.59939
1.05759            -7.99976             1.15225
10.7529             10.5723             -8.7265
1.50335             1.55085            -2.78225
-3.11089             4.49338           -0.482553
-3.16438            -7.66026           -0.256414
4.31701              8.5281             2.55609
-5.61928            -2.98457             3.87235
-2.11068            -4.99639             8.35265
4.06932            0.119211             6.69144
-3.9358             2.70201            -10.1445
3.50724            -7.22995             2.33121
10.1506            -1.46815            -9.14064
-6.15204              4.9509             4.23826
10.3706            -8.33779             10.5274
-4.47888            -3.42042             -9.2826
-6.23628            -9.44302             7.30588
-7.18355             6.83531             -11.308
-3.02421             5.96225            0.974305
-5.27751             3.37177             7.44385
11.6273            -3.38812             5.38302
-0.271672             8.70037             -8.0663
9.86101             10.2152             2.79889
-11.3808            -3.37456            -1.72932
9.6424             6.43177           -0.462618
10.1353               6.208              4.7027
-0.349274            -6.46554             9.17974
-8.74828            -9.93087             4.67647
8.787             8.12958            -2.87467
6.51285            -9.16083             4.99732
3.89799              2.2927            -5.44196
0.514413            -1.75973             7.09151
4.79912            -6.16136             9.43559
4.34206            -10.2752            -10.1297
-2.39734             6.69525            -9.85654
-5.51796            -2.72873            -3.74195
10.4087            -4.16396            -10.9319
-1.75243            -9.76118            -6.57584
8.20796             9.90139            0.607861
-9.91764             8.99184            -3.01067
10.3983             3.14085            -8.47424
-9.06018            -3.75621             -1.8176
9.77285               9.383           -0.358025
-7.97208             7.49327            -1.34958
5.49032             6.52837             -11.054
-5.30937            -11.3945            -10.1231
2.14818            -10.6625             9.90535
-4.06989           0.0453482            -3.37236
7.68328            -8.39371             7.35649
-2.66713            -6.15932             1.17682
-1.1687            -1.42037            0.616255
-4.44384            -8.00424             2.36223
9.73739             2.84752            -9.29625
7.6538             -9.8667            -7.82742
-2.12203             6.41775             9.29346
2.89118            -5.66429             3.82979
5.96888            -3.64144             0.94294
5.48847            -7.46757             3.97996
6.64757            -11.3408             -8.4354
-5.08136             5.79857             4.49432
9.1259            -10.3867            -1.86774
-1.16531             1.42302              9.0652
6.66727             10.0584            -11.1125
1.67875             4.47518            -4.93966
7.15045           -0.636943             10.5626
-6.76601            -9.48732            -7.44943
10.6367             7.31629            -2.91432
5.83839             4.81208            -12.3908
-1.19019            -9.79964            -6.35883
-5.09517             7.05881           -0.460272
6.66151             4.94434             3.20002
-11.2625             8.95621             10.9428
-10.4318             8.62447             9.81034
2.79657            -7.97745             3.30683
-3.59924            -11.2469             7.67557
-1.41005             11.6471            -1.19995
-6.08318            -1.97955            -5.14783
7.82217            -1.77226             2.78158
-10.994            -4.24108            -4.83349
-8.65517            -10.2713             6.53183
-6.26891             1.25808            -2.30523
9.12471             3.71209             1.53033
8.50583            -3.32524             4.89587
10.2174            -9.36015             4.05241
-2.53771             1.68061            -4.35195
4.76678             4.27367            -8.24612
2.08995             2.54205             12.4961
5.66225             1.90715            -2.86718
-1.99576            -11.5291            -8.78285
-3.09904             5.87807            -10.8755
9.24193             8.25988             1.04901
-4.64436             -2.6224            -5.05793
10.9314            -9.45489            -2.37743
-5.25788            0.577719            -10.3125
6.25381             6.82653             9.03785
1.89217             2.50158             4.34422
11.2214             8.04024             7.02271
-7.13743             2.33985             8.11729
9.79462             5.70474              9.2307
4.98529             5.05064            -11.3301
3.22942             7.54548            -3.91673
0.896544             8.76683             1.20988
-1.70153            -8.98877            -3.49614
-10.9183             11.1041             10.9164
-4.61317             2.41177             9.64847
10.0868            -7.59864            -8.92032
6.35787             4.33675             -7.1545
-6.2193             1.53392            -5.83177
-7.48965             6.25443            -9.58203
7.49942            -1.03928            -4.07754
-3.46653            -1.41889             7.99729
-1.287              2.3044            -9.93297
-6.53837            -8.98675            -2.23043
10.7118            -3.96139             10.9938
7.61166            -7.09036            0.622118
8.05433            -11.4606             9.35765
5.82017           -0.624924           -0.747934
2.24155            -2.08845             8.01207
8.35593             8.06858            -5.50333
0.529455            -2.44499             6.08116
8.25264            -9.86551           -0.843793
-2.15222             12.0194            -3.18987
8.05453              2.8279            -7.47299
1.67605              1.7046             2.07887
-2.50951             4.53503            -8.68111
0.16176             1.71331             4.46062
-8.97183            -4.10457             5.91646
-7.80361              5.2245            -11.2415
-1.73072             1.06086            0.964811
-5.54829            -11.6658             8.59372
-6.83713             4.27057              4.6009
-0.543275            -6.33495             8.48751
2.11015             0.17117            -10.4534
4.95577            -9.70425            -2.15966
6.07439            -11.2149             4.16216
11.2895             4.01907             8.77063
2.8207             1.67038              2.0207
1.22517            0.490561            -8.97248
2.23055            -8.96822             7.27225
9.98156            -3.16696            -7.43246
7.45728              5.2272             5.35572
-6.75651             1.98336             9.87519
9.19339             4.75667            -4.78614
7.67192            -3.68817            -10.3827
-1.5044           -0.362108            -4.92126
3.5297             9.43677             10.5768
-10.2556             -5.3028             3.42388
4.00826            -1.56817            -1.89108
2.96121             2.40107             1.03954
-0.106461             -1.2766             6.58704
-0.395888            -6.24851           -0.473333
11.2778             8.53036             0.30022
-4.85438             6.66636             9.30409
-9.22973            -4.26073            -7.39743
2.62354            -10.6607            -7.54661
5.70046             6.28618            -9.79584
9.8618             5.65301             1.41841
1.07904             4.38865           -0.192408
11.2802             2.74558             5.81396
3.31583            -9.48391             4.73973
-6.45354             8.59771            -8.02439
-2.25061             7.16793            -8.86696
3.38235               2.436             9.43562
-0.963124            -10.3123              5.3585
1.16873             1.13697            -9.39916
-10.1245            0.385237            -4.74222
-6.07053            0.189547             4.38796
5.78236               6.505             1.51301
6.0271             8.63688            -10.6432
3.75694            -3.49046             5.26715
8.0425            -8.78741             6.33833
-4.86308             2.47349            -9.34319
-1.13531             1.03997            -0.90766
2.76952             7.54473             -2.2142
6.32429             2.75809             11.6285
-8.99581            -5.97304            -2.07647
-8.35268             6.67134            -2.17094
-2.47411             5.83104            -7.69389
3.21355             5.01414            -6.92008
-9.35909             6.90164            -4.30849
-11.686            -0.98361             8.90517
-10.135            -6.09923            -9.54789
2.87036             6.55816            -2.10985
1.55676             -4.7229            -7.15491
-5.26537            -2.20106             4.85122
7.77945            -1.21165             6.72208
-7.00815            -2.86235            -1.20933
-9.49886             8.59857             9.81006
8.86835            -5.46655            -3.38443
10.7947            -7.11143            -1.57314
7.83692             3.08356             3.09643
-6.8088            -4.25702            -2.67493
6.82522            -8.49595             5.42293
-10.5314             5.26529            -8.74212
-8.79907            -4.64049            -4.29295
-5.9725             1.13887             6.00584
5.09123             7.15171            -1.12609
-4.7484            -9.89146              8.0808
-0.907323             4.02633              5.2793
-2.30587            -9.23084             -5.0515
10.7162          -0.0747797              9.7786
0.919698            -7.38199             -8.2339
-1.06873           -0.408388             7.05931
-9.04183              5.4256            -7.98455
-3.45783            -6.63942             5.68653
2.82797            -5.47549             11.1605
-5.35898             8.43794            -10.3117
4.47246            -5.75751             4.67321
-8.84532           -0.363953            -8.65119
-4.68036            -7.32862              11.204
1.68741            -9.19809            -4.04885
-7.82888            -3.63135           -0.182975
-10.7409             3.63122            -5.72526
11.6904             2.48044             11.2849
-0.217168             6.14262            -2.31232
0.580711             -6.6901             3.65203
-11.4968             6.52662            -10.3017
-0.168366             4.63628             8.28175
1.281            -9.35482            -5.10641
2.89067           -0.935705              8.7226
2.90497             5.83531            -9.76022
10.5799             3.76037           -0.957274
-0.787122             7.94531            -9.51621
2.95845             4.45056             7.88077
0.690454             12.0533               -6.32
-6.08718            -2.21305             4.19839
6.20267            0.617163            -9.08257
-8.02427             2.75632             2.16761
6.86744            -5.29058            -9.32982
9.3115              6.2463            -10.0315
-9.43919            -3.98168              4.9085
-3.26801             -8.5008            -8.73106
-3.75554            -9.70392             4.90503
-11.1141            -4.73495             5.12341
12.5632            -5.17442             6.65699
-3.73392            -9.01793            -4.80868
-8.43825            -5.76822             7.56019
0.777946            -7.66148            -11.2996
1.30179             1.91056             3.19434
-2.5619             1.54452              3.6301
-4.87655            -7.66611             6.67959
6.49224             11.0794            -11.0106
-6.62625             2.56965             7.61929
-5.76698            -10.5457             1.73854
-4.12694            -1.15158            0.622178
2.51852             5.98127           -0.432127
4.91139            -2.28661             7.89102
4.76072             10.2629            -8.79806
6.69763             3.94384           -0.697417
7.15205            -7.37555            -2.96205
-3.55222            -9.36327            -6.14074
9.0668             6.62098            -5.16211
-8.84752             5.16973             3.68366
-4.79121            -7.31829            -5.26971
-0.213765            -11.4556             9.11574
3.96719            -1.51153             5.76038
9.64132             2.25144             1.11534
-7.16078           -0.879621            -5.22764
9.23271              8.2003             2.38664
10.0996            -6.21921            -9.77827
-6.19843             8.20679            -2.15209
0.0726765             3.40982             4.78536
-7.99466             3.81903             1.97017
-0.00569257             -2.3349             3.53233
-1.00296             7.38395             6.88016
-2.60588             9.24622             8.26885
7.13864            -6.94758             8.20522
7.89558            -1.90978              7.5293
-8.80618             11.7646             7.65537
-3.4497             1.65037             1.38632
7.99927            -6.29231             2.13011
7.92839            -3.19483             7.21073
-6.87223             7.64268             3.01353
3.01255             3.68263          -0.0513448
-4.47105           0.0126461            -6.07666
-2.9758            -6.17346             6.10541
4.74963              7.5616            0.722892
9.93292             9.26067             10.3043
-9.77385            -3.98616             8.72244
2.57874            -2.45206            -4.20884
7.75667            -9.77394            -2.58352
9.9466            -10.6141            -6.54411
-10.1648             3.27346            -10.5215
9.76626             8.76275            -4.46444
-2.01562            -3.35781            -6.31223
7.79916             7.11433             4.27989
2.9684             9.97918             10.7767
6.03988             3.82152             8.77994
8.52278            0.826979            -11.5288
-9.80982             5.21906            -10.9804
-3.94561            -4.51056             5.08467
2.40949            -8.17594             7.46734
9.36965            -1.16086            -5.30568
-8.04002             1.94897             10.3737
8.65582               4.305             -4.6067
10.8322            -3.35992              3.2918
-2.45896            -10.2111            -4.97008
7.36529             9.68967            0.903922
-3.91454            -9.06782            -6.33374
8.1562             2.41903             10.1279
-5.22553             9.54871             9.62523
-8.9082             8.26701             3.24661
-9.79814             4.04311            -10.2837
3.72656           -0.798271            -10.6304
-9.5924            -7.93347            -7.73258
-0.691013            -3.90644             1.85597
-0.448667            -1.67867             3.09224
-9.02253            -5.67655           -0.492705
2.02418            -4.55657             8.25341
11.1949            -4.26105            -3.53863
-6.82454            -11.4991             6.37477
6.16937             9.05434            -7.05062
-5.77267            -5.43872            -8.30301
-3.18881            -4.46834            -4.62089
-4.38309             4.48678            -1.90875
-6.41427             9.92854            -1.66311
0.289506             6.01792            -1.70924
3.19659            -4.02478            -2.66414
5.6223            -9.80213             5.76056
5.00525             3.74528            -2.75442
5.27829             9.45564             3.05202
9.33349           -0.682477            -3.28984
6.39635             4.65726            -2.48942
2.86687              8.9517             -6.5624
10.7945           -0.374265             5.17151
0.496227             10.0523           -0.682135
-0.724446            -11.2922            -7.57169
0.0914892             5.80777           -0.707952
9.87332            -7.28673            -9.56466
-8.30617            -4.79847             8.25443
1.97013            -2.62396             10.7508
-5.15685            -8.77431             9.05635
-0.484948             8.44533             5.54202
-0.183061             8.03417             3.98773
5.63737             5.21756            -4.48916
-10.3844             5.97197            0.495593
5.73141            -10.4397              6.2753
10.9             5.90342            -9.59903
3.22315            -8.32851             -6.0697
11.6449            -4.57258            -8.73113
5.18514             9.27829             11.2515
-9.90363             2.15351            -8.38895
0.379886            -10.8196             2.95566
-1.56463               -4.69            0.162197
-0.663132            -4.32755             1.41316
-8.62663              6.5059            -4.72766
1.45117            -12.1541             8.34312
7.49663            -8.52745             2.75747
0.700688             3.99426             3.49624
5.7389            -7.97982            -4.29411
-0.357608             12.5176             3.63626
-9.67981             0.33334             3.76054
-10.6687            -6.60389            -11.0871
6.23866            -3.22719             10.5629
7.88801             4.02921             -1.3127
-11.1742            -7.86748             3.34595
0.121256             8.38223            -7.16393
10.081            -7.08393             -11.127
-1.09893            -8.32409            -5.75986
5.21571            -6.37777            -8.73951
-6.65162            -8.63673             -1.7621
2.46333             8.11807             2.50473
-10.8879             1.69368              3.9351
8.53543             5.53094            -8.69674
6.58403            -5.34352             5.72898
-8.93481             4.31719             1.33984
-3.31305             7.34846             3.30315
-6.67728            -6.19828            -8.58388
10.2237            -5.49684            -2.29314
-5.572             5.98391            -8.95398
-3.79698             10.6645             4.44704
3.75377           -0.986662            -5.41466
-4.29846             5.51466            -11.7126
-7.53437             7.22824             7.21329
1.05159           -0.841377            -9.18659
-8.07455              6.6209            -3.54476
-8.0931            -1.00697             8.77997
-7.15849            -8.50073             0.17671
-10.5554              6.8792            -7.25145
2.76678            0.256534            -4.16608
-7.64833             1.80289             9.27363
2.04663             2.44073             6.19228
-1.51569            -8.57037            -2.98007
-2.36365             -7.2702             7.87803
-2.70346            -10.4908          -0.0922941
-3.20572            -10.2038             9.73458
5.54935            -7.50709             7.20586
5.5081            -2.01936            -1.03126
9.69386            -3.73421             7.32943
-4.28389            -1.63521            -3.74422
-5.52486            -8.56994             5.69498
-6.45134             8.64515             11.4869
3.70864           -0.434418            -1.30039
-5.10258             2.98206             1.86887
-2.64953            -3.73418            -3.81178
7.94499             10.3803             5.12041
8.87652            -8.17179             4.09321
-9.16729              7.7305            -1.56587
-5.60279             10.3852              6.7454
-9.74589            0.730332             1.04387
-3.70044             6.18164            -7.50041
7.03863              6.8035             3.86062
-10.3844            -10.6032             4.63257
11.4733             7.93721            -3.31689
-5.47178            -1.62114             3.57107
-8.04239             7.65519             10.1385
-3.76803             3.97308            -11.4642
-4.64843            -9.15816             8.37994
0.846295             2.56315            -6.25055
-7.12236            -4.92476            -7.35925
3.08004           -0.334734            -2.87841
5.03839             9.73597            -9.22425
-4.00423             -3.5649             9.86314
-4.39975             2.34083            -2.06917
9.1334            -6.49108            -10.2042
0.48615            -1.77228            -10.4937
-5.13989            -10.4375             4.95339
7.36713             10.6801             5.56378
3.43132            -4.00559            -3.52187
-1.23644             4.62586             7.97046
2.82891            -6.49963            -9.95934
1.11477             10.3997             -4.5952
-6.66375             9.48181            -8.59932
2.24048             -7.7007             9.23667
7.29357            -8.11788            -9.80118
5.0772            -10.6474           -0.972752
11.1901             10.4235             2.93516
8.98108             10.8162             6.35968
-6.0478             10.2673             11.0728
-10.4889             2.41284            -5.41031
-2.22505             6.33852            0.294629
-2.7105             2.24838              7.1611
-9.68304             4.18935            -5.57815
-8.93321            -3.88313            -3.84695
-5.08951            -8.71386            -3.44712
0.626466            -9.44309             1.42498
-6.19283            -2.82652            -4.32198
2.52472            -10.8404            -2.99698
2.41993             8.46725             8.55781
7.27867            -6.45182            -2.98423
-4.07542            -2.92854             4.40219
6.89551             6.03835           -0.802253
-6.27869             8.75296            -10.7381
7.67343             1.83831            -9.48206
-0.0121718             1.71387            -8.45144
9.4339            -7.57189            -5.38924
2.66019            -7.05044            -1.71318
-1.81795              8.3798            -8.61315
-2.15944            -7.18877            -5.37554
-5.84754           -0.478039             1.50058
-3.53267            -6.46425             4.10027
-7.52594             4.09356            -5.13715
-7.66589              4.0449             2.81999
7.50718             -8.8957            -6.58535
-7.77842             3.93866            -7.66326
-3.60885             -9.4365            -8.24189
-3.54632             3.22685             6.65929
-7.36754            -2.53077            -9.27611
2.37532            -7.83339            -7.23665
-9.64461            -4.47869             -7.6629
6.85854            -8.03189              6.8495
10.2324            -5.54801             3.69578
-9.00191             2.55355            -1.09889
10.3972              8.9921             7.24208
8.84943            -8.80258             11.2992
3.63088             7.86417             10.8841
6.30921             11.6674             5.99443
3.52778            -9.09615            0.864783
-0.472351            -2.18757            -1.45825
-6.4517             6.95282             3.96397
-5.87152             5.67812             7.02167
-9.88406             9.05235            -4.53351
0.995233             1.27664            -5.89506
0.02016             3.48227            -4.37361
-2.70486            -10.2242             5.34951
5.08636            -4.19957            -4.30931
-2.48662             4.65592            -2.41673
-2.51652            -6.85195            -1.69614
-4.80511             7.47194             4.13872
-6.64892           -0.776553              6.8452
5.50448             6.10759            -7.47905
-6.40865            -9.67568             3.64415
4.13554            -2.26499             2.40059
-10.188            -4.63643            -1.27692
-9.60026             7.10307            -1.33262
8.47035            -10.8983             7.77039
-2.83497            -8.27992             4.51165
3.40802            -3.84152           -0.614721
8.31482              7.6639              10.364
-1.18003             8.44047            -9.31648
10.0838             9.44471             5.42409
8.83178               6.964            -7.42627
-7.62275             10.4792              2.6089
-6.20752             3.98535            -4.44008
-9.76908            -2.21212            -1.42007
10.3883             8.72869              7.2782
7.84975              3.0446            -1.69578
9.49903            -8.11289            -5.95389
-6.49746            -5.17815            -8.73308
-7.40922            -1.43979            -4.56593
-8.06308            -10.2523             4.02167
-11.4588            -10.3039             11.1396
9.07795             3.83281            -5.18551
2.27184            -3.22084            -9.19699
-2.77173            -10.5231             -9.1225
-9.64566             4.46245             10.9922
1.40749             9.12819            -8.39458
9.63329             8.17152             10.9667
-9.0824            0.173262            -5.21234
0.978328            -1.40327            -4.43529
7.64789             5.88747            -1.42317
9.90803            -4.92913             4.43073
8.0726            -5.71299             3.28863
-1.17675           -0.731309            -4.45337
-7.92727             2.31741          -0.0940167
-6.94077           -0.437457            -10.4138
-1.00138            0.251818            -10.9693
9.26637           -0.965626            -8.32387
10.5146              8.2404              10.635
7.37125            -2.40835             6.56491
1.45828             7.13206           -0.649681
3.67455            -9.00909             4.02144
6.58167            -1.48849             1.86912
4.21347             5.61001            0.573063
2.02059             -7.4124             -6.7295
-8.95213             2.84031            -6.22457
-10.3245             11.3189              9.9472
7.30752            -3.63019             10.6992
-10.0164             -2.5273            -8.40252
-3.23857             7.47911            -9.01319
3.6302            -10.4844             1.47272
2.24212              11.752            -10.9318
6.09157             3.07094             11.1918
0.731914            -9.18057             7.78234
0.376184             5.99708             5.88885
9.20756             4.77825             1.91777
0.133254             -2.9927             2.45023
-9.1685             2.81725             3.97936
-2.03822             7.90945            -7.52122
0.24741            -1.28696            -5.05187
11.213             4.44325            -7.01958
-10.7801             6.57561             1.30523
10.0047             -2.6172             7.28851
-4.18811             11.6265             6.08512
-8.28901             4.72009             9.71313
-6.14468            -2.67803            -6.84971
-5.3488              8.1484              -7.308
6.77054              9.6993           -0.130336
7.40963             1.65723            -2.59706
-5.2968            -5.15953            -1.26137
-8.35323             9.18496              3.6066
1.40001             -1.9091            -3.41498
0.0510594            -9.63952             1.12764
2.6314            -10.5746            -2.35359
-5.3362            -11.9147            -4.73874
-6.39323             8.39733             7.72459
-8.77781             1.55677             8.66981
-5.66953             2.14112             7.99231
1.05844             9.92945              2.3112
3.71945             8.02152            0.523747
8.95272              9.5615             7.92376
6.72363            -4.97416             5.66937
6.69524            -5.34715             1.12494
2.42365            -9.58492           -0.221766
4.38719             8.09354             3.90157
10.7269             8.42334             7.51813
-8.0973            -3.26867             3.61288
-2.11696             9.80057             3.90246
-2.20477            -8.24162            -9.42572
-7.53408             9.73469             3.72872
2.99297            -11.3248             3.38055
5.84786             9.26599             7.48096
6.02235            0.560233              5.7443
6.80319             4.10266            -0.13345
-3.02232            -11.4509             3.93868
5.16369            -3.64432            -3.48303
-9.19121            -5.93521            -8.70912
2.72855             1.09793             3.30229
4.47848            -7.64364            -3.95039
-4.58829             6.94045             9.51283
12.0301             1.26505            -11.0767
-6.4053             3.20837            -3.53173
-0.904846             -6.0627             2.45158
-0.846515               1.941             3.45924
-7.09478              7.7015            -10.1818
-6.9305            -1.37515               7.436
8.29351           -0.470478            -6.45187
10.1827            -6.96448             4.49036
-5.65418             5.35988            -8.24768
7.67725             7.12999               7.388
-0.193483             5.07439            0.416296
7.17684            -7.47636             6.51756
-3.86317            -12.2149             3.61819
7.87892            -9.04607            -2.59143
8.61684             2.89098            -9.28281
6.7228             1.32071             9.47477
-9.52506             8.23904             7.76259
-3.29428             11.0741            0.478063
-8.13529             1.90708            -2.70083
2.60491            -8.49151            -1.80204
-2.89315            -5.52796             7.85542
3.67006             7.24426             2.70521
0.491441             8.47067             8.44713
0.970203             5.19769            -3.62453
-2.34964             8.22533            0.241682
-7.17055              5.2915              7.7304
0.275496            -2.06996             3.33885
10.3393            -8.03966            -10.6865
-5.08395              5.4206            -8.45742
-10.6442            0.527883            -7.41398
-6.40639            -5.55287            -7.61801
-6.68362            -4.25036             9.85987
2.78762             10.2932              11.473
-7.43324            -6.67461            -3.01824
-8.34776            -7.53554            -7.00351
-10.4132             1.84096            -6.57245
-10.9166            -2.13868             4.55603
-3.65539            -7.81374            -7.37973
-4.99112            -9.88277             1.51356
-0.77128              3.3953              1.9787
-9.15836            -3.48971            -2.06297
-3.08331             3.09345            -7.66725
3.43842             6.16671            -9.41232
2.23649             5.58877             1.97015
-9.54611             5.47255            -9.50746
-8.59124             -3.4445           -0.677112
-6.494             11.0986             2.69337
1.98481             -2.2544             5.57009
-4.23876             7.54448            -7.26604
-5.58325             10.4113             10.2533
9.24429             2.47088             4.11217
-8.167            -2.76855             2.13851
7.41975            -6.29601             3.30824
-8.62331            -8.08926             7.40483
-4.21513            -10.3081             10.5291
9.78614             1.86557             2.40935
10.1176            -4.73947             10.0906
2.66195            0.827255             8.67492
8.47587             8.18615             6.71607
5.00826            -1.29171            -5.60881
1.12957            -3.30025               10.37
-11.4895             3.60247            -8.11808
7.147             11.8585            -9.77007
-11.2005            0.193073            -1.51945
3.84584            -5.12337             2.62787
5.49912             5.08235             1.06373
7.8487             9.79841            -2.96181
1.52474            -1.56801            -0.93177
2.23163             4.45925             6.37787
-6.56547            -5.76981          -0.0979289
1.89272              3.5745            0.797616
9.97544             3.90115             7.16234
-10.9335             9.30346             2.45119
-0.0998919            -1.59658            0.707253
-7.47273            -4.57292             11.1863
8.43672            -3.18143             1.25539
-2.12385             8.20385             9.41747
6.50769             10.2647            0.431333
-8.52715           -0.543725            -4.10343
-6.86717            0.731352             3.15692
1.98341            -2.94932             8.27761
2.08418            0.723495            -6.46309
-2.10203             1.47727            0.260731
-3.20075            -10.3232              3.6968
-9.67639            -10.0607             1.79945
-9.79323           -0.635831            0.274598
-0.0721151            -4.24226             1.32843
-1.16775             11.4627            -4.65441
11.7541             10.2457             3.65038
-3.38064            -2.17026              10.421
0.563641           -0.787294             2.50501
9.34203            -2.66775             8.60261
6.74723              -9.126             5.34089
-10.4159             6.37563             10.3471
8.18221            -7.08029            -1.28485
-8.69832            -10.7714              3.7083
2.66664             3.26621            -3.02618
-2.01026            -8.53619             3.00006
2.18986             11.5571             5.13751
-11.1067             8.74171            -1.03817
-10.6565            0.110557             2.20841
8.462            -8.04524            -5.34627
-6.13963             9.96821        -0.000519679
8.71053            -10.5605             6.19669
-9.71046             9.29063            -1.80834
-4.08285             4.04566            -10.0068
-1.48507             7.46355             2.87311
-8.166            -9.88996              5.0776
7.073             1.18682            -10.1332
-5.97501             2.16022             4.14248
-7.41992             6.90755            -3.45533
0.527791               -7.91            -4.33215
9.08528             3.95017             11.2567
7.40888             1.75001             -3.1257
1.00512          -0.0493661            0.940934
-4.86892            -10.1928            -10.6146
-10.0996            -11.8804             12.0417
-4.70911             6.21903             8.54278
8.59799            0.520405            -10.5032
5.71459            -7.93224            -5.61193
0.535217            -4.11088             5.04227
-3.00947             3.34473            -3.95598
8.61055             9.24776             1.58033
4.52397             5.90275             10.3657
3.44724            -6.81318            -4.28335
1.56334            -3.54875            -1.52003
3.56731             4.96953            -3.70966
2.81495            -5.86161            -2.52748
10.66             8.60135             2.70348
10.2462            -5.05621             4.92136
11.5408             7.24031             10.5873
-6.55533            0.970008             6.22515
-2.47579            -5.63385             -6.3698
-3.06281             2.22005             4.72604
2.15595            -6.28703            -6.74519
-10.8424            -9.67679            -3.40226
-4.97361             10.1822             11.2233
2.80067             2.87783              9.9337
1.58127              11.308            -6.08906
8.48632             3.65052            -4.28052
-2.94814            -8.50807            -8.42898
-3.37893            -3.76107             3.72509
0.00465333             7.87921             5.31875
4.97605            -7.42162             4.45532
2.26092             2.49487             1.00961
-7.84941             4.66749             8.89904
0.319741            -6.39441              6.0489
-11.1777            -2.70349             1.53616
4.06048             3.17181            -5.08998
-5.6037            -9.12084            -5.85909
1.65972            0.347034            -4.16438
-9.69101             11.2324           0.0746944
-8.75521            -2.03323             7.35343
10.0994             7.09612             5.54495
-6.3673             6.95072             11.5216
-2.11137             6.47401             -4.9664
-10.2876            -5.01845             6.65323
-6.98233            -1.79451             9.20539
7.07201             11.2612            -10.1457
-6.63956             2.27882             6.89136
-1.17169             0.79295            -8.88113
-2.7737            -1.80238            -9.93056
9.88692            -6.81337             11.1551
-2.18205           -0.195191             11.9007
0.643673             1.67984            -4.24886
-8.96775             7.28691            -3.76144
3.73712            -7.41161            -1.26404
-5.07206            0.114898            -5.75842
-9.49357             3.30378             3.39595
6.42743            -4.31376             6.35909
5.02186            0.922967            -6.64316
5.6226            -1.84307             10.0994
-3.43697            -3.70061            -6.44118
-3.92813             12.0362            -4.89466
7.70013             2.07153            -1.06279
-9.98799             9.53193            -3.14875
11.6135            -4.32329             4.78575
7.29713            -8.16001            -9.31782
-3.10717            -9.02431             4.24397
3.96411            0.125254             4.82573
-0.789239            -9.96838            -9.41474
-0.995942            -0.28443            -5.95551
5.39661            -1.77859             -10.084
-6.07841            -5.97561            -2.90909
4.6292             -1.8197             6.96097
-0.33383            -7.71093            -2.39563
1.48857            -1.44424            -8.27143
6.70357            -3.38746            -5.69208
-10.3851             2.83373            -5.99501
9.00475              3.8273            -9.30642
-10.3061            0.251569            -3.29867
2.24144            -9.36085            -3.68532
-6.28121            -11.7976             5.74831
-3.47541             8.52609            -6.39606
-5.86796             9.24017             10.2179
3.63244            0.476106             2.42198
-6.85893           0.0434636              4.4937
-4.84874            -7.02645             4.72565
4.85081             4.86063            -2.58911
3.77531             6.72735            -2.96865
7.55564             2.52424            -9.37048
-6.5026            0.312152             4.03574
-9.30277            -8.38122             1.66398
-1.35714              7.4266             4.86412
3.88459             6.43836             2.44885
8.8567            -3.07445            -6.86551
5.93964           -0.529286             4.32752
-0.994011             -1.0484            -8.01575
0.10918             11.1674            -1.88844
-4.78067            -3.22313            -11.2808
-1.36112           -0.960463            -1.68374
-6.89671             8.16802            -4.48351
-3.28759              9.3769             1.13973
4.06469            -4.98413             -3.6921
6.1985             8.19423            -3.90046
8.92366             5.22737            -8.34361
9.20691             4.86415            -10.1851
1.69795            -2.11201            -1.91696
