3.83966             9.73592            -8.57491
1.32689            -6.44113             1.07094
-5.40489            0.260217            -2.07128
7.53478            -8.45097            -10.1411
-2.73654              1.1074            -2.77223
-9.50713             4.15941            0.481263
3.21141             9.79521             5.49246
6.95343             1.20772              7.9145
6.65312            -7.93041             6.94856
0.876748             3.15978            -6.47964
-8.21899           -0.105468            -4.63311
-5.23268            -5.97978             3.14953
4.01156             5.78715            -6.40526
3.39772             7.78557            0.707332
-2.66795            -4.11464             2.36642
-3.05353             -10.197            0.798209
-5.24949            -5.74064            -3.97927
4.62798            0.676881            -4.06432
-4.48969            -7.07114             8.16947
-4.72467             5.95267              1.7431
-0.444164            -7.64253             1.75599
2.60362             8.06286            -1.38369
-4.70935             -3.7381            -5.81362
-6.046             4.65912            -1.47877
-6.31736            -7.44805            -4.61604
4.65501            -7.82564            0.209638
5.60454          0.00683707            0.303319
9.7994            -1.46958              4.2362
-1.44504            -8.00247             8.84599
-7.34592             4.20601             7.78874
-2.35158             2.85147             8.39999
3.72317             5.89557             1.70734
4.61527             9.28509            -2.99105
-4.54857            -2.42549             5.39326
1.99601                9.23             9.53299
9.18163            -7.70232             8.64654
0.856951            -5.68635            -6.65863
-1.08342           -0.469709             9.54419
-10.606            -3.93863            -10.0348
9.47206             7.64216            -3.03337
9.22645            -1.17686             9.39655
6.22622             -6.6627             10.4306
-10.5527            -6.47315             6.79756
-5.14509            -6.57866            -10.4872
10.6422             5.61586            -8.88187
2.47052             6.59523             6.79298
6.70151             1.44781             6.06205
-0.398193             8.31434             -9.8017
-10.3979           -0.113746            -1.20781
-4.70242             6.48662             4.53178
2.41956             3.59451            -9.02004
7.50549             6.28647            -9.10804
8.50194            -5.48922             4.45387
-2.41122            -8.01717              10.036
-1.48566            -8.85605           -0.320481
-1.73102            -9.23809             1.29722
-2.5747             2.37682           -0.104184
6.99285            -8.84579             8.15142
5.42867             4.22903           -0.435752
-1.50488             9.45695            -2.82578
6.83928            -5.96055            -2.06322
-9.70035             4.28418            -3.09589
-4.29985            0.284095             5.60406
-7.75123            -8.61713             2.57256
-3.44659             1.90158            -9.62873
-8.74904             5.36512            -9.21844
-0.273065            0.125214            -9.12943
-7.91188            -5.18618             4.36897
7.94984           -0.655615             9.59623
9.33904           -0.767739            -6.80455
3.33002             7.73568             -2.8994
8.44263            -6.22682            -6.45423
-4.69303            -1.17721            -8.15166
3.50968             6.90165             4.36266
10.1802              7.9459            -8.74543
-2.09244             -5.8715            -5.56138
-8.39461           -0.505841             2.12788
-3.38234             4.58823             -6.7797
6.57436            -3.37582            -9.08287
-2.84677             5.67515            -8.30286
7.53709            -6.66892            -5.10066
-1.99544            -5.18658            -6.76082
4.94608            -9.48007            0.857535
-8.85032             9.60938            -2.46228
6.73979            -3.84321            -5.29806
7.29877            -4.10691            -10.1925
1.87398            -2.14156              2.4223
-1.0472             3.02765             8.24177
-4.72782             9.63156            -7.58804
-1.31489             6.84243             7.31064
4.44713               10.55             8.33795
6.02353             1.78184             8.66874
-9.10501            -5.73351            -3.15564
9.00489              6.4574             7.11487
-1.74495             6.21561             6.08818
-5.53985             -0.5039            -7.29128
8.85914              6.3403            -10.0175
0.564106             7.69868            -7.56812
9.94401            -8.04576             9.60477
-2.20384             4.12202             1.36155
9.76278             8.27964             4.95826
3.3554             4.88743             -6.6962
-5.53544              7.0749             6.29117
0.316901             0.32126             8.42684
7.14779             6.41821            -1.50641
-4.81893            -2.90384            -9.28195
2.48594             3.02529              2.6579
-0.720889             8.00234             9.29899
10.4378            -2.36046             7.73247
4.93025            -8.95077            -4.66486
-6.73074            -4.96587            -3.08489
10.455             9.79092             3.59768
-0.676827            -1.43925            -8.89544
-5.63052             7.20356            -7.58741
1.70474            -1.90784             8.00678
-0.609262             3.73779             2.56173
1.91528            -2.91677            -3.64824
5.81001            -1.04522             -5.6927
-9.06219            -4.10243           -0.215098
3.09384             3.37154            -6.83111
4.85607            -3.27435            -8.11057
3.78074            -1.37073             -7.0427
5.68836            -7.07759             -7.3221
4.3252             1.72969           -0.208877
6.87266            -1.48211            -10.6405
8.88887            -7.28829             6.55934
3.43181             2.79754             3.72864
-7.08415             7.82434              8.6364
-7.70143           -0.303076            -7.35105
-0.0344955            -8.41469            -6.65025
1.1527            -3.26402             1.40031
-9.7503             8.93363            -4.37495
3.5011            -4.46793           -0.497151
-1.14677            -1.13548             1.73862
8.61877             3.54786             6.85241
-10.2203           -0.440118             9.59247
5.036             9.08998            -9.64971
-0.475984             5.04203            -1.57931
-7.2869             3.71423             8.11023
9.7514             3.90765            -1.13473
-9.99349             7.71112              2.5283
5.99297             4.41291             10.3159
10.1131             3.84825            -3.72069
-7.69084             2.01557              8.7078
-9.56747              4.7657            -3.76708
8.72627            -5.80028             8.05014
7.36978            -8.08936           -0.498517
-8.05312             8.40096            -1.20432
1.86956             6.47001             -4.0121
-3.3719            -10.7095             1.82244
-3.9418             5.94294            -5.10951
3.76441             2.43307            0.647122
10.3372             6.91661            -6.42618
3.53196            -5.15939             2.36579
5.51502             -3.3569            -10.1149
-0.705612           -0.286791             -2.3649
-9.93884            -2.60244              9.7438
0.0999934              10.265             -7.0794
-6.99918             4.62541            -2.63623
2.92215            -7.18208             7.20806
-3.6107             -3.1448             3.39375
-2.24324            -3.92796            -2.40227
-1.04583              5.2121             5.90987
7.81144            -2.20678             7.19677
-7.39366             3.09435             5.33427
5.11121            -2.60502            -1.61943
3.70173            -2.27273             9.06681
2.2884           0.0697834            -6.38953
4.27615             7.25856             7.64872
5.67174            -6.22172            -1.36931
7.50581            -7.68708             8.80387
2.16459            -5.55578               6.619
1.55826             9.66483            -7.93416
-1.78481             4.22672             4.98743
9.21484           -0.456509            -4.74608
6.41063             7.38714             1.35871
-10.3571            -4.93746            -1.69245
3.29334            -3.43885              4.1077
9.70662            -8.26161             9.95249
2.77347             9.23769            -7.21748
-5.44363            -3.90777            -2.35169
2.23682             8.11765            -5.98373
7.85745             2.51131            -8.47301
3.52921             5.05428            0.917966
4.85576            -6.72422             5.66917
3.28245             9.76289             9.83847
-3.58723            -7.38157             4.02182
4.68308            -8.98336            -8.82083
8.18324             4.70319            -4.32805
1.96943             4.84229             6.00254
10.1209            -9.05818           -0.593652
-1.52625             2.07049            -2.08713
-5.28378            -4.13349              8.6317
0.814437             3.78034             3.07818
9.62543             2.02882           -0.313163
6.51853            -4.90159            -8.79288
1.40674             9.88239             6.19279
-9.15116            0.659726            -9.69738
1.69447            -8.09929              2.0383
-3.86084             6.18282             4.58658
-7.58094           -0.586183             4.64165
10.5149             8.68974             6.51388
-0.688342              8.3229             5.79571
-2.00056             2.94648             2.60973
2.89532            -4.93224            -8.58488
3.17553            -7.07903            -1.90721
-5.14164             9.83758            -3.69124
1.93133              6.2963             2.47725
5.65801            -1.81945            -1.70584
9.37898            -7.26889            -8.20977
-10.7512            -6.72206             7.78472
-10.6795            -3.16981            -7.16099
3.64866           0.0649744            -4.29472
-5.35016             8.06508            -2.23856
-10.5456            -2.34866             -4.8422
8.15714            -10.6155             6.35312
-9.80648             8.58605              -4.303
5.87606            -9.61401             6.00026
-5.38581             1.63581              5.5761
1.1732            -5.47028            -8.82031
4.70397            -7.44938             -2.1664
-2.58469             9.15927             10.7791
7.55222            -3.83613              3.5343
6.79925             8.99718            -3.05316
9.92681            0.836348              1.9645
6.18508            -9.60983             2.88089
-10.3964             7.07426              6.2775
3.03343             -9.7209              5.4285
7.74026             7.73741           -0.345438
-1.03915            -2.29704            -1.54547
1.86774          -0.0455558             6.72406
0.342006             10.8836            -7.73525
-3.74389             1.91754             4.59533
-2.96764            -7.93944            -8.74799
-8.60804            -9.96844            -10.0814
-0.0395934            -5.21595            -7.72935
-1.38651             6.03809             2.08465
-2.52044             7.19803            -2.69306
9.00937            -4.97346           -0.472768
-5.84677            -2.08094            -6.66481
-4.88648            -3.87133            -3.85382
5.04956            -1.59458             6.97119
6.57191            0.677919             6.91079
3.45038              5.9006            -3.45915
-8.98978             7.56328             4.52448
-0.433353            -1.85346            -8.28297
-0.524553            -5.28917             9.58134
9.76249              2.4366             4.38688
1.72622             -6.4947            -4.17045
-7.84468            -1.69638             -8.9616
-8.3575             9.70801             6.20134
1.03725            0.227815            -3.21456
3.69208             6.48289             5.46548
4.84133            -5.83735            -6.80904
4.48207            -4.03005            -4.56125
-9.08695            -9.65999             1.40876
-8.33721             5.27804            -2.75285
-9.63158            -3.65696             2.02819
1.5956             4.24126             2.62244
9.32503             4.42624             6.30596
8.02629             6.06605             3.42967
-1.01564           -0.771347             4.85981
2.12301            -1.62183             2.09352
8.26111              8.4884             3.83709
-8.19602           -0.699131             1.77451
-8.81547              1.8611            -5.05994
5.4901             3.32271             4.02145
-0.945809            0.651817            -4.77608
6.70047            -3.34679             3.92036
9.80612            -5.64753            -1.80463
8.38457            -7.87386             4.95906
-4.27308            -4.78217             8.13468
3.2614            0.673225             6.12955
4.4499             6.31842             3.45845
-8.10753             6.62437             3.54199
-6.90767             10.2213            0.947644
-4.18448            -0.95667             2.02522
5.40481            -5.55433            -9.04432
5.8262             6.96643            -9.97667
-3.87734            -9.25261            -8.54046
4.48197            -9.50419            -3.37616
1.3549             1.88516            -4.59796
5.79671             8.91137            -2.18744
-8.44183            0.927438            -6.18369
9.54096             2.36181             4.76772
-2.92629             4.59242            -4.93224
-6.17856            -3.77775            -1.23012
10.2151            -8.72168             3.89678
-1.24399             5.68241             8.61741
-5.65059           0.0984182             5.48577
-7.18084              3.3522            -7.95735
2.75932             7.79568            0.192104
8.41052             6.43447            0.542654
-4.40566             6.43822             5.46525
0.370137             6.80516             1.76501
-5.34068            -9.61468            -4.93978
2.54667            -8.65048            0.631141
2.94654             8.10124             8.51864
2.14807             7.04468            -10.2003
7.11159            -6.33194             1.04485
0.960853             7.19514            -8.52815
8.75477            -1.88592            -9.64327
-4.97569             9.55221            -7.95888
9.65658            -3.27752            -8.62434
4.47617            -2.97732            -4.25883
-3.70929             1.27092            -4.34294
-9.34265            -10.0878             3.62149
-5.69355           -0.506414              7.5209
-7.1146             9.93751            -2.42228
3.85661             3.18551             1.30996
-5.61616            0.895874             4.06044
2.86037            0.504877             1.65795
-9.86583            0.449526             1.01729
-7.86251            0.849317             3.47805
3.51751             9.02843            -0.39889
6.97887            -4.03902             5.00553
-0.570323            -1.07026            -2.30613
-5.5251             2.23896             2.13892
-3.61459             0.68569            -7.95403
-0.803582             3.65345            -9.38176
3.91368            -3.59213             5.54479
-0.43807               4.579            -3.19478
-2.41385             2.60825           -0.393783
-4.19853            -9.36004            -3.78887
4.87193            -9.51976            -4.27027
4.23549            -6.37231            0.121871
4.20485            -3.20777           -0.513081
-6.77755            -7.59798            -4.54859
7.01292             6.49521            -4.08209
-5.88384            -5.32152             6.64429
2.73278            -7.53009            -6.00522
-2.52614            -8.75743             -2.8953
-7.77707            -9.58086             -8.4154
-5.20131             -10.214            0.749279
-3.52818             4.29703            -3.82158
8.09496             4.56748            -7.67205
-7.91066            0.557487             -6.9396
0.968998              8.2091            -3.84738
-9.04837           -0.719171             7.06293
4.69294            -9.56344             1.87877
-2.3259             2.88974            -3.58575
-8.93367             4.99899            -3.66739
2.74451             8.47478            -1.72447
4.37406             5.07773            -4.17526
1.72033            -9.86047            -4.07808
2.56021             8.73341          -0.0500306
-3.92198             4.08332             0.73053
0.229609            -5.67893             8.46294
-6.05223            -4.73164            -1.30179
2.13594             1.94346            -6.02084
0.228104            -7.26335             8.01278
6.46338            -9.66346             4.33848
-8.83588            -8.37047            -10.0327
5.72099             4.27138             1.41874
7.71888             9.34373              3.4563
2.77941            -4.07294            -1.36855
-5.37412             8.02564             9.31782
1.98931            -3.95292             7.22337
8.11137            -2.04041             3.61657
-1.93213            0.610257             7.46929
-5.71301             7.34711            -4.09934
8.59152              6.3435             2.59273
3.81091             9.51789             6.02538
0.647734            -3.48312            -1.43052
-9.74444            -1.82712             8.81053
0.949297            -1.48307             8.71892
-2.51341            -10.0332             7.86812
2.52891            -9.54021            -2.11781
7.14608            -5.26397              7.5287
-8.09711            -9.11457             9.52348
9.02209           -0.943917            0.587937
8.77857             8.55755             7.84903
10.0603          -0.0509067             8.42405
-10.5019              7.1333             2.56697
4.25029            -10.2765             4.98454
0.138033            0.888774             4.29932
6.98917              1.1017            -9.07715
4.94775             6.60689             6.28163
-10.2265              8.7763             1.49615
2.95239           -0.611251            -9.14294
-4.3566              9.7029             8.61412
7.95121             3.04585            -6.53508
-8.74874            -7.71114             7.68874
-5.55814             2.45743             -7.4987
3.6259            -0.41945            -6.64627
3.02187             8.66535           -0.844735
7.24995            -5.77927            0.768589
-9.84802            -10.5817             3.03571
8.65992              1.6072             5.04067
-7.42501            -9.83882             -4.3259
-7.15432             6.26222              8.8465
-6.83828              -0.671             6.16923
10.0648            -2.97708           -0.265555
6.21016             3.59126             5.84815
7.80374            -4.25301            -1.03233
-6.75522            -5.56438            -1.11562
2.52612             5.49811            -8.19517
5.79702             4.62174            -7.48051
-6.40945            -6.25904            -5.98874
-1.00459             1.59677            -8.06324
-6.53841             7.84662            -1.58863
-8.58364             9.69881             -4.7195
-6.52247              8.1936            -10.0391
4.18239            -8.14992              1.0218
-10.0584            -9.84326             2.54275
-6.36964             3.25726              6.5569
4.26873             1.08338            -7.37919
-9.71895            -2.46842             7.20825
-3.99953            -4.45181           -0.450042
6.14684             10.0718            -8.13912
0.564132            -2.36576             6.98744
8.93707            -3.45869            -1.92538
-8.47312            -8.08292            -4.24144
-7.01662            -1.64751            -2.78372
-5.97224            -7.32827             4.87676
-4.62978             4.52632             2.19186
6.36999            -2.94048            -9.28761
-9.13545             6.75953            -8.15085
-0.154702             5.17221               4.301
5.22377            -1.21285            0.994784
5.15505             5.44207            -7.05544
6.39212             -9.1481             6.99066
-4.85044              1.9068             4.35209
0.897941            -3.37186             10.1647
8.66867            -5.99786             3.88687
6.6438            -1.65223             9.87618
-0.475473             2.67891            -10.0415
4.20538            -8.30431             8.37441
5.91134            -4.21504            -9.92356
8.00287               2.705           -0.778135
-0.556038            -7.21729             6.92425
-6.85645            -9.45175             7.69512
-2.76959            -8.93512             2.08402
10.164             4.86682              -9.479
0.795408            -7.25695             3.64991
6.7201            -7.49246           -0.279167
-3.48151            -2.97804             7.32178
-2.97514             2.79058            -2.41745
-6.39808            -9.75463            -2.60202
4.3649             7.31306             7.01148
9.13399             6.19765             3.93485
-9.47368            -2.78565             6.63923
-0.165436            -5.41027             7.24515
3.02619            -6.94387            -6.32356
0.540422             -7.6075             4.53204
0.7331            0.617985             3.33798
3.07366             5.94468             7.33468
4.26134             9.54973             10.5311
-7.32883             6.72017             1.22929
-1.78451            -2.09508            -3.78536
9.36839            -6.06277            -3.38593
-1.76589            -1.83682             9.82161
9.63622            -9.05161             9.01431
4.89952             6.22696             6.25046
-3.78423             8.55395            -1.92115
-1.33392             9.17547            -7.03059
6.4606             9.05152             3.90444
-0.333937             6.92608             2.95159
0.7723            -2.29909            -5.39769
9.31039            -3.99636             2.08291
-8.60577             8.37169             1.46334
-2.13704             8.09126            -3.75347
8.34351             8.09932            -9.96482
7.95553            -4.78794           -0.925262
-2.40859             10.4649            -1.50032
2.16321             3.68156             7.29309
9.1917             2.20213             9.95834
-2.61698             5.92528            -6.61247
3.84537            -8.63366             -6.6368
3.78664             2.26626             -10.244
-1.83746             5.36645            -7.85088
3.39975            -7.76547             4.67214
5.39777             4.26341             2.49955
-2.02963             2.42673            -9.33509
-4.93884             3.91347            -1.04011
0.305626            -3.78119            -1.66529
-8.01886            0.108617            -8.72347
-9.51656             9.31507             8.51788
-8.92698             7.38898            -6.18137
0.994313            -7.59209            -9.90944
-3.82327             2.54552            -4.28109
-2.90036            -7.93017            -6.72129
0.350207            -6.01195             3.31205
-9.40909            -5.22766             8.29467
3.81884            -7.00526             5.39499
-4.68718             9.16991             9.31496
6.50365            -7.69666             3.21292
8.35974             1.42317            0.886712
5.30303             5.30448            -7.69249
-0.586674            -6.75585            0.490408
4.22466             9.12021            -8.96685
-6.57838             -4.8112             5.70778
9.43444            -2.70871             5.07927
1.19524              6.6268             1.64746
-4.27347            -7.60985            -6.30027
8.04657             4.19029             -8.3618
6.24365             4.55912             1.93323
8.93893             4.89875             -7.8525
-8.76221            -5.01952            -1.61522
7.99838             0.39383             -4.6282
6.24316             8.74839            -9.84904
-1.09963              5.2525            -6.25396
-2.46985           -0.946691            -0.80777
-0.336222            -9.82066             10.1216
-4.58109              7.5806             8.94503
-4.49668             7.95903            -8.22487
-5.48869             2.13174              1.4138
6.93505             -4.2148             2.16855
-5.02695              -5.028             0.52896
9.51202             2.78191            -7.08014
10.6246            -4.78256             3.75331
5.18621             1.53389             1.33584
-3.47068            -3.42213              9.2657
-6.21583             7.81515             -7.3161
6.37868           -0.637157            -5.95721
-0.032443             4.51252             5.60689
-4.65994             2.02684            -1.94194
-6.87748            -6.74163             4.92641
-4.1984             2.95939            -1.56318
8.37339            -9.01313             6.74341
3.63096             -8.5224            -2.52776
3.6631          -0.0314791             -2.1408
-8.87721             4.85405             8.16312
-0.98473             1.82142             3.46724
1.97882              9.4235             4.09951
-8.80644              3.3844            -8.34558
8.48487              8.5353             -9.0725
6.897            -8.45064             5.10486
-4.48055            -3.60328             2.79703
-3.70396             9.82826             5.86169
0.626821            -2.77215           -0.572111
0.458642               -9.44             1.00482
7.71243            -1.96025             9.12032
3.06468            -9.91634             2.62067
9.94579            -4.36248             1.78337
4.57853             3.96161            -8.84067
-0.340828             4.53347             4.56282
-7.96149            -8.77521             -10.335
5.48516               2.466             9.96527
-7.90252             -10.744             4.91872
-0.0171467            -5.21167            -6.95482
5.34909            -4.14001           -0.516787
4.13902            -6.84071             2.80172
4.43767             10.0681            -7.03926
6.53727            -1.27747             8.03788
-8.75999            0.741396            -3.51169
9.58752            -3.06848            0.113937
-6.89816            -9.35916            -6.22691
-8.90508              -7.928            -6.92871
9.09236             9.76192            -3.93089
-5.82221            -2.99737              2.1619
3.9167            -3.15053            -4.39444
4.21788            -1.40478            -4.98204
-7.32003             -8.8674             3.62917
5.00822             2.80723              5.3804
0.0978992            -4.03245            -3.05884
-0.917353               1.658            0.921114
-0.993686             10.3055            -10.3037
-3.03091             3.43614            -1.58163
7.89286            -1.05163             5.23887
-0.537662             8.92009            -5.86835
-6.50804             9.44539             -1.6725
5.24004            -4.41127            -2.22665
7.36606             6.12432            -5.91938
-5.47954            -1.34406             1.35293
-7.63526             3.39034            -5.75033
-1.50429             2.54529            -10.1239
0.892065            -3.14557            -8.45936
7.00997             2.87028           -0.456398
-8.38278             5.47301            -8.05949
-7.29851             5.42022             3.05128
9.50686             9.57362            -7.68791
-3.84562             7.77952             10.1383
-0.874428            -2.44128           -0.245173
4.59579              5.0323            -9.48586
-0.390478            -2.19039             2.40368
1.93288             9.40312            -7.64834
10.0478             2.55265             8.94608
0.234456            -2.62849            0.555905
-0.436259           -0.862008            -6.21313
-5.19999            -6.39487             4.39412
-7.48517             7.66154             2.94134
-0.994406             8.46262             1.85208
1.3169            0.227781             3.43903
-9.68264             -9.5461            -10.2073
-4.16244             4.08265             4.19209
0.129092           -0.476787            -2.59568
-9.27425            0.684531              6.1007
10.3013             -4.6199             7.26804
5.67383             1.99004             2.61965
7.5415           -0.515812             1.59382
0.76667            0.534265           -0.783748
-6.81507            -6.01834             8.13798
-8.17982             9.73245            -1.54834
-0.832102             3.71703             10.4161
5.09497             8.18128            -1.18117
8.77743             6.31789              -7.714
9.42168             8.44886            -6.85065
8.23609             8.16652            -9.44751
-8.57054             6.56126             9.84935
-3.23768            -4.19638            -6.69258
3.86548            -2.86856           -0.680835
1.61535             8.67661            -4.49087
-7.56258            -1.75543             3.87555
-6.37111             8.82204              4.4569
6.87902            -2.55068             6.73494
-8.22192            -2.57019            -9.98881
-0.753904             5.19237             7.10253
-4.0749             0.73133             7.50668
3.01814             -5.0608           -0.926647
0.436015           -0.506295             9.17968
-5.65078             9.26872            -4.61579
-3.82018             4.60962              3.2345
-6.21542            -7.05239             3.23434
-8.87759            0.589872             9.98823
3.08893            -1.57652             10.2176
7.09536             6.04909             1.91118
9.19595           -0.307359           -0.622132
-4.3602             5.94409            -6.55646
-4.21209            0.558944             4.78105
-7.2089              1.8971           -0.543497
-7.65871            -4.51173            -2.06733
-1.22656            -10.4072             5.24141
-1.41395            -0.72724            -1.96111
0.61378             -5.8971            -8.29342
2.12568             4.64862             5.76532
3.55297            -3.67579             4.14542
2.55262             8.39768            -3.61918
9.36842             -1.4108             2.63339
-0.968258            -3.14305             5.55079
-6.1533             5.14905             -3.7599
2.3112            -7.17837            -3.08827
-6.57989             5.88427            -1.04937
5.46548             5.14996             1.45915
7.01582              7.7645             5.11654
9.56461            -4.04229            -7.90454
-0.700276            -6.51682            0.292405
-0.992153            -7.50864            -9.68334
-7.17165            -4.66272            -2.40789
7.72044             9.97654            -9.94529
4.60325             -8.4479            -4.57645
-3.23782             8.32401            -3.94027
8.43127            0.943694             3.97082
3.37789            -2.32893            -2.90751
-7.32333            -3.90805            -5.94068
6.62717            -9.90261            -6.82288
-5.01225            -7.11074            -5.35153
7.47084            0.598159             8.61564
0.55254             6.37024             4.62529
9.42881            -2.95281            -3.38878
1.22303            -2.76512           -0.509223
2.38848             10.4841             6.63181
-0.711419            -6.58654            -3.74127
9.34204              6.7993             5.29654
2.60771            -4.14677            -2.22451
9.77154             7.58855             6.27011
-7.20627             2.76787            -2.33242
-5.8006             2.07024             9.97677
2.25281             4.47672            0.551343
7.49094            -9.83268           -0.779027
9.62794            -5.50869             5.82077
-3.20182            -4.35498             1.64705
-2.90938           -0.559463              8.9434
-3.17816            -10.5575            -7.72785
7.19657             9.31336            -2.77085
6.69187             8.26685             8.84842
-4.34834             6.08856            0.732961
-1.74453            -3.13052             8.02391
1.26339             5.41112             -2.0589
0.0790498             4.74205            -1.53522
5.75219             2.17241             7.99981
8.42487             7.36363            -7.34075
-0.58111             6.12967            -6.00277
8.12646             5.01383            -5.76425
4.16376             9.21784            -8.38508
7.64223             8.37975             7.53116
8.34532            -1.68744             5.44199
8.57334            -5.56615              -10.67
6.54577             5.62398            -10.3147
7.0641             6.37858             1.02512
-2.28073            -5.45541             10.3822
-3.83596              9.2455            -9.61016
-0.582465            -4.05623            -4.72481
-1.20504              5.4135          -0.0265001
-0.737             5.79633            -1.47612
10.4415              6.4616            -8.34065
8.8205            -8.88095            -3.03937
-0.725464            -1.33397             -9.4075
-7.88007           -0.519298            -7.32708
8.24977               1.075             6.28755
9.98348            -3.65287            -3.12118
-8.19988            -4.63382             3.45876
-3.03107             3.43451             9.60707
-5.03573             3.81037             6.83298
-3.68887            -5.67688            -1.71099
-6.73773             6.87425            -9.26971
-6.41638             3.47838            -8.19844
-4.06604             10.3574             6.47289
-8.76039            -5.83318            -5.53863
1.566             3.80732             4.09867
-4.07871             6.21081            -6.99028
-8.38712            0.338589            -5.45292
4.20287             6.82492             5.86051
8.21876            -6.82706            -3.67851
7.75882             8.67219            -6.47835
-10.1464            0.886406              -1.355
3.33461            -6.94179            -5.58606
-2.33908             3.00988             2.98818
-2.32316           -0.646706             4.91903
-9.55059             9.36341             6.14371
-8.94138             7.83977            -7.01471
-10.1289            -0.82282             8.13021
8.20216             8.40867             9.97691
7.25547              7.3664             9.78928
-3.37162             9.98809            -5.89656
-7.87154             1.41065             8.20505
8.8616             1.78104            -4.30286
8.83229             6.72682            -8.39198
6.29537            -2.01261            -10.0731
5.79242            -7.24802             3.58086
9.58815            -3.59815            -7.81604
-2.58375           -0.734375            -1.08161
3.07444            -8.04495            0.659309
3.41541            -3.95562            -6.36754
-7.01836            -5.55457             1.00751
1.51711            0.862143            0.714854
3.88253             1.54761              1.3702
-3.27395             1.06939             1.16941
-8.25802             10.1252            -2.98738
-7.97055             10.3908             4.23178
10.2359             5.36426            -9.92156
7.5489             1.81558             10.0157
6.63417             2.99382              7.0119
7.27946             6.09736            -1.90222
4.92924            -2.92487            -9.47692
2.97927             9.56748             2.78237
5.97347             9.27739           -0.934916
-1.07696           -0.914008              9.3535
-4.60103            -4.36595             3.29321
-1.34371              3.6132             1.73466
-5.74306             -8.2841            -7.89091
3.83854            -3.30248            -6.32339
5.99651            -7.83362            -9.72754
-0.274689            0.516947             6.89767
-2.29337             1.14232             -4.3451
-4.69609             7.68431             -1.6369
7.07551              7.9883            -7.58104
-10.1321             3.25583            -3.86423
8.42127            -2.88295            -5.65652
-0.704001            -7.87549            -2.64835
-0.378553             6.19598            -6.27302
-1.1003            -3.79562           -0.844314
-7.68171            -6.00637             -7.8426
-3.27531             4.55271             7.07945
4.92515             1.11738             -9.8975
-2.60928             8.85638              5.4447
7.89824             7.50799            -1.89687
-7.65226            0.394587            -5.80161
-7.62611             5.69746             8.00609
10.2278            -2.00169             6.28594
5.87787             8.77145             2.79144
-8.76854              9.0043             6.93486
-0.642955             1.93113             9.34868
-6.21583           -0.897989             -1.2691
7.26511              7.6811             7.44459
6.66934             10.3656             4.46949
5.91309            -8.46189             5.25814
9.57179            -1.13611             1.44926
4.15103            -3.15734             2.40297
-9.10167             3.66415            -5.01683
-2.27847            -8.97726             5.48707
-8.51539             2.56898            -6.39445
-6.58139            -8.15487             1.60731
-4.44147             6.87158            0.855684
-1.42669             3.36672            -5.95149
6.83167            -6.72818             3.10281
-6.0455             9.99417             3.96266
-3.68305             1.34135            -7.13926
0.946088            -5.71274            -8.74007
-5.68755             3.46522             5.66277
-3.04633             2.63347             3.74868
9.94372             5.68096             10.0402
5.89431            -3.76034            -8.68448
-8.89651             4.74733            -10.0395
1.26197            -3.26676            0.197419
9.48579             3.29694             0.69892
-8.07354            -4.05548             2.73272
-5.31683             7.29859            -10.0128
4.0526            -9.66389             6.70761
-4.30179            -4.44673            -1.53276
-6.66676             5.01017             4.32214
-8.17271             2.57748              3.7252
-7.15588             1.23226             1.09091
-2.54834             9.97227            -3.53812
0.531082           -0.233188             6.71941
6.12035             3.63007             -6.9602
7.11458            -4.93477            -8.61463
-3.89699            -6.68133             5.48447
-9.44068            -3.20623             -7.7051
-5.42452              -2.562              9.4928
-5.15156            -4.33994             5.35133
-3.55041             7.35755             8.51822
-2.67303            -6.38571              2.3115
-9.63887             -5.3331             2.83804
-4.67114             6.94894            -8.41419
3.10352            -4.64468             2.51609
8.33375            -3.31088             3.31033
3.91213             -3.2497             1.44949
-5.78569            -9.89006            -6.02035
7.34185             2.99539            -4.69735
1.18095              4.0066            -5.68392
-3.02725             4.01842            -4.86743
-1.35275            -8.42889            0.801037
-8.12435            -4.71029            -6.42207
-5.03402            -2.67574             -1.4041
-4.3667            -5.82548            -7.04779
-1.07872             8.99096            -8.57608
-0.558705             4.49046             5.61028
-4.18007            -7.39299            -9.37592
0.757729            -8.60129            -3.52956
-7.67978             7.70164             5.64185
-2.08042             1.88857             1.78343
4.33455             2.27169             -2.7181
-4.6997            -8.54092            -0.27158
-9.15511             8.44722             2.86258
-7.39008            -6.64922            0.175197
9.14517             -3.8501              2.9102
-6.94921             1.06605           -0.148697
8.417             5.27152            -5.35706
5.04147             8.49247             8.95017
-10.0943             1.45701            -5.46009
-4.88185            -7.34414             2.56311
0.940128            -9.49566             9.66808
5.70501             2.62791             -4.9662
8.15339              9.6984            -2.77463
-7.82264            -5.16578             9.67515
1.50242            0.264752             4.64613
-7.901             8.83216             2.39387
-7.51634            -1.45088            0.482187
-1.03049             9.16645             2.03106
-5.13835             8.07474            -9.74405
9.06541            -6.72232            -7.10313
5.317            -7.05322             2.79383
1.17553            -7.44738            -3.32071
10.0034             4.40964             2.02932
3.35883            -4.04726              1.3292
1.69535             2.25072              5.5687
0.628088             -8.1262             6.91993
8.53172            -10.4311            -2.63284
-0.966166             3.30819             9.33045
-5.67347             7.20996             4.90178
9.18492            -9.71554           -0.176992
-9.39233            -4.19151            0.971843
8.64954             8.17755            -7.83776
0.773527             1.12683            -9.22321
1.77656            0.364359             2.44924
2.31658              -2.733             -8.7021
3.21513             4.63705            -7.77528
-2.65095             1.64904             3.66573
5.87036            -5.89728             4.28784
4.30528            -7.39249            -4.80883
-2.55188             2.04743            -6.24388
6.70504            -8.82304             6.42787
-8.63159            -1.74032            -3.99583
-8.22066              3.8795            -6.69969
-1.91495             2.22155            -4.79723
3.18678            0.538443            -9.78715
-9.01288            -2.86277            -8.74816
10.0142             6.98387            -1.90308
-4.81953             7.39912             3.44711
10.342             2.63257             -8.9214
-3.21826             -7.5411             3.72387
-5.05818             -1.4059           -0.776207
-5.70348             8.84055             -1.2513
6.78645             2.69561            -8.82687
9.91969            -3.61596            -7.83734
-8.25645             10.4506             9.16063
-3.75531             9.69407            -3.74393
-7.88707            -5.53866            -10.3844
6.0887             7.58248             2.14171
4.58913             1.26075             -3.0437
7.68144            -8.13745             5.07572
-10.262            -8.70947              -1.898
0.0102972            -7.68525             -8.8182
-2.97858            -5.25003            0.868098
-7.8319             3.83332            -1.90856
-7.53027             8.19897             -10.281
-7.18417            -4.90404             2.14022
-5.85069               -6.04            -10.0199
-3.51323            0.587828             1.42099
-1.18813             2.70847            -1.16042
3.32281            -6.68245             -6.5463
-10.7041             1.11026            0.221169
8.02612             3.35833             3.65603
4.72322            -4.85315             2.73098
-1.24541            0.838622            -3.29126
-0.78913             -1.8235             6.47944
-8.93726            -0.24738             4.60056
-7.93044              7.0117             5.00363
9.08958            0.180456            -5.24624
3.3003            0.654336            -3.15409
-8.15333             5.80216             7.75916
5.82522             5.97567             10.3294
0.403531             4.63897            -4.49337
1.19883             8.29429             6.07223
-7.57268            -7.45861            -2.69165
-1.46202            -9.30521             -9.2811
-6.92846             1.92756            -6.86938
6.83445             9.98829             4.34427
-3.99468             4.51804            -2.09452
-3.22709             6.92036             5.99291
1.85459            -2.62065             -2.3741
6.79001            -9.64919             10.2648
9.25559            -8.34634            -1.90796
-9.02555             5.37449             9.61191
-5.68375            -7.47061             -9.3736
3.77486             2.15948             7.01165
-3.57684              7.9371               7.648
2.75599            -2.97428            -3.40695
-3.45981             9.19509           -0.119822
4.38873            0.118524             -7.9816
-5.65326            -4.31331            -2.70582
8.52329             2.97859            -6.08246
-8.07332            -3.07999              8.0825
3.1196            -4.62022             7.12129
-9.40397             2.33092             3.83542
-0.336681             10.0107            -5.39606
-3.07102             8.95784            -2.33284
9.13464            -1.64003            -7.81619
8.76672             1.85542             5.18938
5.43765             6.95151            -4.66979
3.30904            -7.43955             3.95902
8.773            -1.75146            -8.31906
10.1196             5.20485             8.16708
-2.72036             1.65954             8.90552
-8.88631            -2.21878             8.40621
-7.84713            -4.52348            -10.2282
-6.81215             1.42216            -9.39111
-1.18711              10.238             7.49951
-1.93945            -1.58939            -1.31174
-9.13386            -3.10782            -7.35294
-6.61355            -8.48383             5.74882
8.25321             5.30936            -7.99567
-7.29155             -7.1343             5.84702
9.13479            0.138753            0.715798
7.87959             5.46298             3.54148
7.96412             7.56675             2.95091
5.94063             4.22094            -5.37093
-8.70078            -3.58025            -3.66682
-7.2227            -5.22946            -7.20165
4.72329            -8.75791             9.54571
-9.58434            -6.49018              6.0948
9.86078            -8.85327             1.35558
-7.17122            -5.59708            -8.62176
-2.27488             6.62768            -2.48412
10.2844             3.09111           -0.983115
1.08754             9.97986             5.71615
-3.74919              8.2442             1.47869
7.41232            -9.80597            -9.52868
-1.00811              7.1757            -5.44317
1.1233              8.6043             8.81603
2.79817            -3.60922             3.34546
4.13272            -3.88492             2.48022
7.79357             2.78421            -8.24295
-3.16946            -4.27128             7.84131
-0.0734589            -3.98731             8.37381
10.2267            -4.41713            -10.1511
-8.6656            -4.65248            -8.24234
-4.30271            -8.77662             -6.1993
-9.31991             3.31913            -4.86298
-0.191221             -9.2793             1.52247
6.52845             10.4618             7.79646
-9.00206            -5.67727            -0.13544
1.96014              7.4543            -4.22592
0.911069            0.929482             8.88876
-4.979            -8.03731             8.51996
0.866557            0.634149             4.05419
8.6448            -1.92609             9.49465
6.81558             3.06713             4.99618
1.76507            -1.42984            -3.91669
6.03725           -0.732232            -1.73188
-7.02598            -7.28842            -3.97953
0.80681           -0.570679             -8.9572
-7.47766            -4.32177              5.4168
-9.71702            -4.12991            -9.93632
-0.302865             6.24324            -10.0058
-4.53202             4.74421             4.99845
9.9471             4.51802              2.2526
4.59141            -4.65221             -9.5879
-5.48721            -3.53742            0.401285
-9.73183            0.386574             9.67316
4.32958            -8.96086             7.55365
9.04312            -9.72069             6.26139
-0.41829             3.99888            0.883279
4.75293            0.511873            -1.15422
8.82238             6.05181             -7.1348
6.07941             9.84574           -0.155646
-6.8555             6.57807           -0.789783
-3.15392           0.0260084            -1.78012
5.51414             1.17383             3.58309
-7.56532            -8.65613             8.18825
3.04413            -4.63062             9.35524
-7.96576             6.52265             8.73997
9.90068            -3.38017             1.11132
-1.59662            -6.36521             9.28975
9.42443             2.78984             6.60075
-0.729988             8.26637             6.44149
3.80172            -5.56176            -3.19708
-0.0247393             8.15528            -5.94087
9.05265             2.37633            -3.77393
-9.62932            -9.10945            -3.20564
6.00047            -1.67684             3.87169
-5.21183            -2.96972            -4.39211
9.26603            -1.53873            -1.92476
8.32483            -7.14125             4.54225
7.18316             3.97946            -2.27538
9.69143             9.91495             9.83228
0.437972            -10.2153             4.47696
0.905327             -7.1695           -0.383085
-7.30125            -2.55999             8.99328
4.69217            -1.67586             8.99657
6.50622           -0.424729             7.97938
-7.98648             3.28283            -4.67903
0.503924             2.97208            -3.76863
-2.84492             2.43527             6.59322
8.31776            -3.96942            -5.54332
3.85335             7.29169            -4.63053
-4.09152             2.74325            -8.21559
-7.66351             2.55201             5.28087
4.08348             3.77401            -1.34406
-8.87297           -0.203906             1.26854
-1.8218             5.41933             3.52226
-9.5414             3.71773              8.6927
-9.43375            -10.6956             8.46179
-6.70034             1.15518            0.131697
-1.43564             9.50779             2.68532
5.17566            -2.92948             4.65971
-2.55218            -5.44521            -4.67534
2.331             3.38603             7.09714
-9.15638            -7.59856             1.74048
9.88522            -9.06102            -2.07598
10.2276             2.52061             7.41146
2.69714             10.0287              3.5785
9.50198             8.15154            -7.28668
8.10407            -3.12349             9.58253
-8.38676             3.12538             5.02395
1.61541            -8.14699            -1.80047
-3.19766            -9.94098             9.56456
-9.63388            -8.89538            -8.30991
5.03738             1.11641            -4.75914
2.55478            -1.57809             6.59512
-2.48202             4.42506             3.88494
-4.16991             10.5092             -5.0811
7.46734             5.54338            -6.56772
6.38436            0.806462             10.1075
0.867914             2.18012             1.25981
-0.313717             4.32953             4.78249
8.42571            -4.06296             9.13642
-0.708129             2.64901             7.63348
9.41272           0.0475883           -0.326889
0.337864             3.88762            -9.03729
-6.3772             5.05388             1.89683
2.05265             5.27555            0.203015
4.39054             3.35127            -3.94217
-1.47445            0.953458            -7.50692
-1.95669            -4.77083            0.518559
4.72896            -9.55001            -6.05928
-4.68959            -10.2746             5.77954
7.99114             -4.7174            -1.11279
8.77919           -0.124179            -7.46595
4.66448            -5.59766             1.56217
8.03955             0.27412             3.30886
-9.5836            -1.09366             6.75751
-4.85034            -9.72773            -3.82528
9.92825             6.61314            -7.95234
-4.80755            -9.74625             9.13864
-6.99338             8.18087            -8.73157
6.97403             2.04504            -8.45472
-6.41211             9.30026              6.3306
-3.02267            0.172524              -7.251
-9.98345            -5.66822            -1.14406
-3.20822             7.60171            -9.05767
-2.61549             1.90123             3.43852
8.3897             1.70059           -0.989924
8.89869            -2.42166             4.99463
-6.83229            -3.53237             4.42116
3.46043             -9.4204            -9.41758
2.9886            -1.61359            -9.11205
-4.42176             1.81378              5.2416
6.94317            -8.37486             9.94336
-9.78466            -1.40203            0.276396
-3.57126            -4.05297             3.73133
8.61778           -0.850893            -8.75765
-3.85011             2.84809             8.90062
-7.20965            -1.37689             10.2342
-5.03839             7.08937            -8.46821
8.29034            -1.05328            -6.16801
7.8035            -7.13108             2.40412
-2.11132             4.46738            0.337576
-8.62287            -1.24316            -4.75942
-0.137929             8.60105             7.53092
-6.94134            -9.54099            -6.23198
0.769119             7.59431             10.3499
-6.48613             10.4508             -4.8431
5.96398             2.12831             4.30773
-9.77016             2.60467             -5.3729
-6.08524             9.16816             4.14985
-4.09841            -7.14358            -6.86963
-7.6668            -4.61045            -7.55956
-4.40043            -6.90662             5.35225
5.43351            -5.50413            -5.09647
3.49336              1.1945             2.14074
2.68971             4.19477             3.32222
-9.78951            -6.40332             9.87727
10.0239             -1.9088            -1.11159
-4.6031              0.5543            -8.00884
3.10072            -9.09112             8.99242
-8.08718            -3.85908             5.88874
-10.1709            -6.84673            0.651916
8.82653             3.34115             2.62543
5.34286             -4.5474               1.333
0.500041             1.20576             1.25107
-8.51108            -7.90724            -9.95664
2.60592             8.39781             3.48093
-5.69951             3.90299            -7.65225
-6.32704              9.1268            -5.54693
6.71193              6.4296            -3.46029
0.756134            -1.73451            -8.58239
2.806             2.83819            -3.06661
-6.40041             5.45764             4.42745
4.97945             8.32045             5.91362
-5.75656            -5.83616            -9.31112
-4.87207             5.71403            -6.08643
8.25798           -0.985753             2.28323
-5.31883            -4.20277             5.47456
-4.30364             2.93969             1.12399
-2.40691             1.12633            -7.68048
2.93092             2.59329             6.83877
0.970349            -4.92966             7.14196
-0.61037             -9.3399           -0.792774
-4.83976            -10.5273             6.23615
-8.93486             1.77209             1.18767
1.70722             7.45775             7.95182
3.85384             8.32107            -10.5957
-9.90149            -9.84305            -8.35652
9.13667             7.22494             4.84978
-5.80606            -2.60745            -4.24442
-3.17675             -1.7684             3.37978
-6.15324             2.60658             1.76488
6.51373             4.63251             7.75618
3.68265             4.65823            0.134201
-5.98024             1.01775            -8.36976
8.17821           -0.445249             5.36459
9.99336            -9.37102            -1.34776
-10.0902             3.11246             -8.5048
-5.62134             6.07305              6.4743
-0.1724            0.430462            -2.69327
-10.0464           -0.760204             7.66278
-2.78145            -1.08739            -6.35111
-4.88532             6.63246             3.11974
-4.71281             6.19421            -7.69782
9.84343             10.1924             2.33826
1.60343            0.608213           -0.555767
-7.72364             -5.4408            -10.0982
4.31454            -4.16546            -3.69371
9.60527             1.98763            -7.01499
1.02964             2.56416             1.51236
6.8926            -1.12351             -4.8256
8.26214             6.56258             -8.2099
7.34333             1.05073            -9.86228
-9.73896             10.3347             8.91027
8.09086            -4.92098             4.69155
-7.05436             9.39773             9.45639
-5.88979             7.49805             1.65901
6.98849            -7.04023            -5.34868
9.34828             2.77894            -4.48903
-8.34603             6.27589            -9.80802
0.715991            -1.86372            -9.41033
-7.24326             1.93838             5.65969
-6.41527             7.77005           -0.651859
-6.89362             3.82486            -1.63682
2.49884             9.09617            -5.86869
3.60534            -7.74578             2.17559
7.40823            -3.80324              3.7503
6.21674            -7.87009             8.54221
-8.30353             10.3733             -4.1503
-8.86284             6.53289             4.89431
-0.106655             1.22196            -1.38638
0.671254            -2.89634            -5.70564
9.39421             2.08749            -0.88784
7.74316            -9.47285            -4.27862
-5.27444             5.28516            0.528943
10.0334            0.993043            -6.53287
3.06525             3.24919             7.88169
-5.83067            -9.63747           -0.150303
-6.27724            0.617954            0.923067
-4.12448             5.28743            -1.11896
-6.07238            -2.86162            -2.07711
-1.25422             4.67319             3.77983
5.05456           -0.149621            -6.39654
-0.177407             6.50785             7.15877
-6.57795             2.27224          -0.0985068
-9.55067             6.56548              6.5615
-8.38827           -0.175211              4.6158
3.66992            -2.14695            -3.98628
-8.77146           -0.390123            -1.62927
-1.48164             8.74226            -9.33438
-0.371049            0.118484            -6.79963
2.71276             9.76876             8.75005
6.35159            -2.71523             1.09196
4.56362             6.81141             2.53036
6.97212             9.10898             6.15547
5.90496             7.64301             3.45032
-5.77562            -7.42266             8.73303
-5.03713            -2.10522            -3.20845
-1.43948             4.78255             -1.2138
0.188163             6.24218             1.39794
1.68133             3.32099             8.93087
-5.22569            -5.45768             7.78741
5.53598            -4.38353             1.30841
6.37933             8.50131            0.217071
-6.84154             3.92239           0.0433465
0.891128             7.30882            -6.14845
-4.87168             5.14953             5.50515
10.3895             7.60523            -6.36867
4.74522            -9.06673             7.84572
5.59641            -9.58614             6.98347
-4.1739            -2.56371             10.0057
-0.721139            -6.66725            -3.38823
-0.54364             3.09479            -10.2162
7.09627             2.53581             10.1457
-3.83149            -9.99963            -3.83586
0.284798           -0.461552            -4.50916
9.00973             1.05471            0.199322
-2.64273            -6.40824             5.36562
6.64668            -2.03151            -9.05911
4.5354             3.59672             2.22164
-8.62568             5.46575             8.20782
6.39193            0.562625            -4.13176
3.97914           -0.802436             5.09041
-4.1223            -4.91717            -6.24038
10.0709             4.67572             4.93202
-2.2973           -0.918966            -0.15942
6.6842            -5.08773            -6.72961
-5.81167            -3.45017            -1.17309
2.66586            -5.62855            -1.41089
5.39262             -8.0271             9.59634
-1.0012              9.6504             6.48901
5.92839             4.19411             -3.6643
8.09838            -10.1842            -9.57563
4.04011            -4.30945            -8.69906
0.835572            -7.21656             1.18215
9.50697             9.78439            -7.77424
1.61895             2.22907             -2.5138
-2.34869             4.34355           -0.535021
-2.64194            -7.42568          -0.0849642
4.30092             6.92581             2.63264
-5.29828            -2.05761             3.83007
-1.65692            -4.12377             7.71101
4.03484           -0.282309             6.20613
-3.2304             1.86597            -9.01036
3.91681            -6.96134             1.95979
8.89765            -2.35838            -8.35625
-5.38508             4.00665             3.74245
9.21982            -7.99314             9.63695
-4.0651            -3.77082            -7.91726
-5.53747            -8.38617             6.59542
-6.26053             5.93663            -9.98203
-2.66614             4.89506            0.934639
-4.58942             2.83016             6.33098
9.98135            -3.72315             4.82453
0.191258             7.86802             -7.3128
9.17017             8.62486             2.96154
-9.45113            -3.08342           -0.976756
8.84868             6.33622            0.323729
8.73968             5.16443             4.43623
-0.194782            -6.86892              8.4422
-8.29222            -8.96437             4.27052
8.44788              8.3347            -2.68768
6.27483            -9.46733               4.618
4.08585             1.77803            -4.27093
-0.165129            -2.05142             6.28852
4.3251            -5.67995             8.13828
4.35866            -8.99769            -9.69108
-2.12171              5.2196            -9.10218
-3.90908             -2.7853             -3.4843
9.73014            -3.46176            -10.0869
-2.13609            -8.98754             -6.0454
8.39658             8.84323             0.47734
-8.64262             8.46802            -3.40961
9.71583             3.23763            -7.83173
-9.07477            -2.97949            -1.89771
9.76964             8.40542           -0.547183
-6.44368             6.82049            -1.31884
5.05358             5.64291            -9.71069
-5.34987            -10.3477            -9.48994
1.41813             -9.5191             9.81668
-4.63282           0.0480183            -3.19067
7.92937            -7.95163             7.20498
-1.99397            -5.35283             1.26048
-1.54873           -0.708776             0.31582
-3.52917            -8.43899             2.20455
9.09941             2.43079            -8.54461
7.10556            -8.76998            -7.13367
-1.72559             5.53365             8.56648
2.69392              -5.663             3.29034
6.10385            -3.33772             1.46697
5.53994            -6.47437             3.39786
5.78057            -10.5406            -8.09414
-4.96512             5.21896             3.28725
8.67479            -9.34696            -2.43481
-0.690325            0.881847             8.69355
6.23535             9.17507            -10.1418
2.28335             4.65327            -4.08898
6.83551            -0.38066             9.93209
-6.25003             -8.0716            -7.17057
9.90107             6.90596            -2.47233
6.15945             4.59974            -10.7542
-1.09304            -8.47464            -6.01588
-4.18498              7.1805           -0.614881
5.58905             4.89365             3.12781
-10.3512              7.8071             9.96475
-9.60741             7.65955             9.00443
2.91184            -6.41517             3.31212
-3.30015            -9.80989             6.60468
-1.27727             10.2857            -1.32155
-5.50444            -1.32247            -4.81346
6.96663           -0.593477             2.62005
-9.82021             -3.5986            -3.97415
-8.17676            -9.32197              6.0709
-5.70422            0.728139            -2.12795
8.19638             3.41716             1.31456
7.94459            -2.59564             4.09342
9.84847            -8.41125             3.87887
-2.18245             1.39821            -3.87433
4.89235             4.20817            -7.14996
1.97112             2.32097             10.5072
5.26102              1.8457            -2.69315
-2.00441            -9.62454            -8.30122
-2.43167             5.54991            -9.93181
8.35034             7.77884            0.323039
-3.84074            -2.06062            -5.32165
9.77047            -7.85597            -2.75509
-4.16357              0.4245            -9.46823
6.36707             6.18592             8.43791
1.78855             2.98206             3.29682
9.6159             7.27722             7.55477
-6.44756             2.05235             7.74089
8.852              5.4773             8.94025
4.88146             4.56275            -9.76234
3.14434             6.98139             -3.5807
1.09889             8.29225             1.23582
-1.94765            -8.19393            -3.48384
-10.1724             9.38574              10.071
-4.43216              1.8964             8.91196
9.22893            -6.84425            -8.28682
5.83066             4.27206            -6.55537
-5.45662             1.52328            -5.33805
-7.20267             5.41197            -8.67136
6.27347           -0.767856            -3.32349
-3.20998            -1.34911             6.89199
-1.3983             2.04734             -8.8849
-5.87059            -8.44172             -1.9653
10.0355            -3.95017             10.0787
7.3017            -6.65101            0.527588
6.72009            -10.4407             8.31877
5.24266           -0.613237           -0.642939
2.14296            -2.07025             7.32363
7.57443             7.24416            -5.12534
0.998214            -2.05308             5.19508
6.96317            -9.03852           -0.860083
-1.75086             10.3859            -3.31175
7.25838             2.19015            -7.41657
1.61154             1.91018             1.83314
-2.19203             4.46203            -7.70909
-0.0417662             2.02798             4.36638
-8.38114            -3.65393             5.15392
-7.90184             4.97804            -9.65439
-1.15167             1.26638             1.43571
-4.86385             -9.8787             8.10209
-6.40931             4.14708             4.33596
-0.122009            -6.02095             8.07169
1.58146          -0.0214993            -8.91488
4.58455            -8.74378            -1.74061
5.13155            -9.56449             3.61741
10.322             3.75749              7.7526
2.54934             1.17158             1.84865
1.04688             0.67889            -7.74081
1.85602             -7.7819             6.51593
9.65407            -3.12421            -6.55936
7.1003             4.96203             5.06232
-5.73842             1.64444              8.4768
8.19547             4.22342            -4.03892
7.14914            -2.72333            -9.47675
-1.11095           -0.728564             -4.2602
2.93804             8.18336             9.85568
-9.23537            -5.05936             2.84295
3.32206            -1.57253             -1.8006
2.86242             2.11184            0.847565
-0.635961            -1.07143             6.06295
-0.774769             -5.7883            -0.38687
10.0151             8.22613            0.493081
-4.43749              6.2565             8.32911
-8.44802            -3.57371            -7.11491
2.38292            -9.71962            -7.55231
5.44563             5.43305            -9.34023
8.95087             5.07732              1.0155
0.611579             3.93267           -0.617894
10.1113             2.29777             4.92497
4.00842             -8.6922              3.6881
-6.69469             7.79019             -7.0075
-1.86134             5.72997            -7.57902
2.67635             2.30769             8.27797
-1.04395            -9.38477             4.64651
0.691461             1.28497             -8.2185
-9.17176            0.107195            -3.81532
-5.33922            0.169091             3.90583
5.13932             5.53476             1.08097
5.53954             7.70945             -9.6969
3.65976            -3.00898             4.89316
7.64194            -8.03054             5.43331
-4.40142             2.36759            -8.73853
-0.784489            0.761804            -1.07863
3.01061             6.99327            -2.31765
5.73743             2.38483             10.4721
-8.7853            -5.05145             -1.7143
-8.23465             6.50369            -2.30764
-2.31873             5.35358            -6.93471
2.93495             4.73262            -6.70258
-8.56797             6.22939            -3.55442
-10.3713           -0.466867             7.83363
-9.37498            -5.35124            -9.07564
2.9486             5.99193            -1.48592
1.28736            -4.33177            -6.42788
-4.59851            -2.08192             3.87838
6.62939           -0.614109             5.97256
-6.26909            -2.24216            -1.41339
-8.80339             7.59002             8.50961
8.64034            -5.13157            -2.58589
10.0409            -6.04857            -2.03923
6.95138             3.21139             1.84479
-6.69028            -4.21238            -2.06726
6.25552            -7.52675             4.71586
-9.02664             4.74069            -7.75953
-8.11858            -4.60734            -3.51364
-5.33248            0.515919              5.9832
4.55262             6.80471           -0.922988
-4.74096            -9.29433             7.04768
-1.07724             4.20388             4.65004
-2.3976            -8.18853             -4.5805
9.40994           -0.495706             9.03329
1.26091            -6.62524            -7.47526
-0.635001           -0.232343             6.34167
-7.52539             4.13744            -6.75821
-3.0768            -5.88963             5.24428
2.39276            -4.84933             9.86905
-5.14226              7.7047            -9.12817
4.03685            -5.30119             4.74843
-8.14999           -0.487835            -7.85251
-4.52059            -6.48658             9.99116
1.1162            -8.17014             -3.3214
-7.76896            -3.20051           -0.308923
-9.7351             3.15519            -5.40666
10.4287             2.25898             10.2317
-0.0866404             5.42149            -2.15494
0.421755            -5.82065             3.18743
-10.0644             5.70238            -9.01384
-0.418732             4.27954              7.6558
1.24258            -7.97161            -4.72987
2.81358           -0.991479             7.27557
2.34337             4.89142             -9.3977
9.40999             3.31584            -0.65581
-0.622527             8.16247            -8.50934
2.97293             4.31641              6.8336
0.631275             10.4072            -4.83182
-5.69006            -2.17222             3.86053
5.37563            0.913295            -8.05885
-7.07911              2.7767             1.56102
6.00508            -5.04378            -8.52409
8.51065             5.66473            -9.14638
-8.46388            -3.98851             4.58737
-3.14923            -7.85318            -7.50528
-3.25496            -9.05656             4.53654
-9.81448            -4.19857             4.28881
10.652            -4.88109             6.60146
-3.3051            -8.24987            -4.28077
-7.88393            -5.67451             6.74967
1.02972            -7.38503            -10.0185
1.55041             1.39295              2.4963
-2.39886             1.47541             3.20212
-4.71273            -6.92464             6.54738
5.82345             9.86823            -9.97255
-6.45026             2.15941               6.798
-5.40353            -9.49083             1.58095
-3.75477           -0.669003            0.697768
2.01066             4.87644           -0.123879
5.15251            -1.81372             6.89802
4.15075             9.28512            -8.23203
6.70924             3.16496           -0.529068
6.57984            -6.94171            -2.93959
-3.2303            -8.53378            -6.16743
7.94364             6.10887            -5.10092
-7.57367             5.22041             3.29011
-4.26368            -6.13287            -5.29577
-0.447681            -10.0748             7.60449
4.47452            -2.00701              4.4716
8.25576             2.39252             1.18261
-5.86931           -0.938477            -4.49615
8.40678             7.44443             2.54553
9.10705            -6.07855            -9.08735
-6.27544             8.04782            -1.92689
-0.118105             3.31529             4.94383
-7.41457             3.03204             1.94507
-0.0627687            -2.27805             3.23758
-1.42317             7.22154             6.86542
-2.50177             8.14553             7.67423
6.61156            -6.81605             8.09631
6.81022            -2.49797             6.92865
-8.07019             10.2875             6.88113
-3.44059             1.33731             1.41228
7.41113             -5.6606             2.22324
7.05394            -2.86227             6.24491
-7.08133             6.55831             2.99378
2.32719             2.84142            0.658832
-4.18518           -0.138731            -5.68711
-2.49059             -6.6025             5.58609
4.31312             6.56243             1.28433
9.0628             8.31292             9.26056
-8.77792             -3.6231             7.52701
1.89647            -2.60645            -3.58914
7.33571             -9.1191            -3.07177
9.24748            -9.80667              -6.246
-8.63868             2.73817            -9.79334
9.6814             7.88272            -3.98878
-1.35999            -3.24052            -6.03948
6.9113             6.71547             4.07181
2.21688             8.92258             9.46396
6.29745             3.31395             7.19736
7.7023             1.18539            -9.10379
-8.89268             4.05738            -9.67292
-3.18099            -3.49161             4.59608
1.64423            -7.22916             7.09385
8.15869           -0.804102            -5.36311
-7.4033             1.04046             9.28808
7.30964              3.7141            -4.19212
9.90077            -1.93717             2.87866
-2.7453            -9.75227            -4.12952
6.78895             8.51444             1.90359
-3.00362            -7.90982            -6.06152
7.53424             2.47161             9.65427
-5.1157             9.02434             8.53933
-8.53613              7.1759             2.25277
-9.8932             3.17663            -9.80968
3.17857          -0.0897104            -9.03822
-8.94108            -7.76242            -7.38585
-0.81136            -2.90091             1.24914
-0.375873            -1.26102             2.94126
-8.39779            -6.05042           -0.777603
1.65301            -5.13165             7.74583
10.1085            -3.23104            -3.33415
-6.07329            -10.3627             5.71192
5.79037             7.97379            -6.71592
-5.48112             -5.5916            -8.01878
-3.71784            -3.48265            -3.83771
-4.184             3.93462            -2.19248
-5.41717             8.92919            -2.29264
0.258321             5.66908           -0.444347
3.03402            -3.41113            -2.37515
5.61639            -8.36962             4.87068
4.88744             3.53657            -2.05429
5.02656             8.80105             2.30108
8.24569          -0.0835998            -2.38397
5.99922             4.58441            -2.48467
2.7617             7.64897            -5.77462
9.58074           -0.201437              4.6343
1.0254             9.51999           -0.741051
-0.638505            -10.4425            -7.10399
0.247521             5.06632           -0.799846
9.21576            -6.94323            -8.79754
-7.68618             -4.7367             7.64952
1.60208            -2.09808             10.0386
-5.17823            -7.88371             8.12858
-0.871585             8.01884             5.34993
-0.0151472             7.83302             3.92149
5.26745             5.08636            -3.84423
-9.43248              6.1924            0.403622
5.56263            -9.34866              5.9293
9.75926               4.991            -9.15252
3.26132             -7.8111            -5.73752
10.5064            -3.74794            -7.89594
5.11602             8.38918             9.92284
-9.23137             2.52107            -8.24059
0.145162            -9.49459             2.40949
-1.59804            -4.14297            0.314049
-0.941187            -3.89276             1.39282
-8.09607             6.05465            -4.21558
0.953312            -10.6193              7.0013
6.12732            -7.78818               2.639
0.765008              3.7578             2.86147
5.48834            -7.20724            -3.15777
-0.494145             10.7709             2.85762
-9.46488             1.08194             3.00106
-9.70642             -5.7175            -9.65996
5.60372            -2.71695              9.3968
6.88481             3.75703           -0.805292
-9.80291            -7.14018              3.1937
-0.00144313             7.12313            -5.95752
9.41826            -6.47489            -10.2858
-0.800952            -7.25969            -5.78659
4.47608            -5.90829            -8.19142
-6.00419            -8.19057            -1.78396
1.6404             7.28446             2.45847
-9.70042             1.70331             3.27168
7.34658             5.22412            -7.74034
5.72797            -4.30968             4.82755
-8.46717             3.85007            0.817711
-3.83056             6.40967             3.31052
-6.3249            -5.14639            -7.96985
9.21658            -4.40688            -2.20944
-4.94316             5.17695            -8.31421
-2.77676             9.23578             4.29758
3.0903           -0.577303            -4.98082
-3.83579             5.13985             -10.278
-6.81021             7.06132             6.61191
0.932594           -0.235786            -7.88333
-7.72275             6.01154             -3.0919
-7.42881           -0.659694             7.63437
-6.73134            -7.89303           0.0128327
-9.73159             6.05083            -6.66038
2.52839          -0.0398856            -4.00164
-7.1383             1.17041             8.84371
1.48411             3.05549             6.06851
-1.37934              -8.245            -1.96413
-2.846            -7.21481             7.49144
-3.08313            -10.1334           -0.171522
-3.50026            -9.79764              9.5022
5.07633            -6.69286             6.63537
4.91402            -1.76692           -0.657388
9.03236            -3.38797             6.97316
-3.5721            -1.37704            -3.11757
-4.73776            -8.21248             5.26041
-5.81759             8.03986              10.315
3.61189           -0.158559           -0.851817
-4.71801             2.83102             1.52563
-2.56615            -3.78293            -3.51647
7.08192              9.4747             4.62798
7.8121            -7.21866             3.28279
-8.37253             6.89749              -1.458
-5.10412             9.01092             6.62454
-8.85877            0.979937             1.12718
-3.57511             5.79617            -6.64874
5.65276             6.62361             3.61629
-9.20789             -9.4018             4.04702
10.0064             7.12343            -2.82388
-5.0495            -1.10605             3.01076
-7.56654             7.34353             8.81323
-4.06121             3.34416            -10.2254
-4.48844            -8.03206             7.78697
0.92624             2.19952            -5.77785
-6.90236            -5.03617            -6.77497
2.78801           0.0104005               -2.96
4.31028             8.98432            -8.84415
-3.01387            -3.48916             8.28571
-3.58188             2.37327            -1.89084
9.07795            -6.21008            -9.25391
1.00829            -1.83418            -9.58643
-4.54654            -9.60168             4.63026
6.62001             10.0505             5.29993
3.08966            -4.45889            -2.93424
-0.777352             4.26527             7.19608
2.42444            -6.04097            -9.02594
1.44185             9.34514            -4.11706
-6.23142             8.79007            -8.28427
2.05576            -6.87984             8.04262
6.92177            -7.71427             -8.9696
4.46061            -9.57276           -0.591037
10.3319             10.0924             2.68749
7.70631             10.1421             5.66595
-5.48345              9.7502             10.2034
-9.88247             2.92012            -4.37446
-2.28745             6.07232          -0.0513609
-2.67666             2.50025             6.94292
-9.01875             4.19154            -4.82081
-8.56061            -3.19041            -3.69227
-4.97373            -7.93759            -3.31616
0.316911            -8.56073             1.34037
-5.65637            -2.95999            -4.26707
2.11516            -10.2399            -2.40934
2.48674             7.99121             7.60141
6.39897            -5.84107            -3.01557
-3.84823            -2.10441             3.90359
6.01423             5.30125            -1.02212
-5.28511             8.15645            -9.87391
6.86846             1.64426            -8.56285
-0.00812135             1.00774            -8.27715
9.00333            -7.33966            -5.59127
2.27343            -7.07454            -1.14771
-2.11467             8.14216            -7.58619
-2.5683            -7.18931            -5.47281
-5.70023           -0.860448              1.0428
-3.88685             -5.8897             4.17229
-6.85426             3.46198            -4.12083
-7.15133             3.40767              2.3693
7.07904            -7.93138            -5.71616
-6.8269             3.38693            -7.44661
-3.44109              -9.073            -7.71448
-3.62489             3.04965             6.05061
-7.20607            -2.28538            -8.94039
1.83796            -7.50554            -6.69721
-8.7924            -4.35315            -7.15181
6.52089            -7.75756             6.08387
9.10873            -4.48732             3.65203
-7.95773             2.44222           -0.191038
8.96855             8.23983             6.51342
7.95606            -8.13264             10.2576
3.40977             6.57839             9.92647
5.61672             10.2175             5.77112
3.69068            -7.60432             1.23793
-0.960755            -1.64877             -1.3928
-5.94055             6.10373             4.17698
-5.19581             4.72765             6.79593
-9.05615             8.01909            -3.74377
0.971253             1.15531            -5.07133
-0.17946             3.21835            -4.35523
-2.16244            -9.21033             4.36326
4.48227            -4.08575            -4.26345
-2.00415             4.70504            -2.67199
-2.14921            -6.31401            -2.15446
-4.64935              6.3821             3.50276
-6.5061          -0.0279095             5.76975
4.6238             6.07734            -6.24316
-6.24493            -9.55802             3.47914
3.53445            -1.98481             2.21745
-9.94715            -4.55793           -0.841654
-8.5342             6.72986           -0.914953
7.88537            -10.0316             7.34065
-2.90678            -7.59989             4.36187
3.07539            -3.61737            -1.11452
7.15702             6.93778             9.31179
-1.03769             7.50565            -8.65716
9.36901             8.88042             4.92609
8.66355             6.23117            -6.52696
-7.1689             9.85588             2.78648
-5.98505             4.07945            -3.91897
-8.72796            -2.02123            -1.52791
8.67463             7.70532             6.44629
7.37768             2.71084            -1.85255
8.74811            -7.47661            -5.32312
-5.90546             -5.0853            -8.28631
-6.54164            -1.85663            -4.00473
-7.26144            -9.36673             3.30482
-10.3357            -9.37613             9.23284
7.69325             3.34613             -4.5543
2.13955            -3.11124            -8.41378
-2.22997            -9.55417            -8.85021
-8.7256             4.16247             10.0524
1.27018             8.36288            -7.81303
9.08993             7.99729             9.86258
-8.57357           -0.194014            -4.58159
0.799266           -0.741177            -4.40034
7.63774             5.70992           -0.634989
8.94058            -5.13814             3.40339
7.83873            -5.68845             2.40149
-1.26354            -1.20807            -4.18177
-7.36245             1.46641         -0.00372813
-6.0878          -0.0324754            -9.58945
-0.311759           -0.164449            -9.50535
7.94347            -1.44763            -7.59985
9.84772             7.22848             9.86976
6.5893            -1.37547             6.21461
1.88924             6.69473            -0.85166
3.52071            -8.25244             3.96697
5.87587            -1.48137             1.48345
3.56454              4.9899            0.452168
2.29681            -6.81773             -5.5988
-8.10144             2.43451            -5.52189
-9.34597             9.78683             8.82444
6.90581            -2.91809             9.25594
-9.11402            -2.12382            -7.20267
-2.95318             6.96297            -7.61705
3.35419             -9.6875              1.6447
1.80318             9.84852            -10.0203
6.51846             2.13008              10.076
0.696656            -8.56536             6.90191
1.06735             5.37914             5.40536
8.48712             3.59009             1.74636
0.257814            -2.91684             2.21429
-8.19835             2.00372             3.37425
-1.8554             6.76114            -7.18523
0.0533697            -1.35259            -5.15406
10.234             5.00273            -6.72587
-9.6389              6.1509            0.995289
9.45418            -2.04827             6.18909
-4.14617             10.6121             5.41524
-7.36487             4.11447             9.31968
-5.74002            -2.01116            -5.93046
-4.46121             7.03642            -6.72435
6.73845             9.28451            0.366212
6.78291             1.61953            -2.48584
-5.24366            -4.89563            -1.31204
-7.28871             7.84899              3.0152
1.69414            -1.87857            -3.75464
0.623401            -8.88864             1.80071
2.52349            -9.32984            -2.77533
-5.55071            -10.3177            -4.46951
-6.24717             7.73758             7.53331
-7.851             2.25172             7.83023
-5.67689              1.4869             7.43391
0.715354             9.07246             3.20691
3.01446             7.25315            0.706994
8.14047             8.59349              7.4342
6.32755            -4.17213             5.16781
6.8751            -4.10462             1.41563
1.98379             -9.3036           -0.253147
3.85133              7.6578             3.26643
10.0334             7.21463             7.81742
-7.05487            -1.95986             3.49969
-2.02986             9.63697             3.96201
-3.01421            -7.56865            -8.62694
-7.04945               9.057             3.72654
3.56697            -9.83558             2.63459
5.75425              9.4689             6.42478
5.37042            0.279789             5.98937
6.55923             3.35209           -0.168025
-3.03183            -9.86316             2.89645
4.19925            -3.54824             -2.2109
-8.72783            -5.76318            -8.45942
2.97147             2.42306             3.39148
3.55012            -6.60354            -3.44988
-4.23864             6.56539             7.66324
10.4433            0.737109             -10.033
-5.7013             2.91756            -2.99428
-1.26194            -5.28708              2.4653
-1.2579             1.09955             3.07107
-7.14725             6.88028            -9.16189
-6.73484            -1.05396             6.61534
7.02685            0.243779            -5.73657
9.35732            -6.91759             4.72914
-5.46709             4.94585            -7.31398
6.90118             7.23573             6.42697
-0.146428             5.19875           0.0263999
6.71068            -6.13038              6.1747
-3.33811            -10.5718             2.92056
7.67265            -7.59954             -1.5486
7.93703             2.87778            -8.02696
6.34672             1.73964             8.53049
-9.23932             8.02501             7.09093
-3.63063             10.2116           0.0335635
-7.72774             2.52459             -2.4197
1.928             -7.5255             -1.1736
-3.13732             -5.1505             6.97813
3.68574             7.00574             3.02242
0.480726             7.80805             7.38551
0.976465             4.30155            -3.24115
-2.071             7.83369             0.74947
-7.04946             5.04834             7.68188
-0.191248            -2.18562             2.31545
9.32521            -7.24401            -8.74017
-4.78473             5.00957            -7.49555
-9.85836            0.273437            -7.09807
-5.88697            -4.58316            -7.12192
-6.22595            -4.02229              9.5149
1.94105             9.78726             10.0449
-7.26846            -5.56907            -2.80459
-7.87085            -6.89505            -6.76431
-9.64093             1.61712            -5.91348
-10.133            -1.97518             3.79225
-4.14553            -6.76014            -6.81417
-4.86065             -9.3275             1.17111
-0.785653             3.32339             1.66747
-9.02054            -2.86431            -2.10447
-2.82027             2.89613            -6.71877
2.78713             5.39082            -8.81787
2.23967             4.99414             1.84132
-9.07989             4.94202            -8.86748
-8.11078            -3.25359           -0.527567
-6.48196             10.2024             2.39316
2.36233            -2.04042             4.84353
-4.72713              7.4431            -6.45874
-5.49703             9.80807             9.17909
7.70565             2.19596             4.11111
-7.55449              -1.788             2.18274
6.11981            -6.15168             3.33791
-8.10987            -7.80829              6.7235
-4.11853             -9.1994             9.56041
9.24952             1.95825              2.0093
8.83134            -4.52404             9.77683
1.63216            0.465577             7.50924
8.0928             7.95401             5.47207
4.86397            -1.69197            -4.85888
0.444461            -2.61316             9.33249
-9.86043             3.44169            -7.71001
6.01527             10.1691            -8.36629
-9.5876            0.120349            -1.25249
2.80041            -4.53911             2.81682
5.7498             4.47649            0.826119
6.32207             9.42512            -2.29762
1.70281            -1.43165           -0.108425
2.08061             4.16481             6.11667
-5.7281            -5.46444          0.00363557
1.35473             3.75589             1.03602
8.84756             3.21244             6.20442
-10.2013             8.79718             2.78598
-0.821142            -1.76637            0.473405
-7.27919             -3.6954             9.95512
7.04632            -2.70158             1.38477
-2.16402             7.88294             8.17488
6.40225              9.7553            0.975391
-8.12239           -0.433576            -3.67635
-6.60176            0.940875             2.73841
1.64603            -2.73718             7.74975
1.97975           0.0225656            -6.09941
-2.49656            0.887843             0.19053
-2.77717            -9.53807             4.04263
-9.32672            -9.39884             1.44885
-8.71761           -0.740569            0.484354
-0.46286            -3.99548             1.32942
-1.00141             9.80124            -4.52682
10.3481             9.47163             3.51607
-3.18552            -1.53343             9.51193
0.420378           -0.973203             1.87098
9.34016            -2.94717             8.00478
5.52427            -7.76103             5.27018
-8.77664             5.34663             9.76935
6.58343            -6.61531            -0.24501
-7.57044            -10.0319             4.02082
2.22278              3.1532             -2.6455
-1.89359            -7.47348             3.20007
1.80247             10.4394             4.67163
-10.0644             8.05342           -0.799346
-9.80103           0.0841644             2.31048
7.96772            -7.74318            -5.40383
-5.65606             9.52101           0.0134683
7.47976            -8.87037             6.20685
-8.92288             8.41208            -1.20495
-4.70264             3.93886            -8.72187
-2.04587             6.56515              2.3744
-7.81729             -9.0025                4.35
5.58297             1.54674            -9.07942
-5.19279             1.65674             4.19866
-7.06638             6.79918            -2.90974
0.289797             -7.5056            -4.24643
7.84143             3.60041             9.85537
6.76908             1.30185            -3.10066
0.677927           -0.696745            0.918799
-4.09865            -9.77303            -9.14481
-9.26344            -10.5069             10.4716
-4.03663             5.59367             6.80408
7.58618            0.305744            -9.62792
5.24259             -6.4019            -5.66428
1.03379            -3.71305             4.73026
-3.48648             3.42184            -3.32933
7.85952             8.55474            0.916157
4.03339             5.54115              9.2864
2.6025            -6.26396            -3.51052
1.50057            -3.84423           -0.725118
3.26562             4.74225            -3.27434
2.44501            -5.17677            -1.92485
9.68298             7.62089             2.22359
9.97178            -4.55294             5.09679
9.91828             6.52553             9.45263
-5.30512            0.660065             5.93373
-3.39253            -5.12114             -5.5324
-2.39955             2.00285             4.67975
1.63674            -5.58101            -6.15318
-9.87195            -8.98315            -2.98974
-5.11611             9.46427             9.87591
2.51886             2.49694             8.65539
1.41351             10.3857            -5.46748
8.57269             3.99802             -3.5347
-2.15937            -7.62736             -7.5365
-3.32939            -3.56981              3.3145
-0.0908435             6.75291             5.28238
4.97682            -6.55782             3.79589
1.4398             2.45573             1.08458
-7.17799              4.5963             8.65686
-0.580551            -5.95953             5.87321
-10.2222             -2.7206             1.23075
3.08587             2.75496            -4.88569
-5.04572            -9.25911            -5.63843
1.57461            0.255636            -4.03792
-8.91712             10.1823           -0.227697
-8.17954            -2.13736             7.07966
9.54368             7.35188             5.50016
-6.19813             6.32952              10.584
-1.37769             5.97286            -4.27555
-9.88            -4.03152             6.23386
-6.2855             -1.0262              9.1749
5.55212             9.81748            -9.03362
-5.43421             2.74064             6.46595
-1.48494            0.623123            -7.70664
-2.03475            -1.53224            -9.39204
8.72369            -6.17293             10.0026
-2.56101            0.192005             10.3046
0.223105             1.46072            -3.84734
-8.2096             6.39463            -2.55444
2.78039            -6.98382            -1.14972
-5.29285           -0.265412            -4.90944
-8.8164             2.94629             2.89272
6.63025            -3.98344             5.62251
4.50007             1.26661              -6.239
4.78799            -1.98728             8.80452
-3.50965            -3.16061            -5.62423
-3.79287             10.2691             -4.3085
6.55677              1.6678           -0.988963
-9.81404             8.57301            -3.19647
10.5053            -4.74578             4.55758
6.9854            -8.11503            -9.15236
-3.20432             -8.2931             3.64909
3.21873            0.524949             4.13027
-1.29386            -9.05457            -8.98123
-0.992836           -0.372121             -5.5767
4.21874            -1.55031            -9.62508
-5.70421            -5.72155            -2.66092
3.60058            -2.14927             6.40778
0.0247902            -7.60466            -1.91863
0.388473            -1.07271            -7.52358
7.07142            -3.05077            -5.53561
-9.63046             2.32373            -5.05325
8.24235             2.83434            -9.59869
-9.92513          -0.0191382            -3.47661
1.73413             -9.0269            -2.98832
-6.4501            -10.5602             5.19959
-3.05238             7.66531            -5.73285
-5.35527              7.8668             9.51256
2.7949             0.33826             1.79517
-6.59711           0.0284028             3.91309
-5.24354            -6.33323             4.53576
4.4031               4.462            -2.20374
4.04531             6.37278            -2.11643
6.80272             2.55696            -8.06435
-6.63339            0.293618             3.85415
-8.25934            -7.55937             1.47014
-1.83689              6.8142             4.23663
3.63941             5.48057             1.94482
7.67006            -2.32966            -6.50313
4.52994           -0.423256             3.63287
-0.953976            -1.33866            -7.39052
0.419633             9.82909            -2.00672
-4.94855            -2.78171            -9.68931
-1.44165           -0.898427            -1.42102
-7.08711             7.36282            -4.23853
-2.60892             8.23569            0.909868
3.6292            -4.52674            -3.76708
5.62289             7.46106            -4.09281
8.28719             4.43868            -7.67415
8.72451              4.4289             -9.3991
2.61714            -2.13888            -2.86185
