4.50148             8.62284            -9.80884
1.5688            -6.35463             1.10158
-8.49295            0.151274            -1.32826
8.90549            -11.2989            -11.6119
-2.33678             2.59004            -4.05247
-13.514             8.04396            0.505554
6.23743             11.9173             6.19668
7.33962             3.78049             8.38567
8.84391            -10.2136             7.51381
-1.19724             6.19309            -10.2673
-9.78824            -0.33656            -6.49612
-5.19535            -8.39218              1.6486
4.10948             5.25167            -6.31705
2.00494             10.8442            0.535021
-5.60521            -4.07274              3.7535
-4.77393            -15.1511           -0.229274
-7.68217            -6.25854            -3.30855
8.23566           -0.560953            -2.36258
-7.51353             -5.5034             8.83101
-4.00664             7.45382             0.35022
-1.93381            -8.13528            0.674909
3.30112             11.0969            -0.84372
-9.12838            -7.48329            -5.78973
-6.34396             5.72911           0.0428882
-6.71473            -12.1513            -5.19653
4.81434             -8.2105            -0.87146
7.05709             1.25947              2.1804
12.3778            -3.91914             4.27545
-2.71462            -11.9691             7.27992
-10.277             7.71039             12.0098
-4.70464            0.663924             7.46961
7.26577             8.39209             3.94053
6.13434              9.7741            -3.88629
-2.87712            -1.75986             8.75643
5.52873             12.7369             11.5719
12.7254            -11.7065             10.0732
4.16292            -8.46589             -8.0795
-2.59634             1.14755             12.3732
-15.2488            -3.54423            -11.9284
10.6736             8.58747            -4.52753
15.3966            -3.43261              11.751
8.08269            -10.3206             15.8687
-15.3211            -4.88522             9.46939
-10.3469            -8.74949            -16.8988
15.3407             5.94117            -7.73377
5.26991              7.6611             13.8653
10.8579             2.06343             7.83576
-3.14944             11.0129            -15.4282
-18.9839            -1.44838            -2.43869
-10.6697             9.79364              8.0511
5.37874             6.37267            -11.2549
13.4451             9.38891             -9.5703
13.0766            -6.84335             5.95256
-1.99959             -13.014             11.5485
-5.16893            -11.4631             1.02768
-0.539405             -11.579            -2.19085
-6.17             3.38043            -2.18269
11.4657             -14.078             12.8936
9.93055             2.66679             1.30399
-3.42515             13.7519             -4.6082
12.3307            -8.81666            -4.25246
-11.8615              5.7397            -5.35633
-8.16058              3.2284             8.76556
-10.9771            -11.3337             1.65517
-9.28386             3.31507            -14.5214
-8.66884             10.0374            -11.6061
0.487898          0.00129333            -9.79588
-10.9328            -9.95663             5.80463
12.131            -1.70522             8.98576
10.7076            -1.09549            -10.2585
4.22518             10.3771            -5.16537
10.1827            -9.67931            -12.1064
-6.59451            -2.89382            -9.47915
1.87712             10.1119             6.81572
14.7324             10.3921              -10.23
-0.0830865            -7.32162            -6.06613
-11.8454            -1.97581             2.96566
-7.48602             8.93614            -7.24932
10.1459             -3.3314            -10.9449
-4.82077             6.39111            -8.04599
13.0687            -11.3539            -5.38803
-3.38576            -10.0036            -8.36243
10.0087            -14.6592             3.22156
-16.9467             16.7013            -2.31349
9.69232             -2.9445            -8.88004
9.63358            -7.30898            -17.7985
2.99512            -1.00224             3.64102
-1.20777             3.98966              8.8684
-6.93093             10.7772             -10.511
-4.45041             10.1951             9.94591
6.49128             16.2602             11.5494
8.77381           -0.154865             12.6261
-13.8755            -7.24214            -2.59758
10.5997             7.11505             7.21819
-6.90407             5.14352             10.0642
-3.3174          -0.0033139            -9.12052
15.3685             7.80231            -15.2755
1.27805              8.1259            -16.5726
15.2438            -11.5889             15.5252
-6.15174             7.03326             4.76597
12.7473             10.2808             2.20095
-0.17457             3.41043            -13.6277
-9.61936             7.73799             7.62142
-1.62822           -0.512533             13.7183
11.8809             5.44853            -1.23548
-7.76295            -6.64696            -12.8764
4.42654             1.39307             2.50771
-5.47497             10.0025             15.7502
15.5474            -5.45554             8.26832
5.44531            -17.6814            -9.42919
-11.3137            -6.23406            -2.98577
16.6009             14.5247             0.68637
-4.11329           -0.388232            -11.1156
-4.98086             9.16546            -12.2813
4.1553             -2.8923              11.877
-2.99232             5.07302             6.05416
3.79511            -2.67447             -6.6334
6.54001           -0.918262            -8.76621
-12.9371            -5.09332           -0.420223
4.00963             4.62576            -7.11799
7.56293            -6.55268            -8.09927
4.70474           -0.647788            -7.13318
7.4375            -10.0286            -8.62754
1.071            0.582186              1.0686
9.75326            -3.82759            -16.8531
14.6685            -11.3088             9.14239
8.17835           -0.256358             8.22913
-10.103             12.7146             17.1375
-10.1612            -1.00399             -8.3897
2.78751            -10.5428            -9.80955
4.28458             -6.0053             2.04683
-15.6505             11.6032             -2.1844
6.97278              -4.219            -4.36152
-3.80113            -1.33866            0.243699
13.4629             0.14327             11.4515
-18.288             1.68739             15.2557
10.2928             12.3034             -15.629
-3.26612             5.06803            -5.92529
-10.2141             2.23622             11.4645
13.3822             3.50292           -0.645982
-17.7711             10.9934             1.41223
7.93548             6.23548             16.3476
13.7706             2.60153            -6.62823
-8.2664             5.13288              13.361
-12.7635             4.49304            -3.85144
15.3425            -10.4383             14.0629
12.471            -14.1059             2.63029
-14.1067             16.0444            0.119687
5.44785             10.4378            -9.60029
-5.90982            -18.1005            0.763268
-6.41994             7.71483            -7.10218
4.32717              4.7225             1.30294
14.7245             9.89266            -3.72773
-0.872064            -8.02933             6.54004
9.463            -1.97278            -14.9931
-0.15095            0.399247            -4.85025
-16.4949            -1.31214             11.7501
0.61094             16.6378            -10.7913
-9.91889             3.12755            -3.74558
5.79681            -11.6446             14.7819
-6.56025            -4.28522             4.16825
-3.67642             -5.0928            -5.56723
-4.24232             6.00889             4.07864
9.98095            -2.50134             10.4563
-11.2888             5.90605             5.95397
8.31333            -4.68967            -3.44756
5.66152            -3.84152             10.8256
1.63911           -0.919658            -7.13035
6.67737             11.3559             7.02561
5.14515            -8.94097            -3.14764
9.95227            -12.4688             14.4729
-0.351391            -5.11295             8.64291
3.90014             15.3659            -11.1737
-9.1649             5.44528             6.92002
13.0909            0.195117            -8.04672
6.92783             10.8073            0.814257
-14.5453              -3.396             -4.0602
2.68729            -4.98056             6.76433
16.2958            -6.61688             12.4947
3.98145             15.3842            -11.3201
-8.10334            -5.04627           -0.855108
-0.104819             12.2005            -8.25635
10.7347             4.40601            -10.1489
5.81909             9.00458             0.44558
7.02674            -9.33138              8.6298
4.49556             15.1303             12.3566
-4.45394            -7.84752             4.44089
3.07764            -14.3314            -11.1773
11.6997             4.68732            -1.49162
-0.826361             7.87052             9.96013
15.5085             -12.651             -2.4973
-4.01886             5.73183            -2.76792
-7.20515            -7.74738             10.6558
-0.761654             3.66639             6.88465
16.3839             4.45813            0.744049
10.4881            -4.28635            -12.7803
3.72685             14.9168             9.14714
-17.7857             2.92501            -15.4136
3.60301            -12.7357            -1.20881
-7.92281             8.12644             3.42592
-9.7582           -0.561329              5.9707
14.963             11.1729             10.8052
-3.25958             10.8721             4.77652
-2.65661             4.05913             7.48851
6.44492            -8.11771            -11.5992
6.05066            -12.5489            -1.94702
-7.07344             14.0532            -3.23074
1.21379             8.64473             4.20683
9.75789             -2.8269            -1.12287
11.7622            -14.2673            -11.2473
-17.2818            -6.67689             7.06832
-17.4265            -7.14504            -9.32039
6.19757            -3.29689            -5.01416
-5.76625             9.35779            -2.29424
-13.7097            -4.03142            -3.84195
8.55801             -16.089              8.4936
-13.9403             13.1513            -5.02987
8.89029            -11.8326             9.54809
-9.36128             1.66861               5.339
3.55862            -8.39128             -13.923
6.94583            -8.98394           -0.153549
-2.40081              13.889             21.2046
12.7128            -2.59287            0.616144
6.40688             11.9913            -7.02433
14.2959           -0.160684             2.96004
5.10748            -9.27851             5.58087
-15.5329             7.24885             8.31263
-0.890765            -14.3256              6.5026
13.4935             9.45063             1.05792
-3.21326            -6.28805            -1.40616
5.32275           -0.227633             8.85013
-0.31071             18.3389            -10.5375
-5.63956             5.27692             9.01195
-4.69244            -8.00278            -12.7386
-13.9745             -12.687            -13.7907
0.519618            -8.60371            -12.0455
-2.72973             5.16957            0.794319
-2.78643             12.7912           0.0455341
14.1708            -4.27618            -1.66143
-6.93393            0.747976            -7.78895
-8.61148            -7.70611            -4.77425
6.12358            -3.18953             10.0684
10.2334           -0.216879             9.20185
5.85915             14.0081            -2.83572
-13.7012             8.19243             8.05907
0.243547            -2.80589             -13.943
-1.28225            -3.28273              10.054
12.6994             5.09026             7.57558
3.5538            -5.35792            -4.82242
-6.94714            -4.90641            -10.5416
-11.7101             13.4147             11.0351
3.82234             1.22749            -4.03886
7.98489             9.42805             11.2709
5.01955             -8.2119            -9.68371
5.38024            -7.12411            -7.59165
-12.9675            -14.8684            -3.38783
-10.0717              6.2851            -5.43191
-10.8719            -4.30253             4.27787
0.670952             6.41776            0.767137
11.1989             7.28829             9.20543
10.2343             9.10624             4.38414
-1.46573            -3.36988             8.37481
4.34855            -2.73818             3.58212
10.0436             13.5413             1.52921
-9.88033            -3.18854             4.18034
-13.2265             3.04057            -8.26637
7.20305             5.73012             4.56278
-1.21782             2.99272            -3.19102
7.58799            -6.75153             6.51548
16.6844            -7.68611            -5.47128
7.96798            -9.03659             9.31707
-3.64595            -9.18247              9.7075
3.66781             2.79249             8.44252
3.1266             6.82298              5.4139
-11.8785             7.01799             3.76996
-8.12186             14.8947            0.505104
-3.43261            -3.04369             3.68419
6.85017            -7.12584            -15.1254
4.45583             9.84457            -11.0701
-4.83688            -15.2594            -10.1373
6.73895             -14.472            -3.47247
1.70088             1.13563            -4.64038
9.53095             10.9544            -2.09381
-9.69955             2.28758            -5.99129
11.1453             4.59291             5.36384
-5.9373             6.51506             -7.7478
-10.938            -8.81619            -2.78531
11.0524            -12.1865             4.31666
-1.82585             7.25243             13.1686
-9.63012             1.05019              9.9066
-8.22816             5.43825            -15.6115
4.05383             9.62209             -1.7599
10.3514             7.21298            0.855886
-7.27004              11.652             8.67113
-2.02443             11.4654           -0.954902
-7.37224            -16.3253            -8.11272
1.51747            -14.6594            0.636034
4.57023             16.1589             12.9097
1.63916             12.1241            -13.5266
9.35654            -11.3157             2.97946
-0.729132             6.77657            -10.1676
12.3884             -3.2337             -12.729
-9.80442             12.6103            -11.3936
14.8452             -6.3769            -10.2226
4.04858            -6.24727            -2.36258
-2.45368             2.04041            -4.85427
-13.8721            -18.5543             6.08227
-7.88658            -2.60238             10.4269
-11.894             12.4791            -5.85626
6.06196             3.24352             1.71316
-9.15953             1.55538             6.78695
3.5494            -1.24875             2.30392
-16.8311            0.761337              1.4929
-12.0132             3.01747             5.59935
4.01737             14.2982            -2.27552
8.25747            -8.10715             8.35221
1.35413            -3.22798            -1.01512
-7.16162             2.65588             4.52754
-3.03369             1.47844            -11.9224
-0.235586             4.12667            -14.9749
6.50491            -7.15246             9.74169
-0.904449             4.64744             -5.3863
-4.9306             2.55716            0.734231
-8.69908            -13.4033            -6.09199
7.48215            -13.8051            -3.85384
6.28563            -8.50434           -0.717714
4.9527            -4.78512            0.406355
-10.1402            -12.3694            -7.17945
10.6365             9.44426            -4.40629
-10.5812            -8.46777             10.1305
4.52853            -11.0497            -10.0269
-6.24953             -13.915            -6.58744
-12.6471            -14.9831            -9.65477
-6.89074            -12.5781             3.39592
-4.69518             7.72037             -4.6749
11.8665             6.14134            -10.6068
-12.0534          -0.0516122            -9.49629
1.15733             13.7024            -7.53603
-15.3878            -1.56491             13.3343
8.53305            -12.8683             2.66526
-3.11875             6.59375            -5.43983
-13.7093             7.51517            -4.54286
4.22362             13.4278            -3.43449
5.5683             4.70878            -4.04994
0.884733            -17.4104            -5.68236
2.9434             14.9775            0.639928
-7.66191             4.84725             1.34636
0.349953            -11.2494             12.6123
-10.6877            -8.44086            -2.53065
6.92273             2.04374            -6.22886
-1.51353             -5.9933              12.675
11.949            -11.3939             5.13833
-11.4299             -11.728            -15.7658
6.74912             4.00612             3.79736
13.0012              14.346             4.83689
6.08863            -4.18475            -3.52997
-8.56815             10.9409             11.1497
2.88846            -4.25437             7.54118
11.0986            -4.65271              3.8998
-2.88371             2.58024             7.59884
-9.46984             8.93447            -8.88059
12.8095             10.0136              1.9684
4.20236             16.0462             8.99747
2.60803             -5.1331            -2.23216
-17.3918            -1.28669              14.495
2.69113           -0.568423             11.1479
-7.68335            -16.5494             9.57425
4.12906            -11.9161            -1.64352
10.104            -5.20507             7.56323
-12.9423            -12.7112             15.2312
15.1478            -1.43487             1.11903
10.184             12.7996              8.3857
13.8066            -1.66038              13.221
-16.3764             9.03108             1.35212
4.67577            -15.3526             6.42317
-4.02582            0.150588             7.17758
9.63098            0.893012            -14.9712
5.85724             7.69548             7.24672
-15.7591             13.6968             3.93531
5.79865            -3.84512            -13.9232
-8.6981             14.2536             12.6641
11.733             3.84351              -6.906
-16.6816            -11.8419             10.8049
-7.3664             2.48092            -9.19941
0.842811             1.11109            -12.4016
2.38717             11.4134             -3.4473
9.61773            -6.77693             3.91509
-16.521            -16.0652             5.07889
14.9499             3.21764             2.19826
-11.599            -14.9743            -8.79196
-10.639             9.22253             12.0773
-10.5495            -2.80079             7.59085
14.9601            -4.41106          -0.0439039
7.81431             6.84887              7.3736
9.62227             -5.8605            0.200986
-12.3759            -8.85661            -2.83872
2.59231             7.83335            -14.2233
5.88451              8.5395            -12.0089
-10.243             -8.3262            -7.64693
-0.48814             2.29001            -11.2786
-12.7277             13.0526            -2.55328
-12.0951               17.66            -7.04429
-11.5544             12.4998            -19.6117
5.19341            -13.7524            0.674008
-14.311            -14.5952             4.64705
-9.75776             6.36473             9.58459
5.95525             1.12419            -12.5622
-12.7233            -3.77513             9.41896
-7.0503            -7.28661            -1.30167
11.0678             15.8799            -11.9558
-1.55655            -1.02511             11.8889
12.3171            -7.18396            -1.19662
-12.6538            -11.2421            -7.32698
-10.0289            -1.62285            -5.87454
-9.10416            -10.2048             10.7854
-6.69285             7.18477             5.41731
9.35943            -2.90331            -13.5665
-11.9466             4.13333             -14.814
-3.43114             7.63189             7.15033
4.5005            -1.87825              2.9579
3.70152              8.6687            -12.6775
7.02351            -10.7419             7.24622
-8.94231             2.90549             3.22244
-0.0214408              -4.462              13.505
10.8251            -8.75598             2.76022
7.61262            -2.88173             15.3291
-1.55724             3.15759            -15.0031
4.85906            -13.4147             12.2743
6.56276            -7.72679            -13.9244
11.7726             3.48155            -1.80338
-3.15714            -10.9567              9.6463
-8.13513             -13.296             14.4368
-4.99263            -15.0228             4.21496
13.8339             6.65975            -13.9046
-2.4953            -9.23722             7.56303
8.86143            -11.5349            -1.29717
-5.20947            -3.66956             11.9105
-4.37032             5.69357            -1.84984
-10.8855            -14.0905            -4.19006
8.34122             8.59077             11.7535
13.8326             10.6792             5.59936
-12.7891            -5.99055             9.02288
-1.60201            -5.45932             7.28062
5.4907            -9.16689            -10.0266
-1.28634            -11.7775              4.3088
1.22875             2.01063              5.6892
6.36892             6.06066             12.5932
4.51004             13.2179             19.6264
-11.809             9.71447             5.65017
-1.92677             -1.3747            -4.02971
11.0526            -7.79397            -6.31834
-3.89627            -1.64812             11.7517
14.0798             -13.405             10.6521
8.57061             10.2884             8.89035
-4.6876             11.7337            -2.55182
-3.09177             12.5268            -13.8026
6.30467             12.3047             6.80926
-0.839815             9.27483              4.9702
-1.72932            -3.50564            -9.11097
11.963            -7.01061             1.20201
-15.368             13.8598             2.03749
-5.86804             14.4186            -4.18474
7.84136             10.5501            -15.4427
9.85759            -7.87229            0.632323
-6.49608             15.3821            -1.74838
2.19147             5.97109             12.7018
13.9407             2.36451             13.8125
-5.1552             11.0619            -6.69352
4.83005            -12.9859             -9.0702
2.29503             2.63983            -16.2867
-3.693             8.55646             -7.9343
6.64598            -9.78211              7.4254
3.68134             6.28405              3.7824
-1.84078             3.18041            -14.5864
-8.86664              5.4803            -2.47632
-0.389482            -7.48242            -4.28937
-11.6855            -1.48766            -9.69174
-14.0565             13.6437             13.0158
-13.598              11.122            -10.6263
2.58573            -13.4297            -11.0597
-2.44479             4.79516            -7.33037
-4.79743            -10.0861            -13.2435
-2.98264            -6.23763             3.61485
-12.3465            -5.94132             12.7868
5.2411            -8.26705             6.08333
-6.0585             8.32583             10.7075
8.06455            -12.3555             5.49896
11.5155             1.89014             1.71916
5.74327             8.31686            -11.0399
-3.23073            -9.66166            0.547762
3.80053             13.6705            -12.9752
-9.11644            -9.04678             8.30464
14.5365            -6.06162              10.151
-1.52442             8.45769              5.5886
-5.88589            -7.65737            -9.62237
8.21655             5.56446            -10.6958
5.382             8.02323             4.45014
14.2655             8.89137            -12.0595
-15.8577            -10.6451          -0.0167573
8.02709            -1.02917            -6.07381
5.36354             12.0055            -14.0395
-3.16217             8.32371            -4.79279
-3.22646             1.05815            0.975996
-0.813441            -15.1313             15.8248
-8.17526             10.2231             11.3901
-8.04701             12.6155            -14.6898
-11.801             3.74043             0.94204
8.59666              -4.601             3.40997
-7.89879             -8.9779             1.81969
15.7829             4.81234            -8.79975
16.3697             -6.6653             8.87189
5.68538              3.8738             4.24945
-3.10409            -4.97492             9.74394
-8.1675             7.60957            -13.1579
9.25307            0.246987            -6.14868
-0.732013             8.22153             7.96977
-6.66451             4.89455            -4.85014
-9.64703            -8.81939             3.64115
-7.7091             3.12255            -4.14416
9.59661            -13.9496             8.65489
7.75682            -13.4549            -1.76656
9.53429                0.73            -1.26349
-13.6486             6.17222             15.9705
1.14757             3.87748             5.26169
1.26849                15.8             2.69675
-14.2716             2.05786            -10.7883
9.3538             11.0749            -14.9407
10.1413            -12.8445               7.801
-6.20178            -8.90161             2.16592
-4.98026             13.7559             8.63234
-2.09088            -4.09959           -0.666633
-0.288599            -15.5088              0.9696
8.4136            -4.74955             11.2167
4.25999            -12.6227             7.29946
16.6799            -6.19508             5.88003
4.29581             10.4634            -8.52918
-0.604989             8.33854             4.78733
-12.3127            -14.3591            -17.8181
4.61186             2.60383              11.597
-11.1634            -16.8613             8.45448
0.349598            -10.2068            -10.7039
7.55785            -6.94888              3.7007
10.2431            -8.29572             5.28156
5.41879             17.7422            -7.65647
8.01942            -1.86071             14.2007
-10.3186             2.64473            -6.26883
11.0864            -5.74721           -0.410707
-11.537            -11.4461            -10.5433
-12.5459            -12.3056            -10.0858
13.5118              13.256            -7.87378
-7.84324           -0.645039             4.98065
6.59247             -6.8871            -3.06782
7.43346            -1.47827             -6.6283
-10.7824            -12.7745              5.5867
6.90995             5.02317             8.96141
-0.300487            -5.64304            -4.36748
-4.77362             -1.2181             2.01615
-5.24796              16.743              -15.44
-5.31139             4.63084            -1.55903
11.2384            -3.90103             9.39839
-0.16015             9.70867            -8.06829
-8.57194             10.9823            -1.06831
7.74654            -4.87748             -3.3467
11.3059              7.6655            -8.45033
-8.52485            -1.29914             2.87399
-10.2251             3.75918            -7.65794
-1.62954             3.04317            -13.0201
2.99603             -6.8368            -11.1913
9.19759             2.54971            -0.32981
-11.3774              6.2668            -10.0395
-9.80001             7.63376             3.49392
14.6946              11.332            -11.3239
-7.42235             10.2998             15.8893
-0.853982            -4.22713             1.87242
5.98745             6.12842            -12.4481
-0.595167            -4.18714             4.81302
1.89969             10.0028            -12.0616
11.3376             1.81408             12.6102
1.38718           -0.937756            0.268222
0.178926            -1.10488            -9.12622
-8.21308            -8.40653             4.47278
-10.2721             9.32347             4.36124
0.111752             11.8075            0.561201
4.13722             1.12984             4.55415
-14.3083            -15.2377            -13.1749
-4.38737             6.99235             3.71666
1.74054            0.854569            -4.37242
-13.6401            -1.81838              11.521
15.2648            -9.42851              10.159
6.85889             2.32379             3.59335
10.0022            0.802576             4.05576
-0.915723           -0.188547            -2.68374
-8.6922            -10.5686             10.6944
-12.574             14.5805             -3.7812
-0.753794             3.37453             15.0963
6.06733             9.79527             1.25769
10.9993             6.69604            -10.3041
13.7956             12.2145            -9.09669
12.2152             11.0135            -12.2142
-12.0802             7.88745             16.4401
-0.827885            -7.39136            -10.0089
5.90068            -3.10449            -1.28291
0.569021              12.409            -4.76107
-9.77348            -2.13308             5.64193
-9.78929             11.8042             8.26833
8.83436            -2.23342             9.63132
-11.4437             -7.1909            -13.4883
-3.07099             4.31894             9.93307
-5.24225             1.57828             11.4996
4.39968            -8.03051            -1.92978
1.07573            -1.94771             12.2398
-9.51355             10.5407            -6.76277
-4.09789             6.92805             1.85828
-9.38379             -10.146            0.425651
-13.9628             -1.0376             12.8675
3.81909            -4.09749             14.8808
10.2446              7.9782            0.946209
11.3162            -2.81234             -1.6281
-7.16824             7.61533            -9.38922
-6.28465            0.424058             5.54184
-8.85512             4.39938             0.29595
-8.73853            -8.58561            -1.64725
-1.55239            -15.3795             5.20584
-1.16791            -1.35625            -3.32674
1.49845             -9.6165            -13.4676
4.60564             6.76879             11.2747
4.13495            -5.41911             5.31795
5.47363             12.4224             -3.7397
13.3159            -4.10943             3.19554
-1.76265            -2.17886             8.80874
-6.90959             8.24452            -6.46283
3.02677            -11.7998            -5.82813
-12.4532             5.34674           0.0857937
7.85149             7.04414             3.01942
8.21858             12.2726             8.97237
14.0854            -5.63089            -8.81517
-2.21117            -8.94464             3.57703
-0.869954            -10.9292            -13.1083
-8.99982            -5.65873            -2.53328
13.4338             15.1354            -12.8776
6.69928            -9.75505            -6.22436
-5.29379              11.076            -7.99735
10.3405               1.522             6.63437
5.93133           -0.641948            -2.87513
-9.96496            -4.63849            -10.9219
8.76228            -12.5723            -14.4183
-7.7743            -8.55427             -6.4932
9.49379              1.8942             12.5955
-1.1297             7.38694             6.13561
16.2396            -5.44501            -4.36909
-1.03387            -3.04213            -2.92837
3.04656             15.5833             7.39176
-1.67282            -8.83762            -5.87974
14.4128             10.7119             8.55239
3.20183            -5.25174            -1.53659
12.7499              10.631             7.31963
-8.14725             4.28788            -3.02986
-8.45065             2.67122              13.306
4.96162             8.73834            -1.10979
10.853            -14.1223            -3.24211
15.6698            -8.78997             9.70175
-2.37662            -4.78717            0.469724
-5.83032           -0.301639             14.3657
-4.76482            -16.9771            -12.9933
7.7306             11.9635            -4.49919
8.74095              10.472              12.347
-7.14048             7.80979             1.76129
-4.93418            -7.59339             10.9951
1.42212             5.05375            -5.12932
-0.554389             5.17235            0.842213
9.11321             2.34054             14.7181
10.0542             10.9276            -8.82346
-2.45847             4.62236            -10.3964
7.3238             5.25441             -7.5267
5.34314             11.5082            -8.19846
9.81854             10.8325             13.4695
10.1144           -0.629453             5.44575
10.1326            -9.71807            -17.3406
9.35714              8.8304            -15.8261
11.0052             9.86284             3.54442
-5.90177            -6.79329             15.6285
-3.13821             14.5011             -16.312
-3.06072             -5.3302             -7.2434
-2.31829               7.265              2.0968
-2.53783             8.31678            -2.11954
17.2493             11.1959            -12.7245
9.49453            -11.9029            -2.52672
-2.20921            -3.70806            -14.6484
-12.4027           -0.252144            -8.95359
8.27267             5.38601             9.72841
14.59            -4.94166             -3.9305
-10.8744            -8.34707             3.88336
-2.03761             5.92669             13.9336
-8.3726             3.20077             10.0155
-4.33009            -11.2028            -4.67684
-10.6391              10.473            -15.2434
-12.4183             3.04379            -12.4352
-2.91489              14.672             8.52217
-11.1474            -9.48956            -6.16573
1.37343             4.00643             6.60274
-4.18665             8.88545            -11.3919
-10.6093         -0.00106449            -8.08581
3.26749              8.9312             9.92286
13.5809             -12.497             -2.1431
11.9624             11.8631            -9.82821
-13.5803           -0.734072            -5.44151
5.09116            -8.35527            -3.79653
-3.75542              2.6101             3.23752
-4.24289            -1.58928             6.56123
-14.5904             12.7634              6.4374
-14.27             11.4048            -13.5562
-13.6465            -6.15843             13.0069
12.677             8.71097             14.0694
10.7029             12.5672             14.2729
-4.15707             12.9757            -8.62513
-11.0839            0.533262             13.7613
11.4914             1.61315            -7.02495
11.8047             9.95618             -11.468
7.74957            -1.15347             -11.638
6.53417            -9.64194             5.44167
12.0723            -4.72407            -9.58154
-4.18519             -2.1907             -2.6614
1.51008             -10.095             1.08329
3.6891            -6.41291            -10.7737
-9.21795            -7.40947               1.903
3.03943             2.96331             2.08155
4.87299            0.749486             3.98787
-3.25671             1.19596             2.32557
-11.6074             14.6557            -5.00371
-14.9047             14.8933             7.62181
16.7693             8.56153            -16.7624
12.5828            0.885886             14.7263
8.97246               3.098             12.8038
9.45061             7.57397            -2.46031
7.39848            -6.54659            -10.3233
-0.0998009             14.6557             6.82563
6.10845             12.7183            -4.01661
-1.6508           -0.334422             11.8377
-2.78312            -5.04608             2.24676
-2.31739             8.40771             2.59314
-7.76323            -12.7572            -10.0314
7.02334            -3.40701            -7.23252
7.62062            -10.0021            -10.0695
-1.7175             2.07483             9.11657
-3.32072             1.18882            -6.19362
-10.021             12.7192            -4.01107
11.0044             9.45323            -12.8133
-14.8142             3.79482            -4.06896
12.3898            -3.97443            -7.09598
-0.773779            -10.9587            -4.39509
-2.8962             8.88941            -5.92509
-0.869283            -5.81153            -2.61111
-12.6158            -7.50195            -9.01807
-3.18146             10.3327              12.626
10.4001             2.83239            -13.7497
-1.94931             16.2394             10.5432
12.1599             10.5712              -4.642
-11.4523             1.26387            -12.2695
-12.0591             8.80231             9.82435
12.9493            -3.80485             7.51507
9.85927             10.2177              4.6734
-11.7605             9.81933             11.1955
0.919136             4.75434             15.5198
-10.3467            -4.67228            -4.13976
7.73094             11.5784             10.3011
8.93859              15.982             4.86355
3.22039            -13.1752              6.7876
11.8686             -2.0632            0.702594
5.69763             -5.9305             2.40796
-8.91557             5.47559            -7.34338
-1.2248            -11.3646             6.20526
-8.63195             3.77853            -7.56673
-7.68893            -13.1552             4.50937
-5.18393             9.00595           0.0115935
-1.91852             6.26146            -4.51892
8.8408            -10.2076             1.83804
-8.18125             15.8531             8.37318
-4.27185             1.21012            -8.65292
0.458239            -11.7426            -14.8379
-7.40864             5.70383             4.01631
0.00274762             4.50316             6.01633
10.9747             7.06222             17.2057
11.6703            -5.83814            -14.2127
-13.7635             8.92579            -14.0811
-1.7743            -6.23174            -2.72585
14.3531             5.06355             2.50632
-8.97483            -5.07373              3.9581
-6.80092             10.2087            -10.6937
3.77358             -11.266              7.4829
-4.04474            -5.58495            -2.30647
-9.1701             4.90435             5.95377
-8.65495             4.39458             4.70528
-6.76737             2.77533           -0.869923
-1.51768             13.1493            -6.20215
2.10104            0.381948             9.52786
6.88718             5.58844            -5.20301
6.59381            -8.78917            -8.24584
-4.02703            -8.48301             5.58955
-14.9543             -4.9928            -8.78355
-6.5715            -3.79966             8.36041
-4.90825            -4.24923             8.30271
-5.74665             11.2166             11.0018
-1.6034            -8.47907              2.6224
-13.0987            -6.45972             4.50804
-4.27583             9.51742            -12.7649
4.17534            -6.60396             1.29569
10.8196            -4.18918             3.32599
5.71834            -6.92997             3.29571
-8.63727            -15.3033            -8.07522
10.0725             3.28501            -5.34572
3.20609             4.93953            -4.65125
-2.93868             5.83626            -4.95718
-0.109647            -11.3982             4.13938
-12.1155            -5.32886            -8.91618
-6.5166            -4.43649            0.793593
-6.70689            -11.7641            -10.7994
-3.67573               12.34            -10.9704
-3.2493             9.04757             8.47071
-6.46525            -11.2873            -13.7155
5.14622            -13.6136             -6.1477
-10.7672             9.20845             9.47907
-1.45767             3.41326             3.69493
7.7235             2.50048            -3.44763
-6.01482            -12.7777             1.82966
-10.681             11.2211             6.49014
-10.7376            -9.05535            0.665026
12.8364             -8.9963             4.42394
-11.9872             2.14764            -1.48609
11.5374             5.85543            -7.88475
6.45052             14.7494               13.07
-13.025             2.34746            -8.21675
-5.39866            -12.1539             3.35234
1.70198             -11.655             13.2746
6.23524             2.57744             -9.3062
11.4336             12.7779            -4.04786
-10.0108            -7.95459             8.84724
2.40292            -1.12937             5.23067
-11.5144             12.7268             1.58031
-8.88013            -3.84609             1.37588
-1.87639             13.5537             5.58001
-6.05958             11.6087            -14.8317
14.3994             -9.0521            -13.6009
6.13818              -10.22             4.28631
-1.14937            -9.56482             -2.8184
13.2483             6.28777             1.56229
4.28109             -7.4831           0.0346859
0.7153             3.00145             6.15329
-1.32695            -10.5781             8.92594
12.8049            -16.3426             -4.6086
-0.738152             7.52414             13.4021
-9.36688             10.7078             9.42099
14.9451            -14.3072           -0.524319
-13.0144            -5.45802             1.79105
15.4689              14.403            -11.2579
0.190514              4.7247            -10.9477
2.56415            -1.52923             4.51179
2.77224            -4.30093            -13.1461
6.19947             10.0329            -10.9163
-4.66179             4.81357             6.60947
7.16129            -9.61822              7.4025
7.47454            -10.3936            -4.09818
-3.27367             3.19579            -6.82663
10.36            -11.0509             8.40705
-11.183           -0.266763            -7.44837
-10.4062             8.33513            -10.3493
-3.0109             1.70068            -7.25851
3.58147             2.29846            -11.5767
-12.1323            -5.74049            -7.31466
15.8648             7.98794            -3.37205
-9.73516             9.70396             6.13859
15.003             2.92393            -13.8794
-4.65976            -11.8186             3.27683
-8.96602           -0.394937            -2.81329
-9.53913             12.0555            0.657564
10.3735             4.23855            -13.7299
15.0208            -5.99169            -9.08689
-13.7353             16.1737             15.9948
-4.7115             13.0224            -3.47778
-10.5418             -10.869            -16.7369
10.359             10.8657             5.23388
7.02734            0.885198            -2.38383
10.6791            -12.0291             6.33721
-17.1725            -10.0606            -5.25761
1.20974            -14.0554            -13.7956
-6.3954             -10.243             1.79481
-10.7155             6.66352            -2.28841
-11.814             13.5046             -15.011
-8.87606            -9.18636             5.24719
-8.53793            -8.96848            -12.2694
-2.77568             1.26736             3.47145
-2.97089             4.83009            -1.20507
6.18909            -8.92107            -8.21052
-18.4696             1.42475             2.51087
12.0763             5.77828             5.44448
5.75283            -9.92235             6.62685
-1.92445             1.35426            -2.49578
-0.880906            -2.11462             10.2486
-8.5013             -2.1212             8.48449
-11.1086             9.62603              9.2401
12.9041             1.03678            -8.65002
4.46579            0.806089            -3.59513
-11.6958             9.09137             10.3109
10.0774             10.4305             17.9144
0.844267             5.62002            -5.67209
2.77765             14.9571             11.6109
-13.6673            -12.6032            -4.60725
-2.18331            -17.3183            -14.6758
-12.3257             1.49529            -10.7519
10.1657             12.9901             5.61016
-5.9612             5.38868            -2.54994
-5.08422              9.8335              4.7937
2.66856            -3.26381            -4.10105
8.74771            -12.8902             16.2425
13.0371            -10.6637            -3.63376
-13.4816             8.27853             13.7154
-9.43667             -10.052            -15.2212
5.42804              1.6489             12.7802
-4.15935             9.02542             11.9079
8.89355            -4.85385            -4.96933
-4.73564             13.7846            0.557827
7.89432           0.0386568            -10.8108
-10.7585            -5.88602            -4.27638
11.3658             4.29732            -11.0004
-10.5754            -4.45027             11.6853
5.16258            -5.47508              11.105
-12.7758            0.540997             7.01506
-1.86222             14.6093            -6.95259
-3.13274             10.2922            -5.91722
8.84664            -2.36657            -11.9817
11.0821             4.16838             9.13194
4.53918             9.06052            -6.18605
5.96156            -12.2103             4.68666
10.9596            -5.81901            -15.1049
13.9698             7.91086             10.5503
-2.25685             3.48184             16.0407
-14.1544            -4.39753             11.3538
-10.0765            -9.36765            -19.9437
-11.2603             1.37707            -14.5145
-3.85252             13.6536              14.517
-0.187059            -1.41478              1.5844
-14.2436            -4.60752            -8.26841
-9.48605            -10.5614             8.51206
12.9846             10.5622            -13.4956
-11.1814            -10.0006             7.74599
12.9689           -0.881136            -1.38584
11.487              8.1432             5.04044
12.0625             12.0864             4.56133
10.4941             6.04412            -7.45142
-10.4003            -6.89611             -5.1815
-9.76565            -5.51806            -12.8468
10.1213            -10.1378             15.3189
-16.525             -8.0299                9.87
15.8867            -12.9831            0.233781
-11.6505             -8.1309            -14.4628
-5.01254             10.1789            -1.32111
14.0642             1.77094            -3.08985
1.28678             13.5094             14.5489
-6.73             11.6312             6.56631
12.1076            -17.9196            -13.7559
-5.98242             10.8742            -7.19315
3.13278             9.74924              13.546
0.530181            -6.48858             6.92223
5.72477            -6.21883             -2.4982
11.5975             3.53108            -16.5832
-2.07195            -4.71107             11.4464
-1.45328            -6.73886             13.5234
17.4042            -7.40758            -14.4988
-15.3972            -5.94171            -13.6376
-5.36597            -14.7126            -10.3953
-13.6432             6.23275            -6.50893
-1.47473            -11.1776             1.68672
9.10054             15.9853             11.9365
-15.3619            -12.7016            -1.89529
2.59895             12.1833            -8.71087
0.0512757               3.236             10.7214
-7.54008            -14.3499             12.9493
0.125794           -0.126898             4.78103
11.9975            -3.25069             12.9003
10.9409             3.61056             9.38983
1.76019            -2.89193            -6.07019
9.94325            0.836146              -3.152
-12.0586            -9.75431            -7.15783
1.146            -1.29595            -13.1145
-9.87687            -5.93081             8.93933
-12.8322            -9.04934            -14.6611
-0.414664             7.81694            -13.0536
-6.79874              6.5482             9.44105
15.1963             5.71348             7.59969
6.1314            -7.21027            -14.5928
-7.1675            -3.13601            -1.63874
-16.7773             1.89389              10.315
7.0911            -12.2839             5.69957
12.6416            -10.6561             9.21185
-2.45393              4.7144             3.62719
5.55969            0.606295            -1.85714
9.07515             10.1393            -11.1904
6.89999             15.3226           -0.219177
-12.3618             8.25983            0.547361
-5.79646             3.63851            -6.43981
7.25254            0.089716             4.81394
-11.6648             -13.626             9.71898
5.91634            -6.40445             9.94226
-10.7537             6.83822             10.4147
15.7057            -2.24667             2.27497
-3.87982            -9.27428             12.7741
15.6697             2.85181             7.10485
-3.82268               12.57             10.6708
3.04048            -6.57179            -6.26294
-0.747746              11.843            -8.24721
10.1912             4.34755            -4.27518
-16.7939            -10.9365            -4.73754
9.28078           -0.899701             5.67265
-8.13387             -5.1461            -6.57677
13.8116            -2.82573            -3.48769
10.6307            -9.66809             5.36591
8.50578             7.58263            -1.70124
15.3726             17.5735              13.937
-1.67074            -14.5094              4.3392
1.0273            -9.94513            -2.29653
-13.1448            -1.60872             9.72432
6.93058            -2.67335             12.9514
6.04927            -1.09531             12.8607
-9.53154             3.31177            -9.79885
0.800505             4.81825            -8.12649
-2.09935             2.33781             10.1275
10.1124            -7.00017            -9.43578
5.26012             7.66646             -6.3818
-5.33907             3.77034            -9.73169
-8.05767             3.65281              5.9623
6.73127             2.41139            -3.26753
-12.0011           -0.820553             2.62525
-2.02128             7.43499             4.09314
-8.9894             7.50724              12.042
-12.8698            -18.5415             13.0999
-5.27564           -0.281774           -0.749975
-1.09889             14.9965             2.06691
6.56904            -6.31121             7.05896
-1.92749            -5.75362            -8.68169
-0.876503             5.22087             7.63003
-15.1358             -13.324             3.31818
13.2318            -12.6019            -5.61718
13.2954             3.88622             11.6889
4.19639             16.1735             3.98962
11.8727             11.8982             -9.1118
10.9293            -6.32153             11.9978
-11.0641             6.06473             4.98687
2.30109            -8.39912            -2.29319
-7.86661            -15.4186             9.56756
-7.80527            -13.1244            -10.0792
7.4474           0.0382752            -4.71293
3.66125            -6.79726             11.5451
-2.78606             7.28301             4.36567
-5.28867             14.8305            -9.66426
6.28188             6.52811            -9.26586
8.91362            0.258979             12.3265
0.816045             5.49271             4.76472
0.735553             4.81831             6.78349
8.72059            -5.53872             11.8188
0.0647843             4.48199              10.347
9.27552            0.499059           -0.839277
-0.456387             5.61466             -13.138
-10.9348             7.46416             1.92893
2.85534             6.53066             1.76002
6.02388             6.55143            -5.15474
-3.11615              2.1519            -9.47511
-3.90697            -5.22351             1.61309
6.44874            -12.4542            -9.14847
-8.1687            -12.7413             9.80573
10.3389            -8.82802            -2.95559
14.5928            -1.04792            -11.9614
6.72111            -6.49573             3.56971
13.5232             1.17021             6.11965
-14.2098            -4.20469             10.1942
-7.05872            -12.6612            -4.50568
13.9422               12.29            -10.7182
-9.45545            -15.0638              11.753
-7.26462             6.95466            -13.7036
10.4349             2.56634             -12.423
-8.02729             12.8806             9.17619
-2.75784            -2.75478            -9.61595
-15.0954            -9.41744            -1.86564
-4.06725             11.3237            -11.8621
-3.87166             4.96355             5.65594
13.1929              1.7315            -0.33554
14.6265           -0.645819             10.1134
-13.4179            -6.41008             9.42854
4.85327            -11.2561            -17.9035
0.909969            -1.27693            -13.0117
-4.19541             1.57752             7.07769
8.7293            -9.96209             11.4177
-10.968            -2.20662           -0.900633
-8.09624            -6.65173              2.5389
15.6406            -4.11834            -14.1079
-4.00331             2.84185             14.2093
-12.5617            -3.38519              16.906
-8.54434             9.51089             -12.028
10.4412           -0.616354            -9.09309
9.62714            -9.37876             4.73801
-2.31672             8.17908             2.28308
-10.0548            -1.40936            -6.45781
2.51125             14.5289             10.2294
-8.15278              -15.53             -7.5814
4.54622             9.87512             15.8311
-9.88527             15.4636            -7.21831
8.89725             1.81841             7.64817
-15.1872             2.42584              -8.813
-11.0825             14.0151             7.58256
-6.25556            -12.5851            -9.71755
-11.8434            -5.75073            -10.8249
-6.60477            -6.13291             8.66293
7.24116            -5.51234            -7.07986
4.16557             1.31127             4.25478
7.31383             6.44862             5.01312
-16.4291            -11.3823             16.7243
16.9377            -2.38579            -4.79448
-8.68232             4.16193            -13.2269
3.33191            -14.0945             13.0316
-9.98123             -3.9793             10.1292
-13.8044            -8.08745             1.35795
9.41224             5.89684            0.492411
6.5296            -3.38993              4.1022
-0.353197            0.854774             3.02829
-8.40764            -10.2302            -13.1481
4.42771             12.4076             1.39675
-5.62743             4.50646            -10.8324
-7.89359             11.0203            -7.38991
10.2379             9.20868            -4.44041
2.84184            -4.11246            -13.6266
3.26378             1.96632            -2.09831
-9.5931              9.0653             8.37297
8.95878             11.9405             9.29535
-8.37223            -8.82268            -13.0944
-6.98045             6.62765             -8.6851
9.94502            0.323571             3.03382
-9.41789            -8.33679             9.00503
-6.28451             2.19398              2.5297
-5.07445            0.602839             -13.818
4.34699             3.78206             9.53787
1.59459            -6.01479             8.51008
-0.712512            -12.0274           -0.999349
-6.97374            -18.2256             6.62204
-11.4513             1.63783             1.91747
3.30693             10.1003             10.3204
6.52643             11.3806            -17.2487
-16.1772              -14.76            -9.06474
12.5076             9.29546             6.12218
-8.58876            -3.82752            -3.91424
-4.13582            -3.13279             4.39828
-7.97131             3.58667             4.34075
10.3332             6.63318             12.5996
4.21878             4.32918            -1.68248
-7.37283             1.32285            -11.9177
9.27955            -1.69562             9.76546
10.07            -11.2431            -3.08488
-15.5223             5.97207            -14.8588
-8.26572              5.6229             7.86968
2.52112           -0.431513            -2.76037
-13.2674            -1.57624             10.8821
-1.88977            -3.54859            -9.91542
-7.6827             8.05727             2.90447
-5.49436             6.53859            -10.1691
13.5332             13.6106             4.56447
3.06348            0.892378           0.0143343
-12.1471            -10.7297            -14.4551
5.21884            -7.58005            -6.45205
12.1869             4.45841            -7.54884
-0.0896658             1.98485             5.07374
8.51635            -1.01336            -6.04226
8.45129             9.60394            -12.4284
10.4373            0.617356            -13.8834
-12.995             17.4825             12.8497
13.6903            -8.90047             5.35538
-8.11374             13.7471             15.2922
-9.2034             12.0111              3.8066
10.2079            -13.7042            -9.43961
11.9749             5.62294             -4.5931
-11.0845             7.69858            -15.1385
3.63337            -4.46577             -15.377
-8.95104             1.84764             8.27874
-5.76114             9.60138           0.0604753
-10.512             4.20519            -1.07459
4.99916             12.7243            -8.91221
4.58218            -10.5918             2.09678
8.84102            -4.40578             3.80885
5.13172            -10.6242             13.4643
-9.03771               12.51            -6.00002
-14.6744             8.91002             3.86205
1.10136            0.720862            -1.89801
1.28397            -4.12623            -7.99396
12.7223             1.93316            -2.48734
10.453            -14.5937            -5.70404
-10.6881             7.45845             1.54467
15.7158             2.56392            -9.05341
3.83067             4.21457             8.97304
-4.92358            -14.0468             2.10213
-9.54862            -0.23282           0.0719471
-4.52238             8.62002            -3.68595
-8.91009            -2.85979            -2.54056
-0.180769             9.14329             5.98607
10.1563           -0.461673            -7.92227
-1.54122             8.89197             11.0908
-7.25797              3.7905           -0.295136
-14.5167              7.0029             7.91762
-11.2588            -1.55658             8.13416
8.73514            -5.49354            -8.77951
-12.5056            -1.24175           -0.407114
-0.358163             13.4917            -11.9796
0.99735            -1.70832            -9.69345
2.13733              13.036             13.3975
10.8555             -3.7801             4.73744
5.74422             8.13971             3.80918
10.2384             12.7739             9.91827
10.4669             11.8987             6.39396
-9.41385            -13.6495             12.0617
-5.73096             -3.5737            -6.47128
-3.62993             8.11968            -4.26467
-2.9036             8.90751              4.4227
4.18072             5.81016              12.771
-7.33305            -9.43436             8.91388
5.35604            -4.60072             2.74701
7.81488             13.1315            -2.09459
-12.5131             5.46466             0.26363
2.55991             9.01851            -9.91399
-8.55585             7.01933             9.77955
17.6816             11.1558            -8.69128
5.46956            -14.4114             9.47705
7.26595            -14.1381             11.8253
-6.81001            0.359639             11.7775
1.18821            -7.79673            -8.08854
-1.16398             4.99902            -18.1001
8.75195             4.76396             15.2591
-6.09062            -13.8867            -3.76079
-1.48796            -2.04486            -7.24851
12.2502             2.80875            -1.19966
-6.06491            -7.28333             5.72897
11.2299            -2.99976            -13.1916
6.91737             4.33615             2.89195
-12.5631             6.70386             13.2145
9.67858            0.299676            -8.02939
5.84489            -1.88762             4.46839
-5.9711            -6.79312            -7.72922
15.4988             7.46917             6.20475
-4.70693            -2.29528             1.13695
11.543            -9.02168             -8.8284
-10.131             -5.8344            -2.03478
4.0606            -5.66423             1.13968
8.38211            -8.94959             10.1769
-0.0300436             12.6452             9.55493
8.60603             6.13302            -5.60021
6.72165             -13.302            -13.0831
2.5194            -7.54094            -8.35475
1.53102            -10.9712            0.920794
14.9836             12.7532            -11.6608
1.06408          -0.0887405            -3.27908
-5.53021             5.45361           -0.246879
-5.05773            -9.06545           -0.836367
4.40862             13.4531             2.39673
-6.76774            -5.55985             4.03733
-3.77426            -7.92894             10.4195
4.13304            0.836548             8.54782
-6.58076             5.40837            -14.3141
2.44804            -8.12929             3.39554
14.4805             1.26105            -11.7462
-8.91748             8.19177             6.04331
14.9064            -9.63345             13.9691
-5.88719            -2.52756            -13.7852
-8.77649             -13.259             10.0641
-11.0298             9.42886            -16.3666
-4.44515             9.54351            0.951279
-7.75402             4.88582             11.0822
17.5237            -2.57058             7.59395
-2.07539             11.5198            -10.7551
12.5285             15.8441             2.14281
-18.2433            -4.63486             -4.2679
12.3294             6.93823            -2.79313
15.5768             9.32393             5.96487
-0.879791            -5.42507             11.3566
-10.7319            -12.7992             5.82925
10.1183             7.86925             -3.9737
8.002            -9.14071             6.37363
3.67511             3.92076            -8.82927
2.3278           -0.724567             9.51082
6.48707            -7.91306             13.8079
3.85853            -14.0825            -11.6969
-2.75929             11.4802            -12.3603
-10.8924            -3.00089            -4.41193
12.9451            -6.13795            -13.6412
-0.76694            -11.7644             -8.0154
8.3463             13.0026             1.11671
-14.5525             10.6764            -1.46733
13.3489             3.22522            -10.9799
-9.48019            -5.88756            -1.85138
10.2439             12.2077            0.427337
-13.1692             9.47951            -1.46784
7.03255             9.67802            -15.9747
-5.4713            -14.6177             -12.416
4.04703            -14.1601             10.8789
-2.33421           -0.284415            -4.09058
7.14331            -10.1902             7.92184
-4.4391            -8.34153            0.480821
-0.236221            -3.27005             1.05212
-7.89962            -7.13425             2.99879
12.0267             4.09514            -12.4813
9.22979            -13.1063            -9.97845
-3.16118             8.92896             11.4643
4.0218             -5.8851             5.79762
5.77281            -4.74655           -0.489371
5.57839            -10.4032             5.84799
9.31791            -13.4415            -9.44168
-6.07697             7.83975             8.07869
11.2082            -13.8601           -0.597061
-3.34925             2.95658             10.4862
8.1848             13.1356            -14.0788
0.14954             4.21964            -7.29956
8.8209            -1.85443             12.8866
-8.77237            -13.5817            -8.51618
13.0768             9.21909            -3.96155
4.59524             5.78827            -17.7782
-1.4603            -14.4853            -7.57078
-8.33446             7.08233           0.0386057
10.2713             5.00208             3.37123
-14.3604             13.5004             14.5631
-13.8206             11.8896             13.3434
2.13396            -12.9581             3.35231
-4.39671            -16.3919             11.8169
-1.78246             16.4573           -0.775871
-8.14296            -4.17205            -6.29338
10.9383            -5.46964             3.27306
-15.4871             -6.1688            -7.89787
-10.2036            -13.3364             8.19646
-8.24255             3.22532            -2.75716
12.2842             5.38891             2.16287
10.473            -5.42357             7.78849
11.3478              -12.75             4.74176
-3.74698             2.75466             -5.9946
4.14165             5.16225            -12.1572
2.59242             4.08634             19.9027
7.06666             2.25878            -3.56162
-2.03629            -18.6243            -10.8916
-5.67911             7.54457            -14.3265
12.7016             10.5103             3.65726
-7.60166            -4.70507            -4.31705
14.7218            -15.0785            -1.08209
-9.0503             1.02937            -13.4132
6.19777             8.89414             10.4854
2.87884             1.17961             7.56345
17.2569             11.0287             6.10232
-9.57234               2.944             9.85922
13.0001             6.53975             10.3357
5.06724             7.20059            -17.2443
3.55442             9.49907            -5.02678
0.0974852             10.2067             1.06312
-0.621389            -11.7659            -3.43564
-13.8098             17.8547             13.9496
-5.07355             3.94061             12.2821
12.9223            -10.4751            -11.5329
8.16594             4.53771            -9.37131
-9.00959             1.59113            -7.47272
-8.36893             9.38283            -12.9506
11.8211             -2.0855            -6.83446
-4.38288            -1.53168             11.7918
-0.910574             3.32001            -13.3423
-8.62468            -10.7931            -3.22068
12.9965            -3.82593             14.1099
8.54501            -8.60866            0.917266
13.3898            -15.0702              13.089
7.66126           -0.662609           -0.965746
2.58372            -2.17793              10.548
11.2171             10.9913            -6.83251
-1.28141            -3.98721             9.36126
13.0153             -13.046           -0.792492
-3.87074             18.1092            -2.90737
10.7505             5.01137            -8.38227
1.9981            0.930885             2.24325
-3.54182             4.81526            -11.3315
0.912412            0.951707             5.13786
-10.87            -5.30583             7.94501
-8.32911             6.12368            -16.5617
-3.47056            0.281535           -0.319709
-8.03028            -18.5094             10.6432
-8.4514              4.7214             5.99135
-2.21112            -7.27223             10.3777
4.0783            0.811119            -15.6598
6.30451            -13.0256            -3.47456
9.9318            -17.2326             6.01572
14.4651             4.79011             12.2223
3.69398             3.32012             2.62705
1.81753           -0.468485            -13.6919
3.52447            -13.4857             10.0317
11.0956            -3.26168            -10.3948
8.75716             6.04331             6.29077
-10.4735             3.20223             15.1736
12.8792                 6.5            -7.63797
9.55323            -7.46153            -13.5848
-3.00918             0.99926            -7.24359
5.60565             13.5862             13.2275
-13.9362            -6.11397             5.70939
6.34            -1.64516            -2.36428
3.38378             3.55119             1.61854
1.87076            -1.98319             8.40158
1.06859            -7.66562           -0.656515
15.5954             9.41962            -0.34481
-6.2545             8.14365             12.4916
-11.9359             -6.6636            -8.46846
3.55871            -13.8007            -7.91876
6.56495              9.3588            -11.7875
12.9492              7.5168             3.38343
2.39578             5.71886             1.23656
15.3229             4.36384             8.49768
1.52744            -12.6082             7.99354
-6.0931             11.3788            -10.9817
-3.37919             11.9055            -13.6956
6.14977             3.06006             13.9395
-0.955272            -13.5405             8.11821
3.01626            0.569285            -13.4294
-13.6025             1.39106            -8.26924
-8.52945            0.256829             6.04189
7.94186             10.0663             3.01999
7.68855             11.8142            -13.9317
4.02151             -5.1798             6.50407
9.23008             -11.288             9.24244
-6.36335             2.87417            -11.4028
-2.45481             2.01012           -0.211413
1.89971             9.36056            -1.87681
8.72757             4.20321             15.7928
-9.79364            -9.31137            -3.27817
-8.65821             7.29973             -1.5835
-3.30699             7.52254            -10.6295
4.1015             5.93552            -7.65313
-12.2638             9.74503            -7.19999
-16.6402            -2.98726             12.9344
-12.7773            -8.77267            -11.1306
2.56176             8.58072             -4.3236
2.44404            -5.99624            -9.54859
-7.61072             -2.4669             8.19145
12.1434            -3.33779             9.69473
-9.61355            -5.24043            -1.05853
-12.3582             12.3256             14.0907
10.3854            -6.40083            -6.08154
13.0151             -10.574            0.164437
10.5009              2.7417             7.10117
-7.15876            -4.46206            -4.13866
9.05608            -11.7397             7.40822
-15.8596             7.58482            -12.1608
-11.0512             -4.7092            -6.67778
-8.26609             3.30028             6.57216
6.981             8.21546            -1.83581
-4.7533            -12.0195             11.8938
-0.313114              3.1562             7.48264
-1.90967            -12.8668            -6.75261
15.8732             1.65679             12.9273
-0.443097            -10.2648            -10.9626
-2.7176            -1.09903             9.57996
-14.8429             10.3032              -12.61
-4.84248            -9.66987             7.51385
4.70661            -7.71739             15.6389
-6.09379             11.2679            -14.6503
6.12944            -7.40935             4.32233
-11.2296            0.288565            -11.3221
-5.4082            -10.5698             15.6942
4.0516            -12.9087            -6.70461
-8.03275            -5.03107            0.140197
-14.1434             5.35974            -6.78657
15.9396             3.31104             14.9867
-0.693487             8.66285            -2.79015
1.22143            -9.79588             5.07728
-17.0366             9.70289            -15.0292
0.575788              5.7423             10.2587
1.52651            -14.3963            -6.99826
3.00072           -0.674066              13.583
5.02626             8.83604            -11.5049
14.2556             4.90131            -2.12622
-1.41063             7.96131            -12.4512
2.87693             5.19904             10.9078
0.8236             18.0017            -11.7318
-8.00777            -2.65422             5.55685
9.14176           -0.343698            -12.2255
-11.3757             2.50211             4.73698
10.0583            -6.16659            -12.0832
12.0318             8.28368            -12.8515
-12.8508            -3.93075             5.88035
-3.48248            -10.5101            -12.7427
-5.46003            -11.9342             6.18357
-15.7173            -6.81143             8.39883
19.8538            -6.45579              6.8679
-5.36603            -11.7817            -6.52237
-10.4289            -6.11971             10.5813
-0.461161            -8.57056            -15.9313
0.320511             3.68079             5.62809
-3.22416             1.53292             5.19939
-5.47288            -10.2514             7.09349
8.79877               15.09             -14.696
-7.09345             3.92487             10.3534
-6.98474            -14.1565             2.39912
-5.36092            -2.83362            0.327948
4.44699             9.99167            -1.58124
3.9428            -4.15666             11.5386
7.08695             13.5811            -10.8295
6.60991             6.63883            -1.45959
9.18218            -8.75529            -3.14731
-4.56381            -12.1622            -6.17283
12.8156             8.20927            -5.72899
-13.4238             5.45807             5.28345
-6.32848            -11.2672            -5.30992
0.327434            -16.5489             14.3039
2.78724            0.165109               9.484
13.8148             2.22281             1.04346
-11.4012            -1.02376            -7.61636
12.1049              10.223              2.0029
13.2998            -7.33047            -11.8902
-6.07564             9.07585            -2.94158
0.796543             3.39997             4.28922
-9.87392             5.94019             2.09419
0.213588            -2.57023             4.52898
0.194835             8.37299             7.03868
-3.01205             12.5146             10.1595
9.06712            -7.73403             8.66292
11.2921           0.0182646             9.95157
-11.3427             16.5511             10.0835
-3.57942             2.38374             1.15672
10.0756            -8.70801             1.76358
12.0642            -5.10351             11.0819
-6.41788             11.2515             2.85904
5.52708             6.49023            -2.68956
-5.29971            0.357814            -7.19921
-4.5718            -5.25559             8.04629
6.37285             10.6289           -0.874637
12.7041             12.2886             14.0161
-13.5165            -5.89643             12.9709
4.75287            -2.38726            -6.67697
8.52956            -12.2037            -1.36123
12.4677            -13.6849            -7.66948
-15.5991             5.00275            -14.0853
10.4442             11.8274            -6.51051
-3.88539            -3.59726            -6.66468
10.249             7.96123             5.24169
5.63864             13.3105             15.5597
5.51496             5.62955             13.6201
11.2072            -0.85228            -19.4224
-13.522             8.68108             -15.495
-5.86845            -7.48152             6.93685
4.64153            -11.1599             8.89856
13.2323             -2.4951            -5.42484
-10.9561             4.55706             14.0112
12.7445             5.77885            -6.32894
14.3431            -7.84502             4.69657
-1.74569             -11.774            -7.38625
9.61388              13.282            -1.92877
-6.17766            -12.5895            -7.35801
10.1836             2.16967             11.8121
-6.13721             11.5898             12.9362
-9.93916             11.5036             5.80492
-9.60144             6.44725            -11.5798
6.00268            -3.00943            -16.1228
-11.6083            -8.69811            -8.70375
-0.296867            -6.98196             3.69166
-0.801387            -2.52738             3.91231
-11.0757            -4.92027            0.345417
3.22139            -3.19678             9.99151
14.8274            -7.35409             -4.1274
-9.16944            -14.9262              8.2511
7.56601             12.1478            -8.15851
-6.97885            -5.13284            -9.87402
-1.84076            -7.26702            -7.04637
-4.74172             5.61822            -1.47521
-9.72566             13.2644            0.310622
0.677924             7.72743            -5.30169
3.32966            -5.75885             -3.3901
5.91823            -14.0441             8.32948
5.41169             4.52534            -4.54882
6.06121             11.6072             5.60086
13.3778            -2.28849             -6.2373
7.65174             5.22041             -2.3185
3.3302             14.0674            -9.08411
14.9097           -0.852131             7.26197
-1.52351             12.0701           -0.385795
-1.07792            -13.7966            -9.15231
-0.471304             8.42909             -0.2773
12.2422            -8.44887            -12.1063
-10.5183             -4.5723             10.1786
3.2374             -3.9212             13.1597
-5.09226            -11.8025             12.3486
0.837787             10.0789             6.23225
-0.862279             9.10216             4.07713
6.93006             5.88508            -6.86067
-13.7204             5.20052            0.763844
6.18303            -14.1165             7.42841
15.0976              9.7335            -11.1104
3.15865            -9.36483             -7.0888
15.4686            -7.21479            -11.7468
5.5463             12.6637             15.9904
-12.1703             1.41539            -8.99044
1.23472            -14.8694             4.91472
-1.45636            -6.50145           -0.446437
0.391955            -5.75401             1.37181
-10.534             8.64179            -6.59722
3.27669            -17.5411             12.6664
12.3089            -10.9184             2.85165
0.403458             4.79136             5.56525
6.51937            -10.5669            -7.92902
0.149303             18.0794             6.07094
-11.1            -1.72468             5.72284
-14.176            -9.56646            -16.1798
8.5128            -5.65306             15.5127
11.7347             5.27654            -2.83003
-16.2164            -10.5114             4.16675
0.540057             13.0703            -11.5216
12.2265            -9.11526            -14.1336
-2.16807            -11.9253            -5.74598
7.83803            -7.88638            -10.5929
-8.8597            -10.1685            -1.74794
5.36984             11.0943             2.79065
-15.1563             1.49852             6.33479
12.8056             6.46427            -12.3815
9.81906            -9.06156             9.03919
-10.8276              6.2773             3.24744
-1.43324             10.6523             3.39775
-8.32958            -9.91293            -10.9111
13.7267            -9.52636            -2.69528
-8.05181             9.00169            -11.1976
-7.73475             15.9427               4.878
6.14259            -2.41577            -6.82495
-6.36484             6.98985            -17.4634
-10.3142             7.63696             9.42035
1.54433            -3.23563            -14.1729
-9.23186             8.68197            -4.96846
-10.5255            -2.43269             12.7329
-8.64178            -10.4742            0.620453
-13.2537             9.85635            -9.83105
3.47098              1.2943            -5.05888
-9.30214             3.73644             11.1468
3.91099            0.646609             6.86392
-1.69788            -9.86877            -5.98088
-1.53812            -7.62475             8.56016
-1.71364            -11.5817           -0.287395
-2.52303            -11.6696             10.8146
7.31306            -10.7664             9.96461
7.57337            -2.92679            -2.14641
11.894            -4.92146             8.58266
-7.03064            -2.42395            -5.86478
-8.3545            -9.76249             7.33339
-8.80405             10.9278             15.8573
4.11371            -1.31079            -3.03831
-6.52912             3.41514              3.0209
-2.9159            -3.43669            -4.78765
10.8549             13.5461             6.93266
12.9136            -11.7647             7.03833
-12.333             11.0401            -1.88104
-7.45486             15.4643             7.08796
-13.0081           -0.127394            0.698521
-3.98183              7.3513            -10.3729
12.0044             7.26149             4.65245
-14.3832            -14.8508             6.82604
16.4189             10.6969             -5.1431
-6.92856            -3.54726             5.66899
-9.99531             8.73482             14.8488
-2.64836             6.25617            -16.0223
-5.38525            -13.1998             10.4697
0.502335             3.80927            -8.10742
-7.84498            -4.44696            -9.51803
4.02785             -1.5272            -2.93546
7.57341             12.2423            -11.0252
-7.08411            -3.43361             14.7574
-6.75612             2.31091            -2.31836
9.24245            -7.60003            -12.9572
-0.542114            -1.30477            -13.0353
-6.92989            -13.4085             5.67919
9.48952             13.1259             6.35964
4.52378            -2.37423            -5.05188
-2.9352             5.96917             11.5748
4.44448            -8.12545            -13.1435
-0.167514             14.0734            -6.19911
-8.11083             11.9665            -9.43648
2.77931            -10.3665             13.5605
8.70022            -9.47607            -12.8687
7.10575            -14.6488             -2.5505
14.326             11.3718             4.18333
13.6444             13.1973             8.90015
-8.25513             12.2971             14.0672
-12.7871            0.597489            -9.28773
-2.02196             7.25573              1.5352
-2.85912             1.37154             7.86551
-11.9716               4.237            -8.03636
-10.3071            -6.25232            -4.38537
-5.60765            -11.3241            -3.94546
1.85387            -12.5525             1.70567
-8.00922            -2.31823            -4.37287
3.87502            -12.8395            -5.12395
2.01001             10.0918             11.6912
10.0962             -8.5175            -2.86716
-4.86342            -6.10152             6.18821
10.2863              9.0728         -0.00601213
-9.98969             10.8187            -14.3551
10.9825             2.35116            -13.5088
-0.365             4.42055            -9.61463
11.1101            -8.75962            -4.78346
3.57791            -7.47699            -3.07716
-0.564491             9.33755            -11.6788
-0.729068            -7.51103            -5.38327
-6.6598            0.829316             2.55576
-2.35137            -8.47704             4.33474
-9.82283             6.51258            -8.28533
-9.41896             6.11687             4.50023
8.92134            -12.4109            -9.68224
-11.2285             5.78793            -8.46522
-4.31107             -10.475            -9.98656
-3.13797             3.80452             8.75068
-7.984            -3.42316            -10.3761
4.17676            -8.80024             -8.9648
-12.672            -4.90213            -9.43955
7.78593            -9.03578             9.34441
14.4465             -9.6926              3.8032
-12.7336              3.0667            -4.54353
15.5668             11.7159             10.1786
11.9712             -11.244             15.1602
4.22301             12.7257             14.3089
8.88326             16.9494             6.64405
2.74481            -14.6647           -0.686713
1.34337            -4.20237             -1.7535
-8.34944             9.84235             3.04363
-8.35181             8.96393             7.61986
-12.8914              13.179            -7.71072
0.978297              1.5937            -8.80019
0.609517             4.35886            -4.48028
-4.64229            -13.7811             8.74369
6.955            -4.62603            -4.74912
-4.2958             4.73619            -1.99371
-3.60847            -8.74788           -0.451906
-5.11794             10.5098              5.6662
-7.6178            -2.39505             10.0781
8.61195             6.44688            -11.5167
-7.03368            -10.6135              4.7274
6.22517            -3.14671             3.22812
-11.1178             -5.1031             -2.5533
-13.2859             8.04748             -2.5738
10.2734            -13.8311             9.29553
-2.52585            -10.4945             5.03679
4.41278            -4.84371               1.264
12.27             10.0902             13.8971
-1.73563             11.6519            -11.6934
12.5716             11.1767             7.33028
9.13289             9.65925            -10.7502
-9.04166             12.5877             1.94031
-7.25693             3.67681            -6.44736
-13.4268            -2.82169           -0.735659
16.768             12.6769             10.2426
9.47332              4.1348           -0.953539
11.9332            -10.6246            -8.46061
-8.45359            -5.55379            -10.3049
-10.5165           0.0541547            -6.43275
-11.1694            -13.6147              6.8156
-15.7909            -13.7356             18.4492
14.3905             5.47172            -7.96231
2.57609            -3.49782            -11.9962
-4.42524            -14.1147            -9.86356
-13.2811             5.54568              14.303
2.18546             11.7054            -11.3003
11.2489             8.75843             14.1442
-10.8675            0.973136            -7.02004
1.48615            -3.32385            -4.06985
8.02204             6.33078            -3.59442
12.8381            -4.68366             7.82217
9.47184            -6.13703             6.46533
-1.14176            0.511204            -5.46479
-10.0662             5.31289          -0.0335785
-9.76615            -1.36014             -13.328
-3.03361             1.72783            -15.6057
14.0472            0.413009             -10.851
12.6762             11.1676             13.2389
10.1291            -5.36985             7.73429
0.353806             8.64722           -0.157295
4.02505            -12.3861             4.44153
9.0514            -1.85581              3.3788
6.67949             7.92748            0.889559
1.46723            -9.54068            -10.2575
-12.216             3.92789            -8.77868
-14.11             16.8597             14.3434
8.57221            -5.93053             15.4996
-13.7123            -4.70757            -13.5145
-4.10451             9.18106            -14.1044
4.71335             -13.333             0.86916
3.64448             17.6628            -14.0212
4.51324             5.64055             14.9371
0.904418             -11.398             10.7771
-2.18179             7.92479             7.55789
11.7875             8.44727               2.535
-0.237098            -3.72234             3.64021
-12.6057             5.46918             5.97613
-2.55644             11.4597            -9.33577
0.450397            -1.38759            -5.19606
14.463             3.02919            -7.96827
-14.6872             7.98267             2.42434
12.0995            -4.18696             10.9687
-4.59469             14.6125             7.82729
-11.4168             6.80451              11.488
-7.65338            -4.34679            -9.89279
-7.75581             11.4823             -9.0646
6.87093             11.3314            -1.34905
9.39757             2.12176            -2.96018
-5.31919            -5.59098            -1.04234
-11.9861             13.4611             5.64391
0.907049            -2.13937            -2.67176
-2.14117            -12.5529           -0.997258
3.15839            -14.1859            -1.46395
-5.50193            -17.1194            -5.31562
-7.27933             10.6171              7.9522
-12.5763           -0.482719             11.4447
-5.77118             3.54819             9.53518
1.86621             12.2109           -0.127867
6.1023             10.7742            0.333003
11.6037             12.7055             9.99963
7.59237            -7.43939              7.1549
6.2712            -9.09004            0.827514
3.85165            -10.5671           -0.507359
5.60205             9.25651             6.13833
13.1171             11.9816             6.62405
-11.196            -7.34202             4.00864
-2.57728             10.2354             4.05419
0.115877             -10.806                 -12
-9.16477             11.7021             3.63877
1.85548            -16.0217             5.68591
6.3713             8.79399             10.2639
7.64859             1.36704             5.40658
7.49398             6.01761          -0.0459447
-3.50507            -16.1077             6.86674
7.78291            -4.14812            -7.22607
-11.4195            -6.64836            -9.56445
2.4026            -2.48602             3.16514
7.19582            -11.2567            -5.64785
-5.79028             8.42133             16.7064
17.9617             3.27693            -14.9601
-8.46376              4.2597            -5.36356
-0.226896            -8.46569             2.40811
0.173894             4.61033             5.00272
-7.13833             10.6768            -13.6433
-7.82414            -2.01532             10.5498
12.6381            -2.69565            -9.07223
13.0419            -7.45121              3.6722
-6.77589             6.97087            -11.5829
10.5512             7.30223             10.5734
-0.756238             4.91357             1.92267
9.20479            -11.8987              7.3604
-6.81331            -18.2375             6.39316
8.64427            -13.3858            -5.91278
10.3226             3.45405            -13.8786
8.3713           -0.265262             12.4879
-10.734             8.94659             10.0568
-2.2409             14.4527             1.60459
-9.84495            0.137528            -3.71412
4.6439            -11.9354            -3.66097
-2.45871            -6.69633             10.8572
4.00192             8.31669             1.88363
-0.192857              11.263             11.4849
1.18374             8.27899            -5.68139
-3.48732             9.95863            -1.79316
-7.70392             6.11287             8.21947
1.94973            -2.01957             6.22325
13.5238            -10.8159            -17.1532
-6.06899             6.94874             -11.334
-12.9828             1.03276            -8.81275
-9.30554            -8.90359            -9.12948
-7.75668            -5.02681             11.5744
5.31705             11.8987             16.6526
-8.21289            -10.5427            -4.33004
-10.4279            -9.88089            -7.65956
-13.03             2.94853            -9.09338
-14.5926            -2.90961             7.49119
-2.43631            -11.1903            -9.38204
-5.63042             -11.938             2.86334
-0.411393             3.90072             2.98153
-10.0896            -5.66258            -1.79266
-3.57232             3.71562            -10.4936
5.11117             8.72239            -11.4178
2.54782             7.27378             2.25605
-11.5399               7.781            -11.8986
-9.47157            -4.05421            -1.18341
-7.12322             14.2298             3.70417
1.30748            -2.90496             7.95324
-3.09232             7.76001            -10.0513
-5.87926             12.8136              13.893
14.3413             3.63822             3.99247
-10.0474             -6.0945             1.90431
11.3498            -6.85421             2.97764
-10.3107            -9.22839             9.79044
-4.72706            -14.3327             13.7169
11.5928             1.69298             3.26107
14.0811            -5.46593             11.6339
5.48567              2.3626             12.9234
10.6826             8.77203              10.782
5.22338           -0.508621            -7.82736
3.61087            -6.18334             14.9664
-17.2483             4.53978             -9.9646
10.6289              18.229            -14.7704
-17.0435            0.338828            -2.64818
7.07178            -7.14718             2.26859
4.92605             6.76059             1.95836
12.536             11.0932            -5.33113
1.19312            -1.98676            -3.36982
2.10079             5.55974             7.28233
-8.64533            -6.76542            -0.36953
3.19891             2.95482          -0.0115985
13.9844              6.0673             10.4411
-13.6659             10.9198             1.20225
2.30125            -1.25542             1.19093
-8.51897            -7.76813             15.6846
12.6581            -4.79954              1.0978
-2.65047             9.32821             13.8114
7.1262             12.0249            -1.07407
-10.6068           -0.928569            -5.68648
-7.40556           0.0484145             4.12875
2.79885            -3.62732             10.0562
2.80167             2.77586             -7.6745
-1.21678             3.61409             0.49614
-4.37886            -12.9101             2.91504
-11.5089            -12.2423             3.05342
-12.7153           -0.292802           -0.501666
0.781867            -5.06255            0.883615
-1.27203             17.0254            -5.15252
15.7231             12.9733             4.53038
-3.75641            -3.91753             13.2679
0.876817           -0.147304             3.93452
9.81261            -1.68824             10.1865
10.4503            -14.1236             5.92067
-15.7291             10.0546             12.9531
13.7144            -8.69616            -4.96637
-12.3723            -13.8457             2.49953
3.64575             3.76047            -4.29088
-1.95013            -11.8478             2.44082
2.91475             15.4442             6.75532
-14.4573             11.1988            -2.32543
-13.819           0.0826874             1.96257
9.95842            -9.33171            -5.41658
-8.0053             11.4051           -0.106967
13.4937            -16.9229             6.76303
-13.5169             12.7421            -4.11147
-2.18198             5.01086            -14.8479
0.366291             10.7364             4.62681
-9.82991             -13.185             7.90491
12.0117           -0.182603            -14.0293
-8.27665             4.08337             4.36686
-9.37612             7.20019            -5.20752
1.28779            -9.66561            -5.05608
13.3513             5.19404             16.5081
9.44612             3.35586            -3.08839
1.6447             2.24461            0.927321
-7.72706            -11.6728            -15.7243
-14.3553            -17.4309             18.2123
-7.06657             8.38591             14.7222
12.2109             1.70202            -14.6879
7.3812            -13.1179             -6.2467
-0.973439            -5.45996             6.52041
-1.98033             2.95632            -6.02655
10.5311             11.6733             3.40884
6.01427             7.04169             13.2424
5.88262             -8.8452             -6.7432
1.57648            -2.86026            -3.77879
4.41096              5.8493            -4.98935
4.20244            -7.92595            -4.16552
13.5063             12.0843             4.31113
11.5214            -6.76587             4.68414
16.8486             9.86203             14.7267
-10.917             1.66324             7.23763
0.324969            -7.54272            -9.67115
-5.23705             3.44204             4.99279
3.34405            -8.71874            -8.69549
-13.4468            -12.0545             -4.9828
-5.07766             12.5862             16.0569
4.2085             4.10157             14.1369
1.69016             14.6457             -8.2016
8.54815             2.90024            -6.87767
-6.46953            -11.6098            -11.7665
-3.6227            -4.50133             5.09882
-0.120097             11.6932             5.41876
5.32612            -9.83356             6.62969
4.71005             2.50571            0.850421
-10.2403             5.27639              10.077
2.96628            -7.80579             6.58046
-14.6034             -2.9671             2.19911
7.20143             4.83688            -6.16127
-7.19383            -8.92497            -6.68793
1.45564            0.608441            -4.95909
-12.152             15.0909             1.01501
-10.9865            -1.63132             8.79925
12.0364             6.33693             6.07985
-7.07174             8.84284              14.044
-4.30176             8.05239            -6.95095
-11.5682            -8.49813             8.28172
-9.63138            -3.76122             10.2108
12.2407             16.4694            -14.3839
-10.1614             0.46817             8.79356
-0.386439              1.3533             -12.725
-5.08142            -2.80807            -12.0052
14.0726            -9.13088             15.4894
-1.43568             -1.6136             17.1665
2.03516             2.39982            -5.61217
-11.9758             10.2104            -7.93683
6.53953            -8.80359            -1.66117
-4.6555              1.1763            -8.77251
-11.9107             4.42978             5.23722
5.99843            -5.75725             8.90851
6.26845            -0.53177            -8.24251
8.14061            -1.83224             14.9295
-3.59971             -5.4606            -9.49451
-3.81991             18.1348            -7.00947
11.0446             3.44281            -1.23451
-11.1125              12.751            -2.76961
14.9799            -2.88773             5.36968
8.33637            -8.57106            -10.1519
-2.81278            -11.6179             6.39581
6.28401            -1.11934             7.12502
0.687209            -13.0716            -10.9386
-1.49304           0.0832242            -7.01012
9.31901            -2.78265            -12.0663
-6.95501              -6.933            -3.68604
7.31377           -0.863053             8.94927
-1.05165            -8.52041            -4.02098
4.19519            -2.89528            -10.1083
5.9625            -4.14434            -6.07978
-13.3644             4.41086            -9.38689
11.5205             6.61938              -8.873
-12.1701            0.733326            -2.15075
4.26816            -10.7163             -5.3731
-6.61469            -15.8749             7.64804
-4.55741             11.2796             -8.8903
-7.98422             13.6223             12.5753
6.55189             1.06131             4.64161
-8.32155            0.138181             6.15669
-4.26724            -9.77825             5.52221
6.25452             5.94313            -3.99521
3.06221             8.06007            -5.09802
9.71515             2.79927            -13.4333
-6.2888            0.406514             4.55546
-13.6582            -12.1023              2.4398
0.137385               9.675             6.70864
4.4329             9.38552             3.96328
12.6304            -5.52464            -8.15553
10.9189            -1.34236             6.80924
-1.28355             -0.2074            -10.1576
-1.04953             15.7566            -1.59057
-4.63971            -5.18301            -16.6966
-1.55175             -1.3315            -2.63242
-6.40565             10.7432            -5.40861
-5.52759             13.0661             1.79507
5.60508            -6.90986            -3.66903
7.64738             10.3748            -3.43924
11.8314             7.95601            -10.8353
10.4268             6.78217            -13.0279
-0.461544              -2.282            0.665725
