3.90006               9.586            -8.71372
1.3868            -6.39584             1.09617
-5.75807             0.22359            -1.98005
7.69493            -8.77749            -10.3016
-2.681             1.30698            -2.94598
-9.85433             4.50274            0.584816
3.58807             10.0574              5.5508
6.97579             1.54083              7.9058
6.87433            -8.19408             6.99263
0.660227             3.50009            -6.92928
-8.41987           -0.141129            -4.83315
-5.16376            -6.24797             2.92771
4.03053             5.71834            -6.39336
3.24219             8.12538            0.689812
-3.04654            -4.10063             2.53949
-3.21696            -10.7472             0.69262
-5.51847            -5.75253            -3.89809
5.08358            0.523924            -3.85185
-4.81191            -6.87363             8.18185
-4.62493             6.15424             1.53903
-0.601972            -7.71243             1.65954
2.69053             8.33336            -1.32492
-5.18986            -4.07058            -5.73971
-6.06435              4.8136            -1.31525
-6.32005            -7.96802            -4.65546
4.69043            -7.84695            0.105846
5.80166            0.159575            0.519962
10.0848            -1.72803             4.19142
-1.51872            -8.39826              8.7068
-7.57767             4.52047             8.21439
-2.64671             2.59567             8.29392
4.10411             6.13143              1.9291
4.75883             9.36207             -3.0435
-4.37735            -2.33809             5.80002
2.38477             9.53113             9.78539
9.51846            -8.04792             8.74484
1.23394            -5.96406            -6.83531
-1.27266           -0.335853             9.69425
-11.0864            -3.85713            -10.1693
9.54899             7.63054            -3.14549
9.8032            -1.44489             9.50459
6.43193            -7.06027             10.8973
-11.0528            -6.21253              7.0552
-5.54851            -6.87408            -11.0054
11.1585             5.70141            -8.70447
2.66718             6.61616              7.4677
7.15718             1.45828             6.17833
-0.643305             8.54545            -10.3586
-11.1902            -0.34963            -1.30811
-5.2433             6.80099             4.84368
2.75265             3.85919            -9.12922
7.98466             6.52247            -9.10271
8.98008            -5.60966             4.54962
-2.4434            -8.48324             10.1514
-1.87289            -9.06631          -0.0962906
-1.56053             -9.4903            0.941425
-2.98289             2.41967           -0.388007
7.42451            -9.26614             8.59871
5.91188             4.04058           -0.235777
-1.72912             9.76176            -2.88392
7.41778            -6.20514            -2.37723
-9.89003             4.36309            -3.27881
-4.75502             0.63246             5.90809
-8.05995            -8.86755             2.43638
-4.03785             2.00918            -10.1231
-8.75802             5.82281              -9.488
-0.247257            0.113521            -9.18757
-8.14057            -5.69035             4.51802
8.41295           -0.738996             9.52171
9.41817           -0.804686            -7.11989
3.48597             8.02428            -3.19266
8.61111            -6.46318            -7.01428
-4.95149            -1.42238            -8.31312
3.33312             7.23521             4.58661
10.6613             8.23265            -8.86919
-1.85895            -5.95122            -5.60911
-8.78574           -0.684527             2.17484
-3.7801             4.99933            -6.82885
6.9621            -3.34385            -9.24256
-3.05986             5.73783            -8.23638
8.08885            -7.05447            -5.15959
-2.16721            -5.66221            -6.92395
5.42305            -9.93426              1.1155
-9.61463             10.1878            -2.49345
7.08657            -3.72824            -5.62775
7.35649              -4.371            -10.7991
2.05405            -1.99429             2.48899
-1.05525             3.15731             8.25749
-4.99452             9.71923            -7.93042
-1.64424              7.1803             7.55176
4.71515             11.1118             8.61648
6.2522              1.6034             9.02145
-9.61062            -5.86373            -2.99837
9.16346             6.55098             7.10947
-2.28982             6.06747             6.45794
-5.25565           -0.416949            -7.47256
9.44933             6.51531            -10.4414
0.620559             7.66286             -8.4015
10.446             -8.3534             10.2077
-2.56119             4.40817             1.77787
10.1284             8.44228             4.67703
3.02795             4.77015            -7.44051
-5.97084             7.12621             6.40377
0.0992741            0.166214             8.86206
7.63396             6.23148            -1.41559
-5.12644            -3.21054            -9.54921
2.74468             2.85222             2.59774
-1.25099             8.14492             9.82331
10.9623            -2.67259             7.77035
4.96146            -9.72409            -5.10069
-7.19843            -5.03371            -3.00405
10.9343             10.1281             3.31962
-1.06409            -1.32854            -9.14169
-5.53916             7.38995            -7.95734
2.00908            -1.98252             8.45502
-0.863553              3.8677             2.92086
2.16878            -2.94877             -3.9945
5.81606            -1.05251            -6.03045
-9.49251            -4.21717             -0.2298
3.13207             3.43403            -6.85837
5.17908            -3.64145            -8.05273
3.81832            -1.30436            -6.99642
5.92796            -7.39322             -7.5194
3.95018             1.62893          -0.0823076
7.22291             -1.6033            -11.1912
9.30565            -7.67287             6.82566
3.94283             2.44586             4.18604
-7.35382             8.29468              9.3907
-7.98196           -0.359914            -7.47586
0.286825            -8.60289            -6.97187
1.48285            -3.50868             1.48504
-10.3528             9.16475            -4.08171
3.9116            -4.36761           -0.959618
-1.42831            -1.20568             1.53496
9.12692             3.20016             7.31256
-10.9336           -0.192845             10.0319
5.52326             9.36951            -10.0847
-0.773856             5.05584            -1.99793
-7.63071              3.5389             8.45203
10.0787             3.82482             -1.1445
-10.6989             7.94658             2.38354
6.15011             4.62677             10.8858
10.5141             3.76259             -4.0523
-7.70946             2.37902             9.13856
-9.93729             4.68707            -3.79658
9.22437            -6.18224             8.52297
7.85704            -8.61763           -0.154147
-8.60584             9.01965            -1.02936
2.2439             6.82968            -4.63665
-3.5726            -11.4161             1.69014
-4.25417             6.17889            -5.33458
3.82268             2.64912            0.715567
10.8023             7.17381            -6.05746
3.10972            -5.41655             2.78156
5.94598            -3.16515             -10.581
-0.716639           -0.203513            -2.64078
-10.581            -2.43248             9.95614
0.138476             10.8948            -7.44245
-7.32694             4.38839            -2.74912
3.24731            -7.61251              7.9347
-3.94984            -3.22597             3.48927
-2.38414            -4.05862            -2.78085
-1.43184             5.24027             5.67412
8.0344            -2.29441              7.5365
-7.81477             3.38949             5.35042
5.41743            -2.74867            -1.79852
3.96494            -2.41256             9.19621
2.17993         -0.00599107            -6.42992
4.5734             7.69983             7.51278
5.56755            -6.52428            -1.53581
7.8116            -8.10683             9.29949
1.8979            -5.47713             6.79205
1.838             10.1411            -8.08359
-2.52294             4.35213             5.15604
9.63299           -0.311212            -5.07591
6.3996              7.6671             1.25387
-10.8032            -4.77105             -1.9101
3.19558             -3.5003             4.32827
10.3396            -7.98074              10.184
2.89162             9.75128            -7.57712
-5.76237             -4.0644            -2.14364
1.99452             8.54524            -6.16403
8.19464             2.69549            -8.60674
3.7078              5.4445            0.943431
5.12737            -6.92695             5.90352
3.40239             10.1405             9.96849
-3.75651            -7.41218             4.03371
4.50088            -9.50917            -9.05188
8.5856             4.68309            -4.03015
1.68441             5.13016             6.44778
10.6785            -9.38577            -0.82856
-1.71467             2.42902            -2.12214
-5.47342            -4.50761             8.87238
0.648962             3.73881             3.52455
10.2925             2.28142           -0.270508
6.87968            -4.75156            -9.13517
1.68131             10.3353             6.47254
-9.98798             0.86525            -10.1733
1.93256            -8.49029             1.69531
-4.25677             6.35016             4.43405
-7.86496           -0.568355             4.80741
10.9628             8.89006             6.81146
-0.999844             8.57814             5.62436
-2.04765             3.00956             3.09177
3.28346            -5.27455            -8.87668
3.44583            -7.56352            -1.90928
-5.40785             10.3092            -3.65317
1.8097             6.44867             2.60764
6.0961            -1.99968             -1.6797
9.60322            -7.87382            -8.47211
-11.3867            -6.61361             7.73831
-11.3397            -3.56853            -7.35213
3.95644           -0.332069            -4.33044
-5.35132             8.17816            -2.24799
-10.9215            -2.52347            -4.75692
8.19737            -11.1524              6.5131
-10.245             9.04296            -4.32319
6.18307            -9.73605              6.3011
-5.82512              1.5796             5.54629
1.44549            -5.69879             -9.1755
4.99435            -7.57849            -1.86618
-2.63326             9.57236             11.7587
8.0422            -3.73616              3.1685
6.68038              9.2062            -3.49146
10.4266            0.703304             2.08489
6.07468            -9.56841             3.21033
-10.9174             7.11326             6.47226
2.6444            -10.1125             5.46755
8.33538             7.88643           -0.155875
-1.23451            -2.69556            -1.58111
2.21793          -0.0466783             6.90122
0.259161             11.5966            -8.03538
-4.00401             2.22525             5.03204
-3.08408            -7.86115            -9.08505
-9.18245             -10.227             -10.362
0.101271            -5.47965            -8.09378
-1.59884             5.93204              1.9127
-2.48797             7.77489            -2.37492
9.56802             -4.8794           -0.595099
-5.88843            -1.76314            -6.78096
-5.30486            -4.32117            -3.95136
5.08454            -1.74839              7.1725
6.9429             0.58182             7.13506
3.69772             6.70308            -3.38393
-9.48886              7.5475             4.91944
-0.297525            -1.95843            -8.82378
-0.641827            -5.05686             9.54908
10.0661             2.71747             4.71987
1.9876            -6.36923             -4.2616
-7.70828            -2.00856            -9.05063
-8.67458             10.1559             6.62259
1.27666            0.344128            -3.28557
4.17087             6.78394             6.11473
4.81433            -6.11712            -7.01822
4.5937            -4.33869            -4.89354
-9.46453            -10.0236            0.954492
-8.51376             5.38281            -3.01605
-9.72889            -3.68865             2.33585
1.52542             4.44332             2.42703
9.45311             4.79444             6.58681
8.22896             6.42422             3.55201
-1.07396            -1.11536             5.15012
2.27385            -1.78254             2.17377
8.43723             9.01506             3.52353
-8.42036            -0.99727             1.99503
-9.20027             1.95274            -5.32271
5.65152             3.59412             4.08995
-0.95983            0.955552            -4.55327
6.70865            -3.74134             4.23518
10.409            -5.83066            -2.14601
8.30869            -7.94658             5.42265
-4.2305            -5.23732             8.24924
3.26841            0.961202             6.43788
4.28029             6.36527             3.68921
-8.48887             6.60042             3.50765
-7.0429             10.7084            0.830186
-4.12298            -1.23865             2.20159
5.5414            -5.64227             -9.6212
5.60369             7.29142            -10.0759
-4.03051            -9.85139            -8.74102
4.62696            -10.0147            -3.35063
1.42334             1.81512            -4.55778
6.16493             9.10307            -2.14762
-8.56635             1.13509            -6.16216
9.68362             2.65196             4.81816
-3.25069             4.76303            -5.16953
-6.67911            -4.28558            -1.44701
10.3422            -9.13948             3.91416
-1.34005             5.76368             9.11661
-6.02792            0.150228              5.9494
-7.30976             3.54263             -8.7125
2.86908             7.95001          -0.0871103
8.54967             6.49337            0.535026
-4.64213              6.8521             5.71746
0.0918595             7.19021             1.52519
-5.51808            -10.2424            -5.22357
2.39146            -9.22776            0.644368
3.06097             8.76343             8.89099
2.047             7.49178            -10.4903
7.27574            -6.79264             1.21058
0.759896             7.11868            -8.69407
9.06443            -2.02207            -9.91449
-5.43366             9.82125            -8.23971
10.1115            -3.63613            -8.75375
4.38865             -3.3248            -4.08149
-3.61027             1.33031            -4.39916
-9.72478            -10.7977             3.82378
-5.90666           -0.738603             7.79393
-7.57588             10.0758              -2.693
4.0401             3.17222             1.34349
-6.00395            0.924031             4.30092
2.91715            0.291204             1.72803
-10.5351            0.386526             1.04165
-8.23362             1.01531             3.67605
3.51014             9.48181           -0.552652
7.1086            -4.42653             5.31718
-0.423868            -1.29619            -2.11874
-5.68414              2.2613             2.42152
-3.61238            0.742751            -8.41727
-0.789979             3.64709            -9.97361
4.11813            -3.95171             5.98904
-0.452863             4.58135            -3.47668
-2.6827             2.56439           -0.256985
-4.6453            -9.76109            -3.96938
5.04171            -9.87755            -4.27728
4.42394            -6.57704          -0.0160449
4.24735            -3.34597           -0.445059
-7.07951            -8.00224            -4.77337
7.25246             6.71998            -4.12368
-6.27708            -5.59108             6.94613
2.85239            -7.86843            -6.33965
-2.86785            -9.17182            -3.19601
-8.24697             -10.037            -8.55604
-5.37246            -10.4178            0.963895
-3.6704             4.60207            -3.87827
8.44238             4.69093            -7.91257
-8.32181            0.496284            -7.18614
0.998033             8.68674            -4.18864
-9.61452            -0.77674              7.5647
5.04357            -9.88157             1.97957
-2.40666             3.20167            -3.74725
-9.35411             5.20576            -3.75319
2.84902             8.89897            -1.87441
4.47677             5.05105            -4.16801
1.57468            -10.5391            -4.22326
2.59075             9.28059        -0.000339404
-4.28855             4.15069            0.802401
0.227418             -6.1764             8.85954
-6.52131            -5.07365            -1.33049
2.5509             1.96577            -6.03297
0.0261921            -7.14967             8.47453
6.98737            -9.79329             4.42894
-9.08527            -8.75664            -10.6117
5.86119             4.20142             1.71935
8.14847             9.71583             3.62577
3.11643            -4.02905            -1.56485
-5.71537             8.29227             9.42446
2.05328             -3.9733             7.20858
8.33802            -2.26674             3.63544
-2.0232              0.7854             7.47688
-6.06834             7.48535             -4.5201
8.93066             6.66518             2.53336
3.80353             10.0704             6.30004
0.827572            -3.63465            -1.51648
-10.4276            -1.78076              9.3102
1.08887            -1.39828             8.94428
-2.97271            -10.5864             8.04277
2.65942            -9.74711            -2.09734
7.34196            -5.27242             7.53342
-8.50817            -9.43725             10.0083
9.51675            -1.00265            0.663691
8.91118             8.93541             7.91891
10.354           -0.165273             8.84227
-11.0369             7.31493             2.47653
4.24321            -10.6945             5.09689
-0.208051            0.821209             4.54261
7.18124              1.0616            -9.56454
5.02249              6.6998             6.35991
-10.7507              9.2052             1.70606
3.20296           -0.901566            -9.54985
-4.74696             10.0701             8.99692
8.29915             3.10668            -6.52311
-9.50943            -8.07468              8.0174
-5.76851             2.39528            -7.65674
3.2787           -0.247406            -7.22978
2.9591             8.88184            -1.16009
7.42321            -5.85477             1.12962
-10.3813            -11.0612             3.25084
9.17619             1.71569             4.72692
-7.76888            -10.2812            -4.80171
-7.48492             6.51434             9.11082
-7.15538           -0.852404             6.26696
10.4554             -3.1035            -0.23628
6.3405             3.86324             5.98165
7.91332            -4.38796           -0.938043
-7.22339            -5.83248            -1.26666
2.48594              5.7367            -8.73197
5.80456             4.93042            -7.84524
-6.76039            -6.45296            -6.09589
-0.967529             1.68601            -8.37189
-7.12068             8.27457            -1.68226
-8.89699             10.3489            -4.89467
-6.97232             8.58157            -10.8167
4.29178            -8.67713            0.988482
-10.4712            -10.2633             2.75379
-6.65606             3.56319             6.81858
4.33951             1.07246            -7.82249
-10.0073            -2.58841             7.41654
-4.31553            -4.72056           -0.528888
6.55585             10.5803            -8.47023
0.332715            -2.25111             7.43317
9.23939             -3.7842            -1.84189
-8.89926            -8.33788            -4.46963
-7.28968             -1.6663            -3.05483
-6.32097            -7.58904             5.47144
-4.80209             4.81769             2.51531
6.56742            -2.90483            -9.75037
-9.3203             6.49089            -8.77881
-0.490223             5.43347             4.59601
5.1608            -1.28278             1.26274
4.98192             5.73455            -7.63847
6.44132            -9.29912             6.94059
-5.25623             1.99307             4.23451
0.814676            -3.46145             10.4551
8.83685            -6.23746             3.80827
6.70617            -1.78432             10.3676
-0.605312             2.72702            -10.5053
4.26798            -8.72713             8.67197
5.9362            -4.54139            -10.2752
8.35531             2.77728           -0.876151
-0.801843            -7.54977             7.19372
-7.00065            -9.76422             8.25079
-3.05469             -9.4237             2.22665
10.5109             5.03645            -9.88668
0.473752            -7.45512             4.01978
6.90383            -7.86112           -0.358175
-3.69778            -3.03716             7.71531
-3.1016             3.03647            -2.35622
-6.80884            -10.1282            -2.74504
4.66099             7.42963             7.39885
9.49096             6.58149             4.08446
-9.76568            -3.03736             6.85712
-0.355357            -5.42276             7.26294
3.23            -7.14012            -6.64846
0.348523              -7.974             4.53681
0.764626            0.733711             3.56058
3.28997             5.91573             7.82163
4.29009             9.90144             11.3959
-7.77652             7.02809             1.68484
-1.78801            -1.97755            -3.88776
9.45917            -6.25981            -3.65418
-1.98895            -1.82683             10.0417
10.0073            -9.47107             9.09827
5.17113              6.5797             6.38172
-3.89865             8.83182            -1.95911
-1.49005              9.4964            -7.63879
6.40013             9.34135             4.15145
-0.38831             7.15219             3.12328
0.493682            -2.38837            -5.69719
9.54531            -4.25861             1.99909
-9.2295              8.8621             1.51175
-2.45122             8.63802            -3.79321
8.22213             8.31121            -10.4151
8.13161            -5.05753           -0.794715
-2.77059              10.897            -1.52108
2.12884             3.89066             7.78999
9.53563             2.24424             10.2904
-2.86089             6.38251            -6.61599
3.90742            -9.01434            -6.85406
3.67297             2.32287            -10.7714
-2.07866             5.65987            -7.86567
3.67933            -7.96948             4.92794
5.18631             4.45735             2.62012
-2.0358             2.45611            -9.76689
-5.34202             4.06258            -1.15487
0.226497            -4.13668            -1.90262
-8.38299          -0.0197045            -8.77295
-9.95069             9.71096             8.97783
-9.30877             7.79126            -6.55107
1.18678            -8.09803            -9.97232
-3.65481             2.76128            -4.64776
-3.05123            -8.14911            -7.38344
-0.088691            -6.05316             3.37871
-9.6683            -5.22504             8.79875
3.92605            -7.03335             5.38768
-4.81749             8.98894             9.37818
6.62781            -8.15548             3.44404
8.60823             1.55477            0.938718
5.27569             5.58207            -7.97115
-0.810263             -7.0157            0.496875
4.09156             9.57332            -9.32884
-6.83025            -5.12041             5.91595
9.81659            -2.95842             5.52534
0.892776             6.78139             2.05733
-4.45561            -7.56801             -6.6414
8.06092             4.35666            -8.58068
6.11497             4.93055             2.17066
9.45148             5.19561            -8.26767
-9.4118            -5.54502            -1.40315
7.99203             0.33132             -4.7472
6.09856             9.06672            -10.2087
-1.30083             5.58717            -6.09787
-2.55142           -0.717545           -0.656916
-0.383998            -10.2306             10.6257
-4.9307             7.86076             9.16109
-4.86601             8.34173            -8.85514
-6.14669             2.27143             1.32187
7.08881            -4.20792             2.29394
-5.33605            -5.30025            0.651855
10.0852               2.961            -7.13171
11.2066            -5.00174             4.21472
5.22553             1.76121             1.69001
-3.42185            -3.62138             9.31913
-6.40586             7.71796            -7.92985
6.58986           -0.622006             -5.9537
-0.14158             4.89108              5.8873
-4.84549             2.37538            -2.25603
-7.17533             -6.9253             4.71939
-4.54564             2.99168            -1.84962
8.44197            -9.50382             6.89152
4.05051            -9.00969            -2.53277
4.22038           0.0472753            -2.03313
-9.26964             4.89617             8.88409
-0.741267             2.08716             3.68516
1.90217             10.0463             3.87564
-9.28367             3.22122            -8.61209
8.57256             8.80962            -9.62255
7.1882            -8.90795             5.40714
-4.59992            -4.13393             2.65303
-3.83702             10.2802             6.12843
0.338028            -2.86326           -0.579187
0.397266             -10.033             1.03957
7.76597            -2.28175             9.34988
3.17158            -10.0999             3.06628
10.5524            -4.52314             2.15824
4.54008             4.59169            -8.70105
-0.423373             4.95005             4.59917
-8.32589            -9.32398            -11.0236
5.36323             2.48089             10.0827
-8.16441            -11.3411             5.33166
-0.0154865            -5.70998            -7.24121
5.53275            -4.33529          -0.0697068
4.7822            -6.94514             2.99883
4.49707             10.8207            -7.03747
6.54571            -1.33142             8.64377
-8.95606            0.985219            -3.84807
9.68359            -3.36109            0.077722
-7.25648            -9.57285             -6.5806
-9.23416            -8.37009            -7.24071
9.49379             10.1055            -4.33472
-6.01944              -2.805             2.40802
4.15783            -3.54922            -4.28068
4.4997            -1.48896            -5.13605
-7.63126            -9.22443             3.80537
5.15845             2.99283              5.6785
0.0577194            -4.20927            -3.17862
-1.25297             1.37861             1.00371
-1.3235             10.8375            -10.7367
-3.24873             3.52736            -1.56849
8.17684            -1.39933             5.62107
-0.495402             8.92329             -6.0846
-6.68764             9.57426            -1.62129
5.45621            -4.47735            -2.32491
7.71219             6.18579            -6.15833
-5.7706            -1.40087             1.49705
-7.8657             3.39773            -5.93118
-1.50366             2.58498            -10.3871
1.05            -3.51096            -8.69461
7.20806             2.79809           -0.441786
-8.65586             5.52235            -8.24254
-7.52284             5.59987             3.10337
9.9511             9.68505            -7.97305
-4.18167             7.93669             10.7041
-0.864731             -2.6297          -0.0341439
4.77709             5.18543            -9.73486
-0.417773            -2.38235             2.61057
1.92475              9.4551            -8.11318
10.1652             2.48887             9.36319
0.394345            -2.41989            0.529062
-0.345465           -0.838852            -6.48089
-5.46984            -6.58469             4.34177
-7.75163             7.82495             3.05019
-0.892335             8.77961             1.72926
1.55113            0.302043             3.51702
-10.0716            -10.0165            -10.4829
-4.17518             4.34284              4.1489
0.267058            -0.34305            -2.75843
-9.66012            0.505082             6.55828
10.7121            -5.02579             7.54351
5.78936             2.01329             2.70793
7.7521           -0.410119             1.79343
0.633391            0.464905           -0.951937
-6.99091            -6.42914             8.36122
-8.55685             10.1714            -1.72721
-0.826652             3.70077             10.8302
5.18515             8.32511           -0.973535
8.985             6.33532            -7.92737
9.75171             8.75875             -7.0397
8.57638             8.39841             -9.6901
-8.87798             6.67899              10.423
-3.05            -4.49689            -6.97006
4.05539             -2.8911           -0.715764
1.52889             9.01987            -4.50918
-7.78002            -1.78396             4.06089
-6.6728             9.05832             4.80423
7.05722            -2.53851             7.07709
-8.57739            -3.03648             -10.267
-1.00861               5.058             7.36446
-4.18425            0.817179             7.94318
3.10447            -5.35096            -1.08867
0.419578           -0.678142             9.43005
-6.0431             9.33408            -4.82378
-3.85724             4.80676             3.07605
-6.50096            -7.34131             2.93299
-9.32457            0.445216             10.2087
3.14436            -1.80605             10.6107
7.38394             6.23266             1.82666
9.38757           -0.534306           -0.722269
-4.59635             6.09188             -6.7957
-4.40816            0.542924             4.84824
-7.35807             2.12196           -0.470217
-7.79373            -4.88869            -2.03129
-1.26696            -10.8637             5.23146
-1.40362           -0.791162            -2.07747
0.669105            -6.20949            -8.74652
2.32961             4.83705             6.21894
3.61542            -3.81875             4.25912
2.77416             8.71021            -3.62432
9.73364            -1.64268             2.66098
-1.05389            -3.08962             5.80592
-6.25472             5.41296            -3.99574
2.39485            -7.58879            -3.33758
-7.09978             5.84795           -0.954656
5.68905              5.3302             1.61351
7.09674              8.1566             5.44641
9.96895            -4.17333            -7.98919
-0.836804            -6.72739            0.663354
-0.980321            -7.81786             -9.9675
-7.29419            -4.72651            -2.42474
8.23916             10.5043            -10.1759
4.87946            -8.55638            -4.80975
-3.4183             8.62037            -4.36155
8.60907              1.0261             4.30248
3.65125            -2.17152            -2.86073
-7.57856             -3.9527            -6.47442
6.78203            -10.1506            -7.55841
-5.28887            -7.26179            -5.47663
7.67349            0.716409             8.97387
0.398502             6.46859             4.74855
10.0003            -3.17517            -3.47313
1.01942            -2.79126           -0.717984
2.42619             10.9391             6.71443
-0.818151              -6.792             -3.9492
9.77933             7.09843              5.5696
2.66145            -4.24814            -2.16511
10.0671             7.88038             6.38651
-7.29735             2.91214            -2.40345
-6.04548             2.11833             10.2649
2.48244             4.84974            0.408967
7.79541            -10.1937           -0.970399
10.1546            -5.80271             6.11863
-3.13274            -4.39534             1.55409
-3.14308           -0.522808              9.3818
-3.31477            -11.1219            -8.17088
7.25124             9.54076            -2.90614
6.86414             8.47723              9.1884
-4.59009              6.2278             0.83085
-2.02139            -3.52229             8.30487
1.26935             5.38605            -2.30401
0.0173972             4.77485            -1.30139
6.05457             2.16283             8.69478
8.52302             7.70732            -7.41857
-0.724531             5.98947            -6.46269
8.04595             4.99107            -6.00866
4.26624             9.43232            -8.28962
7.80779              8.5549             8.10952
8.52017            -1.59457             5.37578
8.71436            -5.90703               -11.3
6.80351             5.88259            -10.8477
7.39831             6.71549             1.20777
-2.60955            -5.57664             10.8722
-3.80478             9.67459            -10.1812
-0.786473            -4.16545            -4.93784
-1.31388             5.58434            0.161369
-0.892596             6.01763            -1.54537
10.9719             6.82076            -8.68717
8.88188            -9.13145            -2.98587
-0.870411            -1.53617            -9.87905
-8.28645           -0.505658            -7.46321
8.26597               1.458             6.59656
10.4009            -3.77014            -3.19387
-8.44643            -4.96735             3.51045
-2.97102             3.64239             9.95477
-5.34062             3.77655             7.10925
-3.7413             -6.1289            -1.97864
-7.07635             7.18384            -9.80272
-6.91976             3.45643            -8.54661
-4.00164             10.7643             6.67413
-8.98271            -6.17857            -5.60165
1.55981             3.82435              4.3401
-4.09139             6.45194            -7.37725
-8.58549             0.30251            -5.66419
4.1202             7.02828             6.31716
8.69375            -7.30933            -3.43391
8.1144             8.94713            -6.85213
-10.5043            0.816546            -1.79924
3.48061            -7.06559            -5.32151
-2.42382             2.96393             3.06417
-2.50171           -0.705996             4.96803
-10.009             9.67002             6.11053
-9.39221              8.1499            -7.59256
-10.4363            -1.23739             8.52998
8.60906             8.44924             10.3707
7.51964             7.78511             10.2103
-3.45066             10.2621            -6.14559
-8.13112             1.35251             8.66336
9.06339             1.76256            -4.50645
9.07703             7.02285            -8.67822
6.43244            -1.92888            -10.2252
5.8641            -7.47662             3.75664
9.81044            -3.70139            -7.97412
-2.73886           -0.862248            -1.23252
2.93879            -8.23415            0.696401
3.43695            -4.16378            -6.75858
-7.2293            -5.71886             1.09276
1.64862             1.06466            0.839017
3.97812             1.49315             1.60223
-3.29498             1.08967             1.26472
-8.55667             10.5378            -3.16512
-8.54785             10.7908             4.48256
10.7826             5.64051            -10.5073
8.0002             1.75586             10.4482
6.86333             2.98138             7.55652
7.46925             6.24271            -1.90523
5.15322            -3.21682            -9.46281
2.65646             10.0195             3.19125
5.98161             9.58324            -1.26924
-1.12284           -0.812206             9.64205
-4.40778            -4.45572             3.16851
-1.40408             4.13461             1.82209
-5.9304            -8.58834            -8.17723
4.15742            -3.31635            -6.37393
6.19415            -8.02385            -9.73044
-0.398356            0.689423             7.10671
-2.3774             1.18757            -4.51386
-5.20034             8.09375            -1.88478
7.44318              8.0704            -8.08891
-10.5581              3.3965            -3.90071
8.76146            -2.93594            -5.76916
-0.710061            -8.20512            -2.75298
-0.601977             6.49657            -6.20813
-1.08599            -3.95138             -1.0112
-8.12418            -6.10856            -7.95638
-3.23875             5.16768             7.52575
5.41587             1.29385            -10.2197
-2.56391             9.50765             5.89372
8.25596             7.79834            -2.13759
-7.97421            0.547843             -6.4181
-8.06339             5.97578             8.12285
10.4924            -2.11572              6.4076
6.21715             8.98166             2.95191
-9.0431             9.02333             7.37092
-0.420294             2.13739             9.91701
-6.5678            -1.17174            -1.51441
7.32239             8.07147             7.72747
6.85039             10.9114             4.50354
5.57423            -8.87299             5.36503
9.72382            -1.20332             1.38286
4.31674             -3.4839             2.38243
-9.08901             3.83516            -5.27296
-2.19573            -9.16133             5.58615
-8.43077             2.71846            -6.49528
-6.68607            -8.67638             1.97933
-4.4721             7.07578            0.690827
-1.47366             3.68097            -5.78617
6.98652            -7.11323             2.94478
-6.25712             10.5565             4.39384
-3.74885             1.28273            -7.22446
0.88557            -6.30877            -9.26607
-5.88922             3.74636             5.44432
-2.71759             2.86853             3.90279
10.0239              5.7315             10.6633
6.44328            -3.92377            -9.20969
-9.3532             5.17229            -10.4268
0.892463             -3.6066          -0.0799419
9.91678             3.41729            0.850969
-8.11972            -4.11364             2.85456
-5.48024             7.64481            -10.0702
3.97901             -9.8982             6.76501
-4.27196            -4.56109            -1.61142
-6.88473             4.94538             4.52074
-8.23743             2.83363             3.86335
-7.04559             1.45625            0.859174
-2.53059             10.1711            -3.76743
0.736884           -0.177376             6.95116
6.15579             3.89653            -6.77055
7.10422            -5.37706            -8.56127
-3.88605            -6.83323             5.48265
-9.93754            -3.30905            -7.74707
-5.58349            -2.73705              9.3247
-5.08548            -4.32609             5.70983
-3.75614             7.68571             8.82746
-2.52438            -6.56523               2.257
-9.9571            -5.42114             2.93799
-4.65218             7.09933            -8.81213
3.19474            -4.83718             2.38804
8.56829            -3.40513             3.29961
4.06105            -3.61925             1.60473
-6.04039            -10.4032            -6.21032
7.6074             3.02357            -4.75958
1.35285             4.09192            -5.59902
-3.02189               4.156            -4.88531
-1.24582            -8.73785             1.10399
-8.5078            -4.78128            -6.64437
-5.17157            -2.82408            -1.22786
-4.57565            -6.36801            -7.34898
-1.29727             9.22907            -8.77771
-0.768797             4.85228             5.88001
-4.36837            -7.73342            -9.76079
1.11091            -9.10001            -3.75516
-7.95301             7.78895             5.96905
-2.03519             2.01767             1.97527
4.65285              2.2756            -2.77391
-4.82231             -8.9489           -0.109126
-9.26314             8.66995              3.1394
-7.69093            -6.88033            0.215162
9.49018            -4.29886             3.07565
-7.37986             1.11192           -0.293288
8.70113             5.26353            -5.49892
5.14231             9.01972             9.37729
-10.406             1.53438            -5.75717
-4.92624            -7.87205             2.56753
0.9636            -9.64186             10.0746
5.70283             2.64096            -5.42162
8.37324             9.89591            -2.90198
-8.0268            -5.46038             9.56392
1.59926            0.140436              4.6867
-8.23298             9.17585             2.26011
-7.63871            -1.65092            0.533203
-1.12768             9.52717             2.32353
-5.20144             8.39453            -10.1876
9.49979            -6.92398            -7.59312
5.39226            -7.35676             2.91783
0.971615            -7.63842            -3.27345
10.2955             4.56825             2.00261
3.45422            -4.35384             1.21208
1.60289             2.31383             5.62208
0.463925            -8.35596             7.08204
8.89995            -10.9732            -2.81186
-0.952041             3.63866             9.66294
-5.98454             7.54705             5.27901
9.70152            -10.1272           -0.230862
-9.7442            -4.31801             1.06112
9.19236             8.70784            -8.11331
0.722412              1.4241            -9.37123
1.84732            0.199521             2.64447
2.35679            -2.87703            -9.12042
3.45336             5.07407             -8.0655
-2.8337             1.93388             3.95629
5.99302            -6.23947             4.59409
4.58381            -7.65941            -4.69627
-2.61555             2.15092            -6.25185
7.0774            -8.96982             6.61205
-8.84296            -1.55405            -4.33153
-8.35265             4.30366            -7.09783
-2.02113             2.15301            -5.09929
3.22346            0.736679             -9.8948
-9.20928            -3.08765            -8.57382
10.5414             7.09484            -2.10792
-5.21742             7.62077             3.59747
10.7286             2.65542            -9.35222
-3.36841            -7.93267             3.68489
-5.39835            -1.31634           -0.950294
-6.04534             9.13747            -1.10655
7.10517             2.81752            -9.27011
10.3784            -3.81937            -7.98227
-8.76405             10.9069             9.72517
-3.84353             10.0002            -3.72191
-8.14154             -5.9462            -10.9047
6.43559             7.85926             2.40089
4.80591             1.22926            -2.98867
7.95138             -8.4823              5.2164
-10.8197            -8.82288            -2.17939
0.0981309            -8.20456            -9.24405
-3.25524            -5.64584            0.956595
-8.10184             4.09771            -1.95163
-7.8889             8.64131             -10.677
-7.34534            -5.28115             2.39743
-6.09166            -6.30884            -10.2193
-3.44111            0.647429             1.61597
-1.3569             2.90697            -1.15128
3.59679            -6.89752            -6.69155
-11.3687             1.12497            0.425563
8.39963             3.59421             3.87708
4.83885            -5.33934             3.12408
-1.34857            0.874706            -3.15872
-0.775562            -1.78408              6.8957
-8.87865           -0.490909             5.03163
-8.16497             7.18488             5.33269
9.4239            0.278142            -5.60526
3.40544            0.673197            -3.24156
-8.4652             6.08949             7.97423
6.17488             6.31143             10.9308
0.442119             4.72553            -4.61149
1.30362             8.80229             6.50398
-8.07375            -7.90692            -2.84949
-1.51098            -9.94595            -9.69206
-7.38345             1.88138            -7.19402
7.13828             10.2803             4.46605
-4.17044             4.61709            -2.13871
-3.40278             7.18412             5.87866
1.94081             -2.6774            -2.52756
6.92816            -9.95507              10.752
9.60426            -8.55324            -2.07502
-9.44338             5.61475              9.9778
-5.97415            -7.72359            -9.86222
3.91786             2.14796             7.50496
-3.6181             8.05641             8.03563
3.28204            -3.13536            -3.53806
-3.56009             9.59418          -0.0693383
4.70099           0.0990992            -8.23615
-6.09644            -4.47037            -2.83949
8.78873             3.09312            -6.50389
-8.30503            -3.20086             8.42128
3.31534            -4.71478             7.53425
-9.70885             2.16828             4.17069
-0.486716             10.4425            -5.53765
-3.06056             9.02506            -2.69872
9.04683            -1.70294            -8.26383
9.01818             2.10368             5.61561
5.38102             7.19383            -4.80835
3.5817            -7.85646             3.96032
8.94847            -2.07599            -8.97531
10.4718             5.42231             8.34433
-2.69163             1.80458             9.49166
-9.33553            -2.39883             8.65683
-8.03779            -4.92385            -11.0345
-7.19647              1.4066            -9.84816
-1.38271              10.548             8.09592
-1.78691            -1.58231              -1.037
-9.55425            -3.20633            -7.44549
-6.84094            -8.68631             5.96878
8.62551             5.75337            -8.45872
-7.61904            -7.38947             6.00098
9.48116           0.0544749            0.550767
8.19656              5.6862             3.68366
8.32103             7.98181             3.05907
6.32551             4.40476            -5.55606
-8.86051             -3.8578            -3.77882
-7.44591            -5.26995            -7.67842
5.15783            -8.89853              10.026
-10.1968            -6.63665             6.41758
10.4032            -9.22155             1.28291
-7.53193            -5.82917            -9.10686
-2.51688             6.93382            -2.38343
10.6197             2.98063            -1.15408
1.10556             10.2437             6.46907
-3.98888             8.53956             1.98637
7.77234            -10.5001            -9.81669
-1.47002             7.48273            -5.65177
1.35638              8.6717             9.31527
2.51688            -3.89906             3.74577
4.31991            -4.09392             1.99424
8.10167             2.84405            -9.09191
-3.11258            -4.33447             8.11561
-0.165051            -4.23459             8.77159
10.8333            -4.65142            -10.5262
-9.269            -4.76253            -8.69969
-4.39628            -9.26546            -6.56232
-9.72739             3.59222            -5.00978
-0.286477            -9.46719              1.5312
6.73941             10.9619             8.17603
-9.54466            -6.22642           -0.284529
2.01684             7.91344             -4.6478
0.833091             1.14769             9.06747
-5.19605            -8.58573             8.93491
0.803103            0.576073             4.11641
8.947            -2.03558             9.79339
7.18129             3.11038             5.37049
1.75683            -1.53882            -4.10811
6.37897            -0.59367            -1.86546
-7.44595             -7.4989            -4.25691
0.846772           -0.644541            -9.34702
-7.70472            -4.45935             5.73838
-10.0035            -4.57265             -10.371
-0.303618             6.40513            -10.2944
-4.74028             4.93589             5.41335
10.4233             4.61755             2.76228
4.74437            -4.86414            -9.96789
-5.64373            -3.49218            0.278223
-10.39            0.553698             9.69204
4.59589            -9.26167             7.29421
9.41438            -9.73351             6.62092
-0.664721             4.08369             1.19437
4.82435            0.499365            -1.30308
8.81257             6.48535            -7.54894
6.15354             10.3604           -0.189127
-7.37952             6.73878           -0.629263
-3.37973            0.395652            -2.25855
5.67695             1.11968             3.68974
-7.89716             -8.9995             8.34252
3.31713            -4.82905              9.3613
-8.22169             6.46962              8.8844
10.4252             -3.2235              1.1682
-1.78594            -6.54467             9.62396
10.0331             2.75771             6.63958
-1.03466             8.63291             6.85146
3.73539            -5.59849            -3.48581
-0.0880133             8.53101            -6.17031
9.16235             2.54909            -3.83468
-10.2951             -9.2056             -3.3287
6.2864            -1.57449             4.03816
-5.47539            -3.12277            -4.57716
9.65023            -1.63467            -2.02659
8.54781            -7.41792             4.56924
7.31272             4.36976            -2.21123
10.1637             10.6116             10.1797
0.346131            -10.6203             4.47537
0.846724            -7.38264           -0.465791
-7.82873            -2.42056             9.08959
4.9034            -1.73205             9.42016
6.41877           -0.482351             8.52994
-8.04048             3.32481            -5.24633
0.58636             3.15778            -4.19639
-2.78625             2.40173             6.98752
8.60585            -4.26874            -5.99319
3.98853             7.24934            -4.77582
-4.21093             2.89717            -8.31937
-7.68426              2.7398             5.28093
4.33479             3.57196            -1.57162
-9.11041           -0.318762             1.38487
-1.83706             5.69079             3.56357
-9.4541             4.13576             9.07684
-9.76595            -11.4926             8.88833
-6.58548             0.98512           0.0150111
-1.32219             10.0446             2.62659
5.34365            -3.30951             4.87348
-2.4339            -5.47165            -5.04289
2.00741             3.61315             7.15313
-9.74799            -8.16034             1.90305
10.206            -9.45218            -2.42664
10.4947             2.67082             7.84512
2.81334             10.5258             3.61484
9.74155             8.55304            -7.43857
8.38886            -3.48287             9.85548
-8.61444             3.41575             4.96812
1.62338             -8.1299            -1.82971
-3.68361            -10.4916             9.51808
-9.43256            -9.35422            -8.47919
5.32144             1.02434            -4.71919
2.65431            -2.06498             7.08655
-2.47306             4.76558             3.90099
-4.21614             10.9604            -5.51005
7.32145             5.59372            -6.79608
6.6402            0.739273             10.3028
0.836572             2.58499             1.63967
-0.190294              4.4688             5.05312
8.43999            -4.18631             9.46342
-0.645887             2.80321             7.75144
9.36519            0.103411           -0.356955
0.264308             4.00092            -9.43807
-6.76765             5.23788              1.8844
2.1244             5.38237            0.333902
4.53234             3.62939            -4.07369
-1.61933             1.03231            -7.68805
-2.124            -4.82803            0.619121
4.88298            -9.83749            -6.34939
-4.98719            -10.5256             6.13271
8.20734            -5.14291             -1.2529
9.24707           -0.230534            -7.81862
4.85188            -5.69252             1.74682
8.49726            0.272304             3.53318
-9.9782            -1.39045             7.05357
-5.04231            -10.0056            -3.87647
10.2798             7.06533            -8.19804
-5.18701            -10.2311             9.37059
-7.01647             8.02931            -9.18454
7.28897             2.07304            -8.81482
-6.5654             9.61959             6.60294
-3.00072           -0.153021            -7.47283
-10.436            -6.05198            -1.21171
-3.27119             7.92753            -9.30275
-2.72423             2.16688             3.65921
8.80151             1.64797           -0.894207
9.40281            -2.31461             5.49212
-7.39437            -3.79442             4.91513
3.56558            -9.59564            -10.2217
2.86984            -1.65326            -9.44604
-4.3567             1.74583               5.492
7.06973            -8.51566             10.1627
-9.87322            -1.47101            0.127744
-3.95828            -4.30758             3.48915
9.22123            -1.12842            -9.25138
-3.87002             2.85059             9.34165
-7.61685            -1.54442             10.7773
-5.35662             7.30757            -8.78799
8.48226            -1.02352            -6.43511
7.98211            -7.34864             2.61057
-2.1256             4.78292            0.515537
-8.76221            -1.26671            -4.90921
0.0707688             9.13638             7.78521
-7.02104            -10.0649            -6.37383
1.07268             7.77202             10.7949
-6.78805             10.9021            -5.03869
6.20747             2.10614             4.58262
-10.2317             2.58829             -5.6508
-6.48669             9.57977             4.41736
-4.24854            -7.60834            -7.11526
-8.02848             -4.7053            -7.83199
-4.58752            -6.83337             5.63724
5.58359            -5.52768            -5.24778
3.56802              1.2163             2.33916
3.06906             4.38257             3.45883
-10.3308             -6.8213             10.4489
10.5898            -1.93256            -1.37759
-4.94754            0.840368            -8.43438
3.13961            -9.52295             9.43086
-8.27415             -3.8702             6.36012
-10.5306            -6.97408            0.652867
8.8833             3.58069             2.33441
5.52283            -4.44793             1.66883
0.422068             1.19689             1.49552
-8.47139            -8.12585            -10.2956
2.76305             8.77801             3.20458
-5.69969             3.96524            -7.98379
-6.45672             9.28848            -5.73614
7.04301               6.686            -3.55641
0.922098            -1.92961             -9.0252
2.84368              2.7598            -3.00035
-6.71044             5.77034             4.76463
5.31271             8.59864             6.22034
-5.99433            -6.10796            -9.66608
-5.06663             5.80468            -6.31799
8.41813           -0.869756             2.35262
-5.67142            -4.54157             5.78397
-4.47832             2.88321             1.25391
-2.6278             1.07643            -8.18452
3.05001             2.69873             7.07569
1.01554            -5.04897             7.26692
-0.616245            -9.58605           -0.816867
-4.97499            -11.1651             6.28358
-9.17317             1.77647             1.25992
1.87527             7.69597             8.17601
4.06829             8.61206            -11.1852
-10.4512            -10.2726            -8.42261
9.46821             7.43297             4.96921
-6.06757            -2.72147            -4.20497
-3.25825            -1.88367              3.4945
-6.31293             2.68664             2.05751
6.86007             4.79706             8.28786
3.69615             4.63169           -0.077145
-6.10186             1.03538            -8.78444
8.28421           -0.566887             5.84516
9.99895            -9.57156            -1.58403
-10.6084             3.32204            -9.09735
-5.84988             6.00407             6.55857
0.0507091            0.353489            -2.71866
-10.3145           -0.828228             7.89903
-2.73016            -1.30129              -6.676
-5.12864             6.76749             3.09922
-4.79281             6.22087            -7.92098
10.182             10.4935             2.53047
1.7373            0.629707           -0.502073
-8.12533            -5.86755            -10.4869
4.40589             -4.4632            -3.92099
9.85301             2.20403            -7.07153
0.926123              2.5297             1.83272
7.04129            -1.10956            -4.93807
8.29716             6.83008            -8.61582
7.6403              1.0126            -10.2475
-10.0626             10.9604             9.26833
8.61264            -5.29714             4.75234
-7.15004             9.74616             9.94954
-6.16278             7.88203              1.8353
7.28092             -7.6078            -5.68955
9.57483             3.00639            -4.51489
-8.59116             6.41365            -10.2709
0.944967            -2.10939            -9.92286
-7.40969             1.91886             5.92417
-6.35962              7.9406           -0.574414
-7.22454             3.86611            -1.52469
2.69977             9.42315            -6.09642
3.76435              -8.019             2.12819
7.54384             -3.8116             3.73542
5.98872            -8.08219             9.03301
-8.36001             10.6417            -4.39669
-9.41354             6.73505             4.76691
0.0153543             1.19446            -1.42395
0.737664            -3.00727            -5.95744
9.70691             2.07985            -1.08142
7.9688            -9.90658            -4.42407
-5.70771             5.44426             0.58631
10.5476             1.13777            -6.74616
3.11984             3.32457             7.98734
-5.74665            -10.0317           0.0498169
-6.57473            0.539089            0.845105
-4.16483             5.58321            -1.33976
-6.32764            -2.87066            -2.12134
-1.16396             5.06853             3.96678
5.49367            -0.18795            -6.53769
-0.29724             6.72757             7.50933
-6.64026             2.40495           -0.119182
-9.97491             6.60262             6.68971
-8.62722           -0.292114             4.92278
4.10258            -2.40974            -4.38509
-9.10602           -0.460102            -1.52843
-1.38637             9.18119            -9.57416
-0.242629          -0.0383183            -7.05481
2.68223             10.0869             9.19245
6.72463            -2.81205             1.39106
4.68346             6.92788             2.66451
7.25888             9.45258             6.50601
6.27956             7.99328             3.75939
-6.0751            -7.93651              9.0618
-5.05138            -2.23204            -3.53769
-1.6443             5.06724            -1.46139
-0.0949748             6.56405             1.74558
1.88975             3.52585             9.35066
-5.4045            -5.81668             7.83116
5.47459             -4.3517             1.44277
6.50457             8.89181         -0.00810832
-7.34383             4.07543           0.0307875
1.03467             7.47479            -6.49792
-5.17992             5.32081             5.85027
11.0222             7.93438             -6.5479
4.82555            -9.50615             8.01122
5.74543            -9.96651             7.41418
-4.39329            -2.31027             10.1453
-0.544603            -6.78994            -3.80296
-0.589267             3.28926            -10.8972
7.25796             2.75816             10.6289
-4.02327             -10.347            -3.83347
0.13037           -0.593198            -4.74805
9.29125             1.23036           0.0968694
-2.94869             -6.4784             5.41148
7.03547            -2.12037            -9.43435
4.7603             3.67768             2.27294
-8.94751             5.59516             8.63824
6.66071            0.552962            -4.44618
4.12928           -0.887691             5.04882
-4.30018              -5.097             -6.3712
10.5395             4.90603             5.05935
-2.50875            -1.01674          -0.0251008
7.08518            -5.39189            -6.91113
-6.19596            -3.65372            -1.15341
2.79422            -5.62242            -1.11762
5.6403            -8.03256             9.61048
-0.853049             9.85977             6.77072
6.21624             4.43512            -3.93332
7.92973            -10.5246            -9.94462
3.88336             -4.6544            -8.65232
0.939191            -7.52238             1.17522
10.0106             10.1238              -8.172
1.57193             1.92532            -2.63898
-2.66572             4.38707           -0.515536
-2.84938            -7.49493           -0.155178
4.30693             7.59438             2.59902
-5.4268            -2.45893             3.84586
-1.83701            -4.48312               7.979
4.05021          -0.0956795             6.39571
-3.50968             2.21245            -9.46163
3.73467            -7.06976             2.11961
9.40823            -1.98351            -8.67469
-5.68966              4.3904             3.93891
9.66959            -8.12383             9.98775
-4.23331            -3.61604             -8.4792
-5.81626            -8.80778             6.87381
-6.61759              6.3156            -10.5046
-2.80595             5.33143             0.95352
-4.86524             3.06234             6.79119
10.6452             -3.5722             5.04384
0.0101762             8.20775            -7.61232
9.44171             9.26721             2.89904
-10.2325            -3.19608             -1.2872
9.16858             6.36339         -0.00892242
9.28625             5.60336             4.53741
-0.256972            -6.69001             8.75299
-8.4576            -9.37201             4.44424
8.57999             8.23039            -2.74685
6.34679            -9.30397             4.76843
3.99383             1.99272             -4.7709
0.130652            -1.93249             6.62798
4.51604             -5.8756             8.67363
4.36843            -9.54008            -9.86751
-2.25631             5.83381            -9.41432
-4.56735            -2.74258            -3.59687
9.99388            -3.76084            -10.4343
-1.96722            -9.32571            -6.27498
8.28858             9.29324            0.528869
-9.14841             8.68236            -3.25241
9.96963             3.18147            -8.08143
-9.05054            -3.31584            -1.85191
9.75294             8.82297           -0.476649
-7.06721             7.10605            -1.32869
5.22842             6.00395             -10.252
-5.32213            -10.7888            -9.74227
1.7362            -10.0003             9.82549
-4.3949           0.0611265            -3.26005
7.81558            -8.11742             7.26498
-2.28782            -5.70247             1.24294
-1.38049            -1.02053            0.461461
-3.88774            -8.23623             2.26684
9.35497             2.60864            -8.82569
7.33933            -9.23499            -7.42438
-1.89893             5.91345             8.87302
2.75611            -5.65271             3.50347
6.03666            -3.45845             1.23806
5.50837            -6.89667             3.64061
6.14309            -10.8902            -8.23885
-4.98654             5.45189             3.79988
8.83648             -9.7709            -2.17828
-0.862275             1.11598             8.83721
6.40854             9.53253            -10.5531
2.01709             4.56634            -4.45574
6.94086           -0.470284             10.1835
-6.44499            -8.67413            -7.27836
10.1998             7.05426             -2.6694
6.0332             4.67743            -11.4249
-1.1334            -9.00513            -6.15344
-4.54775             7.11378            -0.55293
6.02366             4.91326             3.15865
-10.7183             8.25494             10.3522
-9.9269             8.04758             9.31143
2.87275            -7.06053             3.30864
-3.42497            -10.3901             7.02661
-1.3321             10.8286            -1.27244
-5.73507            -1.58974            -4.94765
7.30566            -1.08513             2.68673
-10.2816            -3.87349            -4.31806
-8.37094            -9.70926             6.25418
-5.93041            0.936216            -2.20276
8.57027              3.5098              1.4046
8.16977            -2.90885             4.41332
10.0005            -8.79119             3.94705
-2.32518             1.50765            -4.06599
4.84733             4.20872             -7.5883
2.01762             2.38672             11.2952
5.4218             1.86551            -2.76032
-1.99912            -10.3798            -8.48437
-2.69386             5.65989            -10.3058
8.70012             7.95129            0.616713
-4.15888            -2.28371            -5.20561
10.2495            -8.50311            -2.60149
-4.61023            0.493618            -9.80388
6.3069             6.44947             8.70558
1.80913             2.77395             3.73971
10.2525             7.57702             7.30559
-6.72202             2.18334              7.8753
9.23237             5.56622             9.05071
4.92939             4.74902            -10.3849
3.17739             7.20755            -3.71743
1.02015             8.48735             1.22596
-1.85358            -8.51309            -3.49117
-10.4671              10.059             10.4079
-4.50856             2.11005             9.20481
9.57595            -7.14266            -8.53198
6.04248             4.29754            -6.79198
-5.75922             1.52701            -5.53773
-7.3202             5.74604            -9.03239
6.76404           -0.874581            -3.62379
-3.31208            -1.38094              7.3368
-1.35335             2.14753              -9.311
-6.14391            -8.66267            -2.06993
10.3084            -3.95953             10.4475
7.42944             -6.8277            0.566666
7.24128            -10.8491             8.73343
5.47848           -0.618291           -0.688914
2.18269            -2.07691             7.59581
7.88409             7.57278            -5.27616
0.814266            -2.20653             5.54594
7.47487            -9.36376           -0.852484
-1.90481             11.0322            -3.25841
7.57896             2.44764            -7.41152
1.63457             1.82834             1.95763
-2.32253             4.49023            -8.12988
0.0377793             1.88707             4.38905
-8.6241            -3.84955             5.48687
-7.82881             5.07546            -10.3075
-1.39602             1.18621             1.23232
-5.1436            -10.5899              8.2939
-6.57687             4.19635             4.42766
-0.285064            -6.15054             8.22022
1.79063           0.0565801             -9.5368
4.73231            -9.12917            -1.91304
5.49871            -10.2224             3.83725
10.7149             3.86591             8.16318
2.66001              1.3738             1.91724
1.11897            0.609367             -8.2254
2.00671            -8.24901             6.81718
9.78599            -3.14234            -6.91089
7.24176              5.0709              5.1819
-6.14284             1.77961              9.0282
8.59156             4.44001            -4.33364
7.35728              -3.101            -9.83884
-1.26572           -0.583272            -4.52447
3.17491             8.69154             10.1412
-9.64191             -5.1573             3.07033
3.59847            -1.56882            -1.83325
2.90007             2.22418            0.926992
-0.426808            -1.15362             6.27318
-0.626806            -5.97737           -0.424221
10.5235             8.35242            0.415031
-4.6059             6.41967             8.72666
-8.76143            -3.84892            -7.22466
2.47605            -10.1005            -7.53033
5.54775             5.77279            -9.50769
9.32425             5.31106             1.15792
0.812625             4.12766           -0.444906
10.5856             2.47658             5.30355
3.70233            -9.00135             4.13253
-6.57687             8.11558            -7.43695
-2.02891             6.32192            -8.08908
2.95261             2.35439             8.72737
-1.00416            -9.75692             4.92095
0.878157             1.22608            -8.69462
-9.55041            0.218272            -4.18187
-5.63409            0.177272             4.09943
5.39887             5.91977             1.25395
5.73609             8.08357            -10.0769
3.70078            -3.20196             5.04427
7.8079            -8.33752             5.80324
-4.58876             2.40912            -8.98165
-0.923114            0.873322            -1.01238
2.91476             7.21668            -2.27547
5.96405             2.53078             10.9324
-8.86817            -5.41764            -1.86063
-8.28414              6.5696             -2.2555
-2.37436             5.54428            -7.23227
3.04834             4.84672            -6.79003
-8.88178             6.48786            -3.85074
-10.8906           -0.669815             8.25712
-9.67986            -5.64931            -9.26611
2.91776             6.21756            -1.73515
1.39675            -4.49064            -6.72222
-4.8654            -2.13298             4.27128
7.08231            -0.85273             6.26655
-6.56491            -2.48593            -1.30922
-9.07321              7.9889              9.0453
8.70622            -5.27223            -2.91613
10.3583             -6.4888            -1.85486
7.32858             3.15445             2.36831
-6.73955            -4.22812             -2.3378
6.47885            -7.92687             5.01846
-9.63613             4.93292            -8.15541
-8.3939            -4.62053            -3.83959
-5.58745            0.765709             5.97151
4.76819             6.94738            -1.00576
-4.74405            -9.53203             7.45549
-1.00913             4.13821             4.90196
-2.36238            -8.60597            -4.76783
9.92099           -0.332569             9.32033
1.12836            -6.92289             -7.7779
-0.805796           -0.301127             6.62906
-8.12392             4.64596            -7.24389
-3.22795            -6.18069             5.41526
2.55891            -5.09879             10.3876
-5.22946              7.9923            -9.59843
4.20813             -5.4827             4.72027
-8.42959           -0.443525             -8.1751
-4.58048            -6.81695             10.4718
1.33683            -8.57951            -3.61044
-7.7927            -3.37558           -0.255321
-10.1405             3.34456            -5.53503
10.9385             2.34633             10.6531
-0.138597             5.71034            -2.21929
0.483888             -6.1675             3.37867
-10.6271             6.02651            -9.52514
-0.315049             4.42605             7.91244
1.25541            -8.52192            -4.85834
2.84906           -0.970294             7.86516
2.56463             5.28471            -9.52371
9.89511             3.51066             -0.7755
-0.687636             8.04389             -8.9377
2.96774             4.36009             7.28035
0.656159             11.0722            -5.43258
-5.82866            -2.17515              3.9923
5.70656            0.791737            -8.48773
-7.45665             2.77354              1.7897
6.34656            -5.14067            -8.84963
8.8333             5.89785              -9.509
-8.85499            -3.98571             4.71978
-3.20217              -8.118            -8.00357
-3.45697             -9.3151             4.68441
-10.3343            -4.40968             4.61545
11.405            -4.99329             6.62238
-3.47354            -8.55491            -4.49533
-8.10456            -5.71037                7.07
0.93699            -7.49674            -10.5289
1.45313             1.60144             2.77652
-2.46179             1.51016             3.37237
-4.77764             -7.2211             6.60068
6.09269             10.3595             -10.388
-6.52478             2.32598             7.13093
-5.55013            -9.91452             1.64151
-3.90543           -0.861795            0.668186
2.21078             5.31619           -0.245956
5.05827            -1.99803             7.29224
4.39036             9.67969            -8.45731
6.70521             3.47845           -0.591288
6.80816            -7.11834            -2.94433
-3.36208            -8.86746            -6.14833
8.39819             6.32039            -5.10788
-8.08068             5.18349             3.43529
-4.49006            -6.61872            -5.28218
-0.341043            -10.6279             8.22847
4.24602            -1.80437             5.02319
8.83936             2.31599             1.14753
-6.40194           -0.902431            -4.79983
8.73614             7.77088             2.47418
9.51815             -6.1123            -9.37371
-6.23622             8.09698            -2.01687
-0.0436033             3.36654             4.87815
-7.65107               3.372             1.95392
-0.0411428            -2.29909             3.35634
-1.24164             7.26872             6.86616
-2.54238             8.60638             7.91663
6.8196            -6.85292             8.13662
7.2624            -2.25141             7.16013
-8.36576             10.8939             7.20515
-3.44116             1.47592             1.40524
7.6456            -5.90497               2.187
7.37301            -2.97243             6.62018
-6.98291             7.00257             3.00626
2.59992             3.18506            0.376654
-4.30453          -0.0704555            -5.84898
-2.68814            -6.40339             5.79066
4.48449             6.97838             1.04351
9.41806              8.7028             9.67876
-9.17147            -3.74718              8.0054
2.1815             -2.5281            -3.82876
7.52785            -9.37831            -2.85345
9.52489            -10.1192            -6.36203
-9.24945             2.96102            -10.0528
9.69669             8.23544            -4.16867
-1.63996            -3.29431            -6.17297
7.29138             6.89584             4.14273
2.52459             9.36643             9.99471
6.17799              3.5176             7.86451
8.04154             1.05484            -10.1099
-9.24917             4.55202            -10.2073
-3.51864             -3.9263             4.78738
1.96974            -7.62223             7.23741
8.65915            -0.94391             -5.3258
-7.63523             1.43062             9.73423
7.879             3.97668            -4.35263
10.2688            -2.53512             3.04587
-2.61698            -9.93632            -4.48533
7.01474             9.01021             1.47313
-3.40725            -8.39773            -6.16903
7.78718             2.45278             9.84307
-5.14081             9.22945             8.99401
-8.69456             7.63912             2.69125
-9.84849             3.55037            -10.0145
3.38959           -0.388301            -9.68507
-9.20944            -7.82168            -7.53549
-0.761389            -3.32634             1.50902
-0.402305            -1.45434             2.99066
-8.65107            -5.87491            -0.65773
1.80531            -4.87358             7.94958
10.5524            -3.66774            -3.41918
-6.38479            -10.8424             5.99226
5.93994             8.43613            -6.85187
-5.59134            -5.51856            -8.11132
-3.48286             -3.9048            -4.16439
-4.27752             4.18856            -2.05507
-5.82788             9.34125            -2.02678
0.259872               5.792           -0.990844
3.11627            -3.67414            -2.50303
5.60814            -8.97883             5.25406
4.93457             3.61794            -2.36181
5.12955             9.06573             2.60561
8.6761           -0.345693            -2.75796
6.16091             4.59936            -2.49446
2.80287              8.1573            -6.10306
10.0706           -0.275116              4.8427
0.818116             9.72576           -0.720893
-0.671383            -10.7984            -7.29238
0.186358             5.36166           -0.766418
9.47725            -7.08224            -9.10818
-7.93223            -4.77655             7.89705
1.74954            -2.32961             10.3257
-5.16845            -8.24339             8.49898
-0.716067             8.18476             5.42588
-0.0798045             7.90013             3.95053
5.41485             5.12801            -4.09917
-9.81193             6.10293             0.44156
5.63351            -9.79016             6.06927
10.2136             5.33416             -9.3309
3.24406            -8.04769            -5.87433
10.9681             -4.0858            -8.22926
5.14025              8.7385             10.4544
-9.50162             2.34955            -8.29713
0.238865            -10.0496             2.62673
-1.58407            -4.36549            0.255371
-0.831275            -4.07046             1.40469
-8.30652             6.21203             -4.4181
1.1531            -11.2408             7.55633
6.67638            -8.09062             2.70036
0.742085             3.85285             3.12026
5.59202            -7.52022            -3.62925
-0.439988              11.502             3.18964
-9.52415            0.757765               3.334
-10.0884            -6.08425            -10.2374
5.85854            -2.89962             9.83777
7.27936             3.85845            -1.01899
-10.3459            -7.43006             3.24453
0.0488376             7.62145            -6.43972
9.68897            -6.72167            -10.6221
-0.918848            -7.68962            -5.77322
4.77252            -6.09933             -8.4124
-6.26444            -8.36956            -1.77345
1.97025             7.61678             2.47338
-10.1735             1.70285             3.53644
7.82201             5.35017            -8.11623
6.06574            -4.72191             5.18554
-8.64731             4.02941             1.02534
-3.62396             6.78524             3.30378
-6.45528            -5.56739            -8.21224
9.62117            -4.83896            -2.24012
-5.18733             5.49579             -8.5698
-3.17806             9.80269             4.35951
3.35534            -0.74161            -5.15723
-4.01138             5.28612            -10.8369
-7.093             7.13222             6.85077
0.978929           -0.473262            -8.39581
-7.86412             6.25716            -3.27705
-7.69196            -0.79447             8.09608
-6.90137            -8.14016           0.0832102
-10.0661             6.38198            -6.87606
2.62788           0.0784807            -4.05054
-7.34529             1.43784             9.00011
1.71207             2.79319             6.10567
-1.44736            -8.36921            -2.39586
-2.61784            -7.22902             7.67456
-2.91557            -10.2794           -0.120076
-3.36573            -9.95715             9.58185
5.26293            -7.00884             6.83939
5.1525            -1.86725           -0.816203
9.30027            -3.52741             7.11414
-3.85005            -1.48334            -3.37145
-5.05114            -8.35652             5.43124
-6.06624             8.27921             10.7785
3.6492           -0.271149            -1.02791
-4.8681              2.8941             1.66451
-2.59961            -3.76654            -3.63624
7.43141             9.83746              4.8232
8.23211            -7.59531             3.60499
-8.68138             7.22265            -1.50235
-5.30107             9.55515             6.67417
-9.20946            0.879395             1.09463
-3.62886             5.95446            -6.99291
6.20599             6.69971             3.71609
-9.68179            -9.88375             4.27968
10.6009              7.4522             -3.0192
-5.21925            -1.30939             3.23265
-7.74907             7.46848             9.34291
-3.9453             3.59454            -10.7165
-4.54695            -8.48064             8.02374
0.896007             2.34605            -5.96091
-6.98988            -4.99324            -7.00488
2.90743            -0.12882            -2.91285
4.60387             9.28731            -8.97665
-3.42764            -3.53038             8.94093
-3.92793             2.35673             -1.9782
9.10227            -6.31997            -9.65958
0.767871            -1.81881            -9.97624
-4.79804            -9.93418             4.77672
6.93879             10.2894             5.40912
3.22919             -4.2779            -3.19073
-0.958727             4.40812             7.47657
2.58206            -6.22367            -9.40306
1.31527              9.7678            -4.31127
-6.40528             9.06466            -8.41691
2.13377            -7.21363             8.51668
7.06835            -7.87684            -9.29906
4.71166            -9.99771           -0.739625
10.6727               10.23             2.77789
8.21328             10.4118             5.94193
-5.70345             9.95233             10.5527
-10.1202             2.71796            -4.78403
-2.26184             6.17902           0.0867477
-2.68854             2.39962             7.03134
-9.285             4.18899            -5.12854
-8.70678            -3.46913            -3.75384
-5.01669            -8.25096            -3.36729
0.43859             -8.9132             1.37479
-5.87216            -2.90745            -4.29217
2.28228            -10.4825             -2.6427
2.46481             8.18227             7.99041
6.75891            -6.08738            -3.00264
-3.93903            -2.42804             4.10335
6.36199             5.58639           -0.933271
-5.67775             8.39606            -10.2032
7.18285             1.72519            -8.90861
0.00609368             1.28434            -8.32653
9.16625            -7.41548            -5.50756
2.446            -7.04235            -1.40019
-2.00309             8.23127            -8.02138
-2.4048            -7.17464            -5.41734
-5.74577           -0.706907             1.24788
-3.74248            -6.11925             4.12251
-7.12428             3.70908            -4.54529
-7.35812             3.66702              2.5459
7.25364            -8.31481            -6.06466
-7.2054             3.60963            -7.53223
-3.50391            -9.22371            -7.92818
-3.59606             3.12159             6.29522
-7.26798            -2.38279            -9.07623
2.05543            -7.64097            -6.91705
-9.13114            -4.40358             -7.3567
6.66289            -7.86595             6.39554
9.5542            -4.90284             3.67002
-8.37412              2.4837           -0.549165
9.53806             8.53959              6.7968
8.3146            -8.39912             10.6695
3.50406             7.08552             10.3088
5.89095             10.7939             5.86308
3.63114            -8.19436              1.0932
-0.767482            -1.86165            -1.41731
-6.14146             6.44607             4.09597
-5.46399             5.10985             6.89042
-9.3842             8.42221            -4.05141
0.983381             1.20663            -5.39965
-0.0955632             3.32474            -4.35976
-2.379            -9.61633             4.76443
4.73207            -4.12981             -4.2693
-2.19375             4.67287            -2.55117
-2.30541            -6.52858            -1.95458
-4.72075             6.85084             3.78641
-6.54817           -0.368548             6.22573
4.97663             6.07593            -6.75272
-6.30898            -9.58452             3.52641
3.77535            -2.10046             2.28205
-10.0397              -4.583            -1.02586
-8.96215             6.88964            -1.08825
8.12721            -10.3812             7.51081
-2.87912            -7.87584               4.421
3.21342            -3.70034            -0.91754
7.6243              7.2329             9.73686
-1.09226             7.88165            -8.91909
9.65628             9.11275             5.12152
8.73837             6.52235            -6.88374
-7.35462             10.1078             2.71662
-6.06655             4.04137            -4.12312
-9.14427            -2.09876            -1.49178
9.35498             8.10929             6.77818
7.56741             2.84676            -1.79444
9.0546            -7.72491             -5.5691
-6.14502            -5.12059            -8.46421
-6.88644            -1.68982            -4.23207
-7.57549            -9.71469             3.58534
-10.7764            -9.74457             9.98503
8.23872             3.54186            -4.79537
2.1969            -3.15721            -8.72555
-2.45311            -9.93573            -8.96283
-9.0836             4.28194             10.4296
1.31909             8.67281            -8.01681
9.31559             8.06735             10.3299
-8.77675           -0.025741            -4.85142
0.87557            -1.02328            -4.43359
7.62944             5.78811           -0.977213
9.35133             -5.0347             3.82864
7.91181            -5.68462             2.75981
-1.21959           -0.998923            -4.28726
-7.58335             1.81215           -0.055244
-6.43981           -0.215439            -9.92152
-0.603174          0.00248628            -10.1114
8.47115            -1.23763            -7.89036
10.1201             7.65734             10.1772
6.90327            -1.82039             6.35537
1.69998             6.87029           -0.758958
3.58715            -8.52958             3.98261
6.15953            -1.47105             1.63401
3.8211             5.23441            0.503353
2.16969            -7.05515            -6.07031
-8.43403             2.61341            -5.80058
-9.72964             10.4056             9.26349
7.07147            -3.21717             9.84674
-9.46212            -2.26298            -7.65845
-3.06945             7.17673            -8.17346
3.46223            -10.0029             1.57537
1.98388             10.6429            -10.3901
6.34854             2.53656             10.5273
0.710799             -8.8087             7.25736
0.793467             5.63457             5.59979
8.77594             4.09082             1.81598
0.205177             -2.9303             2.29453
-8.58457             2.33743             3.62131
-1.93173             7.23903            -7.29694
0.150638            -1.31259            -5.09202
10.6359             4.75362            -6.84596
-10.0997             6.32633             1.11825
9.6719            -2.29442             6.64214
-4.15537             11.0433             5.70914
-7.7398             4.36312              9.4639
-5.9029             -2.3059            -6.30971
-4.84791             7.50882            -6.96902
6.74995             9.44318            0.145139
7.04031             1.62104            -2.53141
-5.27186            -5.02117            -1.29391
-7.72562             8.40807             3.25714
1.55434            -1.88486            -3.59921
0.396491            -9.18222             1.51766
2.56054            -9.86023            -2.58204
-5.43089            -10.9788            -4.59269
-6.29135             8.00753             7.62682
-8.20573             1.95724             8.17846
-5.66929             1.78515             7.67408
0.8675             9.44558             2.81768
3.30377             7.56341            0.616564
8.4737             8.99465             7.61662
6.5067            -4.50823              5.3802
6.79316            -4.62904             1.27045
2.16518            -9.41435             -0.2235
4.09087             7.84708             3.52004
10.3162             7.73085             7.69069
-7.49783            -2.50868             3.54569
-2.05818             9.70792             3.92261
-2.66464            -7.82624            -8.95128
-7.24849             9.34657             3.73099
3.30119            -10.4578             2.94851
5.78214             9.37729             6.88415
5.65691              0.3993             5.86803
6.66381              3.6823           -0.153235
-3.00804            -10.5395             3.34549
4.61727            -3.58033            -2.75203
-8.88903            -5.82892            -8.55736
2.85208             1.84764             3.34793
3.94367            -7.02372            -3.65561
-4.38746              6.7108             8.38999
11.0774            0.944201            -10.4489
-6.00081             3.03474            -3.21212
-1.09629            -5.60965             2.45917
-1.07563             1.44992             3.22062
-7.11643             7.20477            -9.57321
-6.80951            -1.20257             6.93851
7.5443          -0.0559629            -6.02081
9.68898            -6.92012             4.62608
-5.52223             5.10721             -7.6864
7.20787             7.16954             6.82522
-0.150893             5.13853            0.180496
6.88172            -6.68338             6.32181
-3.51367            -11.2255             3.19329
7.75325            -8.20955            -1.98226
8.23192             2.86271            -8.52663
6.48158             1.57627             8.92179
-9.34371             8.11082             7.36034
-3.48683             10.5443            0.229918
-7.88078             2.25834            -2.53074
2.21421            -7.91111            -1.44144
-3.02233            -5.30669             7.33247
3.66091             7.09011              2.8821
0.508767             8.05368             7.83547
0.965976             4.66747            -3.36661
-2.17765             7.97929            0.550841
-7.09276             5.14816             7.68905
-0.0050049            -2.12376              2.7554
9.75211            -7.56916            -9.54377
-4.90698             5.17147            -7.89853
-10.1913            0.391579            -7.21394
-6.06093            -4.97398             -7.3315
-6.42892            -4.11351             9.62649
2.30063             9.99442             10.6126
-7.32923            -6.02033            -2.87111
-8.04691            -7.14838             -6.8643
-9.96005             1.69366            -6.17353
-10.4166            -2.03493             4.09316
-3.92915            -7.19633            -7.03945
-4.90303             -9.5466              1.3055
-0.794297             3.33919             1.79448
-9.0556            -3.11534            -2.09079
-2.94249             2.97734            -7.11742
3.0722             5.70585            -9.05756
2.22431             5.24801             1.89863
-9.24814             5.14359            -9.12019
-8.33574            -3.33073           -0.587688
-6.46306              10.562             2.51398
2.18221            -2.12868             5.13782
-4.50829             7.48711            -6.78339
-5.53115             10.0367              9.6187
8.33426             2.30158             4.11433
-7.81283            -2.19022             2.16656
6.66403            -6.20711             3.33262
-8.31847            -7.91557             6.99674
-4.14962            -9.64028              9.9603
9.46474             1.91261             2.19275
9.36871            -4.60948             9.88313
2.08241            0.605054             7.97665
8.2161             8.05344             5.99146
4.93246            -1.50654            -5.17626
0.718379            -2.87824             9.72037
-10.5204             3.49052            -7.86043
6.49109             10.8378            -8.93209
-10.2364             0.15189            -1.35381
3.23668            -4.77356             2.73245
5.63556             4.73793            0.919554
6.959             9.57437            -2.56283
1.61813            -1.48952           -0.458035
2.16615             4.28045             6.22058
-6.09798            -5.58817          -0.0398642
1.59316             3.68221            0.939072
9.29812             3.50023             6.59591
-10.4863              9.0031             2.65269
-0.52857            -1.68625            0.582788
-7.34193            -4.04533             10.4453
7.62664            -2.89582             1.31954
-2.124             8.01087              8.6728
6.43207             9.95794            0.741039
-8.25859           -0.477915             -3.8457
-6.72406             0.85468              2.9264
1.79665            -2.82419             7.96264
2.00732            0.320889            -6.24643
-2.3171             1.12194            0.219481
-2.96026            -9.85747             3.88636
-9.44243            -9.66737             1.58961
-9.18292           -0.697215            0.401678
-0.285593            -4.09463             1.34728
-1.08758             10.4801            -4.57469
10.9489             9.78018             3.55136
-3.27586            -1.80757             9.88752
0.48532            -0.89861              2.1577
9.32064            -2.83397             8.26499
6.04234            -8.30512             5.28506
-9.46164             5.76401             9.98438
7.23587            -6.80179           -0.666207
-8.03596            -10.3105             3.89647
2.42377              3.1958            -2.80021
-1.95775            -7.91697             3.11533
1.98156             10.8873             4.85806
-10.4953              8.3281           -0.876468
-10.1337           0.0984965              2.2652
8.17263            -7.85075            -5.36712
-5.84122              9.7028          0.00928774
7.96394            -9.54508             6.17964
-9.20678             8.75696            -1.44283
-4.44012              3.9605            -9.22915
-1.81326             6.92254             2.57505
-7.94698            -9.35198             4.63581
6.19508             1.40445            -9.49703
-5.52427             1.85422             4.15813
-7.18217             6.84399             -3.1327
0.387291            -7.65153            -4.26229
8.34908             3.73917             10.4099
7.03094             1.47983            -3.11307
0.829853           -0.437892            0.930656
-4.41159            -9.94068            -9.74289
-9.56039            -11.0406             11.0875
-4.31292             5.84447             7.50866
7.99596            0.382161            -9.94586
5.43078            -7.02753            -5.61004
0.825383            -3.87203             4.83723
-3.26794             3.39321            -3.58749
8.18886             8.83158             1.20693
4.24048             5.69318             9.75662
2.96249            -6.48095            -3.83118
1.53476            -3.71132            -1.06564
3.39558              4.8302            -3.45732
2.59069            -5.46636            -2.18555
10.097             8.01232             2.41739
10.0672             -4.7561             5.00968
10.5869             6.80974             9.90319
-5.81346             0.80042             6.05064
-3.00561            -5.32475             -5.8593
-2.67528             2.07198             4.69461
1.86866            -5.86448            -6.39297
-10.2935             -9.2627            -3.15101
-5.0343             9.75528             10.4133
2.61553             2.65422             9.18182
1.4988             10.7525            -5.71795
8.52239             3.83904            -3.83474
-2.44919            -7.97874            -7.88939
-3.34677            -3.64358                3.48
-0.0359845             7.20783             5.29719
4.96038             -6.9269             4.06271
1.78697             2.47413             1.05166
-7.44521             4.60788             8.73808
-0.198758            -6.13683             5.94521
-10.6029            -2.69939             1.37154
3.48827             2.91596            -4.95722
-5.28484            -9.18885            -5.72468
1.62999            0.294152            -4.07169
-9.24111             10.5985            -0.10156
-8.40278            -2.09584             7.16939
9.76392             7.24139              5.4994
-6.26059             6.59005             10.9909
-1.68862             6.18078            -4.57206
-10.0455            -4.43231             6.40002
-6.5627             -1.3624             9.15615
6.17391             10.3941            -9.47554
-5.94964             2.56172             6.61925
-1.34299            0.693116            -8.18611
-2.34469              -1.639            -9.59649
9.19349            -6.42846              10.457
-2.38804            0.037568             10.9575
0.396935             1.54947            -4.00919
-8.50531             6.76148             -3.0491
3.18479            -7.15832            -1.19522
-5.18939           -0.100376            -5.24695
-9.08191              3.0929             3.09235
6.53497            -4.10393             5.91783
4.73097             1.13354            -6.39663
5.13943            -1.91118             9.31673
-3.46664            -3.37994            -5.94746
-3.86819             10.9861            -4.54275
7.03861             1.82968            -1.02108
-9.86431             8.96712            -3.18254
10.9659            -4.57487             4.65456
7.1108             -8.1203            -9.20546
-3.16046            -8.58532              3.8858
3.53125              0.3535             4.41299
-1.07964            -9.42164            -9.15243
-0.974773           -0.338908             -5.7398
4.70388            -1.63736            -9.78979
-5.8724            -5.82131            -2.76425
4.05064            -2.00611               6.627
-0.141429            -7.62988            -2.11306
0.876724            -1.21592            -7.85546
6.9017            -3.20309            -5.60476
-9.92116             2.53591             -5.4327
8.54981             3.25904            -9.45463
-10.0563            0.107897             -3.4238
1.92757            -9.15304             -3.2994
-6.34671              -11.07             5.41881
-3.24016             8.02028             -5.9897
-5.55028             8.43626             9.79554
3.13395            0.388414             2.05099
-6.67891           0.0339241             4.16179
-5.0523            -6.59862             4.60738
4.58891             4.63466            -2.35578
3.92613             6.51155             -2.4933
7.12085               2.527            -8.60772
-6.5693            0.299666              3.9305
-8.65832            -7.86187             1.54495
-1.63688             7.05463             4.50164
3.75019             5.87994             2.15816
8.15973            -2.63753            -6.64906
5.09764           -0.452314             3.91033
-0.962993            -1.21434            -7.64228
0.292693             10.3722            -1.95568
-4.86543            -2.94349            -10.3391
-1.39079           -0.916328            -1.52483
-7.00204             7.69423            -4.33329
-2.88728             8.70498             1.00709
3.80223            -4.69696            -3.72793
5.87506             7.76747            -4.00539
8.52428             4.75774            -7.94255
8.93492             4.59036            -9.71519
2.20517            -2.11752            -2.45314
