4.28241              8.9197            -9.44012
1.54039            -6.33301             1.12011
-7.57158            0.146457            -1.54182
8.50122            -10.4479             -11.161
-2.44088             2.19283            -3.71096
-12.1625             6.72127            0.646707
5.36901             11.3189             5.95037
7.19564              3.0639             8.15749
8.14595            -9.53761             7.31354
-0.544792             5.27071            -9.16878
-9.34944           -0.281138            -5.92485
-5.11464            -7.65441             2.02169
4.09188             5.39959            -6.34107
2.42566              9.9158             0.58316
-4.78988            -4.07363             3.35892
-4.20749            -13.6378            0.105417
-6.94049            -6.03038            -3.50217
7.21993            -0.20979            -2.84265
-6.57117            -5.95269             8.54458
-4.19776             7.04913             0.70331
-1.47056            -8.00692             1.03631
3.1089             10.0675            -1.01269
-7.74624            -6.21146            -5.69927
-6.23713             5.45299           -0.425791
-6.52862            -10.7189            -4.97873
4.78912            -8.06566           -0.518879
6.67081             0.89776             1.62219
11.5868            -3.14339             4.19677
-2.21831            -10.6874             7.81517
-9.24969             6.51271             10.6728
-4.03728             1.30676             7.74926
6.15496             7.56286             3.22131
5.6361             9.66151            -3.54394
-3.41456            -1.94495             7.77591
4.42513             11.5305             10.9939
11.5718            -10.3418             9.55479
3.16029            -7.56577            -7.68505
-2.17087            0.579905             11.2649
-13.7709            -3.61426            -11.2319
10.2427             8.13169            -3.99123
13.3044            -2.76876             10.7631
7.50652            -9.20338             14.0045
-13.8223            -5.25328             8.59471
-8.47025            -8.20305            -14.6159
13.9061             5.91631             -8.0183
4.21271             7.19283             11.5488
9.5845             1.79079             7.17657
-2.23011             10.0901            -13.6166
-16.0919            -1.16982            -2.00454
-8.64927             8.69637             6.87721
4.46958             5.46912            -10.3674
11.3313             8.24173            -9.36619
11.6302            -6.39332             5.40232
-2.24977             -11.363             11.0298
-4.00038            -10.5622            0.725434
-0.844422            -10.8613            -1.07892
-5.08731             2.97123             -1.6234
9.99328            -12.2115              11.312
8.5328             3.12477            0.775291
-2.85809              12.175            -3.82868
10.604             -7.8267            -3.69222
-11.1367             5.18325            -4.56286
-7.0189             2.36234             7.72783
-9.93252            -10.4395             1.90079
-7.39596             2.80081            -12.9438
-8.72203              8.5185             -10.886
0.184632           0.0411179            -9.57856
-9.84597            -8.45412             5.35651
10.8557            -1.33207             9.16471
10.1885            -1.00251             -9.1165
4.02511             9.57473            -4.54472
9.62137            -8.40189            -10.2912
-6.0846            -2.44597            -9.10495
2.39301             9.10747             6.00431
13.3058             9.66785            -9.71575
-0.683311             -6.7643            -5.90111
-10.8073            -1.54984             2.64417
-6.14464             7.49116            -7.10666
9.03788            -3.30664            -10.3089
-4.20668             6.15589            -8.07667
11.2727            -9.70627             -5.3439
-2.99088            -8.45689            -7.86382
8.28571             -12.856             2.49376
-14.2377             14.1932            -2.45939
8.8183            -3.20769            -7.68278
8.5845             -6.1883            -15.0824
2.72987              -1.319             3.17616
-1.14775             3.73227             8.60676
-6.28166             10.3783            -9.65052
-3.47378             9.12312             9.07779
5.92346             14.3817             10.4253
7.8147            0.491873             11.2894
-12.3851            -6.72643            -2.63389
10.0955             6.94657             7.17264
-5.26952             5.44331             8.73241
-3.93732           -0.108238            -8.53617
13.1365             7.37152            -13.3784
1.01445             7.85448            -13.5222
13.471            -10.3613             13.6203
-4.81933             6.06717             3.77924
11.8881              9.5723             3.09548
1.01645              3.9409            -11.4788
-8.3434             7.49939             7.16718
-1.04375           -0.362512             11.8721
10.3681             5.61901            -1.22155
-6.84187            -5.33711            -11.6036
3.89592             1.89791             2.49215
-4.03616             9.24597             13.4664
13.9157            -4.45906             8.08897
5.23982            -14.6992            -7.81611
-9.84141            -5.74781            -2.89864
14.372             12.7772             1.66771
-3.07363           -0.719128            -10.4422
-5.16705             8.52582            -10.6401
3.45529            -2.53957             10.7305
-2.25123             4.64019             4.95035
3.28627            -2.83713            -5.74632
6.20361            -1.00674            -7.83071
-11.7609            -4.79575           -0.345287
3.6382             4.14331            -7.03037
6.76738            -5.55424            -8.02446
4.33029            -0.89193            -7.02925
6.96799            -9.11893            -8.31172
2.05474            0.977479            0.660786
8.92286             -2.8762            -14.7264
12.5444            -9.97705             8.33529
6.6989            0.674001              6.7919
-9.04823             11.1127             14.1976
-9.42763           -0.760011            -8.08912
1.92879            -9.82544            -8.79654
3.28973             -5.0708             1.86686
-13.7784             10.6873            -2.79194
5.95317            -4.19429             -3.2363
-2.98198            -1.34404            0.650114
11.9365             1.24975             9.96092
-15.5252             1.04481             13.2052
8.48761             11.2066            -13.4123
-2.39862             5.09035            -4.49126
-9.35035             2.67317             10.3978
12.1691             3.57982           -0.892382
-15.1108             9.75234             1.70997
7.2435             5.70676             14.3446
12.6428             3.05786            -5.75516
-8.04209             4.23122             11.8323
-11.8148             4.50587            -3.85426
12.9018             -8.8055             11.8998
10.7534             -12.018             1.66031
-12.0501             13.3251           -0.242652
4.29853             9.09243            -7.89504
-5.00068            -15.6818             1.08218
-5.72409             7.23446            -6.50128
4.14629             3.97767             1.10925
13.3503             8.87388            -4.45485
0.578154            -7.07097             5.19445
8.24399             -2.3479            -13.3876
-0.432379            0.212085            -4.09518
-14.3502            -1.66632              11.123
0.418076              14.592            -9.59367
-9.03936             3.47846            -3.39386
4.92566            -10.1691              12.277
-5.68127            -3.87542             3.94164
-3.21483            -4.74241            -4.64097
-3.31289             5.68214             4.59454
9.29094            -2.49236             9.42799
-10.0801             5.02576             5.68483
7.27268            -3.93683            -2.86054
5.13032            -3.31889             10.1994
1.77944           -0.566491            -6.86119
5.98823             10.0923             7.12426
5.23664            -8.12282            -2.56716
9.25662            -10.8073             12.5018
0.431671            -5.21876             7.95262
3.20222             13.3577            -9.83337
-6.7857             5.06953             6.26744
11.8817            0.105031            -6.97636
6.66543             9.62066            0.918431
-13.235            -3.87224            -3.25946
2.82965            -4.34406             5.83121
14.122             -6.9793             11.6486
3.59483              13.252            -9.93267
-7.32769            -4.74508             -1.2538
0.648458             10.9293            -7.44673
9.88199             3.79737            -9.57509
4.98716             7.71753            0.705284
6.40375            -8.41331             7.58921
4.11313             13.1392             11.3433
-4.2961            -7.68266             4.27371
3.56876            -12.6002            -10.4373
10.6466             4.67151            -2.37586
0.0682719             6.88782             8.77059
13.7857            -11.4474            -1.94868
-3.11507             4.52968            -2.50384
-6.58002            -6.60336             10.0624
-0.26718             3.65679             5.75712
14.1637              3.6841            0.279468
9.14505            -4.35592            -11.4191
3.02675             13.2214             8.16464
-14.9614             2.16773               -13.4
3.04204            -11.1351           -0.178349
-6.59916             7.46049             3.75055
-9.15948           -0.552403             5.59318
13.5432              10.282             9.20945
-2.51044             10.0634             5.00475
-2.41806             3.63256             5.91229
5.34348             -7.1267            -10.6217
5.07273            -10.6775            -1.92509
-6.56431             12.7771            -3.39405
1.36587             7.76034             3.57325
8.47578            -2.61663            -1.37742
10.9419            -11.8484            -10.2113
-15.1435            -6.53825             7.35054
-15.2511            -5.87392            -8.59367
5.45227            -2.30594            -4.73353
-5.58553             8.94065            -2.28765
-12.789            -3.50233            -4.18421
8.43585            -14.3273              7.7433
-12.6441              11.691            -4.73014
7.92387            -10.9778             8.32822
-8.14901             1.56857             5.41108
2.84126             -7.3346            -12.0219
6.31872            -8.45771            -0.65902
-2.57119             12.2702             17.7232
10.9987            -3.04273             1.45891
6.42701              10.901            -5.81331
12.9904            0.109408             2.66962
5.44821            -9.37227             4.80377
-13.8911              7.2313             7.64189
0.387605            -12.7217             6.04572
11.6665             8.87275            0.675495
-2.48027            -4.98925             -1.5424
4.21114           -0.139206             8.11366
-0.111186             15.9039            -9.66891
-5.1319             4.13889             7.57246
-4.05023            -7.86227            -11.3635
-12.3023            -11.7821            -12.4314
0.447378             -7.3922            -10.5562
-2.41083             5.42555             1.13947
-2.62513             11.0369           -0.763048
12.5709            -4.46612            -1.28598
-6.49009           -0.118193            -7.44684
-7.48087            -6.57096            -4.49447
5.66353              -2.656             8.90413
9.0561           0.0622284             8.45307
5.07473             11.3698            -3.00884
-12.2264             7.88125             6.98824
0.133085            -2.50563            -12.0748
-1.09684            -3.88421             9.78819
11.7724             4.26095             6.57195
3.08463             -5.7026            -4.65219
-7.17356            -3.86529            -9.94212
-10.5792             12.3444             9.36093
2.86642            0.928857            -3.75194
6.67447             8.48897             9.49159
4.89085            -7.51043            -8.65506
5.12536            -6.12143            -6.65203
-11.7054              -12.93            -1.75769
-9.51714             5.96773            -4.56129
-10.4444            -4.05772             3.67589
1.00958             5.69062             1.34757
10.5052             6.49588             8.25386
9.5022             8.20687              4.1152
-1.35015            -2.66395             7.15648
3.52126            -2.46132              3.0063
9.47058             11.9471             2.14816
-9.42955            -2.44934             3.37127
-11.7254             2.61178            -7.14815
6.64538             5.00519             4.41723
-1.11764             2.34722            -3.60854
7.1891            -5.73757              5.7702
14.3155            -7.00096            -4.22434
8.06071            -8.61917             7.97631
-3.88173             -7.7778             9.12495
3.48789             2.22072              7.8128
3.49714              6.6625             4.84154
-10.6784             6.80017             3.62088
-7.75808             13.4153            0.523211
-3.69527            -2.48267             3.17122
6.37912            -6.52054            -13.1211
4.78114             8.98659            -10.7157
-4.61992            -13.3192             -9.6935
5.87861            -12.8814             -3.3868
1.63289             1.37877            -4.57085
8.33361             10.2879            -2.09785
-9.30247              1.9514            -6.05058
10.6162             3.96638             5.15947
-5.0088             5.86086            -6.77772
-9.44787            -7.19938             -2.3758
10.8525            -11.1828             4.14443
-1.69176             6.63491              11.771
-8.32715            0.674573             8.50743
-7.93817             4.74105             -13.124
3.60408             9.00723            -1.25653
9.65609             6.94829            0.688108
-6.26717              9.7918             7.53895
-1.32349             9.84115          -0.0351369
-6.68195            -14.1174            -7.05139
1.75333            -12.6986            0.655086
3.95955              13.328             11.3913
1.73441             10.4128            -12.3982
8.53318            -9.64969             2.31764
-0.239481             6.87828            -9.66061
11.1486            -2.81176            -11.6906
-8.21712             11.5863            -10.1811
13.0943            -5.46662            -9.66001
4.12884            -5.23859            -2.98042
-2.8977             1.76809            -4.70575
-12.2775            -15.5934              5.2182
-7.18827            -1.96705             9.48313
-10.338             11.4754            -4.62867
5.30149             3.19356             1.57252
-8.08614             1.27601             5.86187
3.31645           -0.738766             2.11392
-14.5547            0.498419             1.30004
-10.6183             2.23771             4.90603
3.76928             12.5039            -1.61885
7.86855            -6.76998             7.25123
0.674031            -2.55599            -1.34766
-6.63484             2.49493             3.82505
-3.29826             1.19355            -10.7481
-0.499087             3.89798            -13.2195
5.59197            -5.99709             8.41234
-0.707865               4.621            -4.77709
-4.14628             2.52277            0.394082
-7.24832            -12.1031            -5.26669
6.49229            -12.3218            -4.07115
5.61617            -7.82246           -0.527073
4.6713            -4.25208           0.0730923
-9.01217            -10.7188            -6.26611
9.28554             8.38045            -4.33116
-8.94164            -7.38532             8.94507
3.85881            -9.91689            -8.62468
-5.01574            -12.0798            -5.27298
-11.0512            -13.1122            -9.30341
-6.36703             -11.773             2.46387
-4.36476             6.57199            -4.34959
10.6348             5.58099            -9.58163
-10.7407            0.137181            -8.67834
1.12199             11.8376            -6.32432
-13.2305            -1.24153             11.0929
7.26663            -11.8102             2.46325
-2.85714             5.31654            -4.81421
-12.0948             6.63496            -4.26995
3.68639             11.7339            -2.85762
5.16594             4.84739            -4.10106
1.0485            -14.8833             -5.1531
2.81015             12.8629            0.381328
-6.46082             4.59578             1.16881
0.288953            -9.38022             11.2769
-9.20925            -7.21562            -1.99199
5.29742             2.03811            -6.17244
-0.999733             -6.4416             11.1779
10.1554            -10.7937             4.90953
-10.5711            -10.7279            -13.9254
6.47819             4.02912             3.12602
11.0983             12.4878              4.4418
5.03941            -4.07855            -2.81058
-7.59703             9.98091             10.4671
2.56209            -4.14422             7.37664
10.0481            -3.76184             3.79781
-2.57313              1.9162             7.55448
-8.23861             8.39611            -7.26396
11.3222             8.77553             2.17502
3.99479             13.7896             8.01871
1.96678            -4.59141             -1.9931
-14.8048            -1.48125              12.562
2.08155           -0.869409             10.3558
-5.88577            -14.2898             9.04863
3.57483            -11.1097            -1.85315
9.00431            -5.25834             7.56369
-11.2676             -11.509             13.2599
13.0001            -1.29981             1.01013
9.73473             11.3727              8.2592
12.4834            -1.05497             11.5934
-14.4287              8.4208             1.80148
4.47022            -13.5781              5.9053
-2.56694            0.396319             6.18419
8.66859            0.914287            -12.9091
5.54507              7.3235             6.90826
-13.9591              12.022             3.09287
4.83625            -2.76069            -12.2834
-7.22422             12.6386              11.338
10.4904             3.55706            -6.72154
-14.0731            -10.4502             9.83866
-6.83053             2.38416            -8.64028
1.6332            0.633874            -10.5557
2.5893             10.4537             -2.6919
8.75997            -6.42434             2.96017
-14.1217            -14.1512             4.43236
12.7564             2.59462             3.07842
-10.1262             -13.216            -7.40335
-9.49988             8.20635             10.9557
-9.27478            -2.07001             7.05978
13.2435            -3.92899          -0.0973398
7.25376             5.72014             6.86084
8.94048            -5.30165           -0.250837
-10.4125            -7.69779            -2.25553
2.51233             7.11658            -12.1911
5.86155             7.13478            -10.4022
-8.94417            -7.65448            -7.00375
-0.674715             2.11398            -10.2484
-10.6671             11.2237            -2.24518
-10.9131             14.8525            -6.18358
-9.8253             11.0563            -16.2095
4.90109            -11.9314            0.783526
-12.9369            -12.9952              3.9863
-8.58327             5.38378             8.54799
5.25735              1.0759            -10.7818
-11.7588            -3.34697              8.7029
-6.10098            -6.37055            -1.02189
9.35038             13.9112            -10.6523
-0.91543            -1.48447              10.259
11.1921            -5.92183            -1.40841
-11.3352             -10.126             -6.2094
-9.02579            -1.67385             -4.8402
-8.15878            -9.23919             8.88244
-5.97688             6.37964             4.38713
8.24284            -2.86897            -12.2422
-10.8893             4.97772            -12.5834
-2.39477             6.87064             6.24825
4.74559            -1.67445             2.43231
4.13514             7.59822            -10.9111
6.80106            -10.2284             7.06176
-7.64258             2.56653             3.57432
0.287046            -4.08304             12.3801
10.0693            -7.82045             3.18736
7.2394            -2.51725              13.514
-1.24975              3.0054            -13.3871
4.65322            -11.6262             10.8576
6.29061            -6.57562            -12.5774
10.5486             3.22935            -1.47362
-2.29654             -9.7041             8.79002
-7.76855            -11.9309             12.0671
-4.40163            -12.8504             3.38532
12.6488             6.07656            -12.4482
-1.42893            -8.61601              6.2962
8.13493            -10.1991           -0.931581
-4.72509            -3.43154             10.3386
-3.9024             4.69416            -2.01869
-9.37671            -12.6088            -3.66215
6.88387             8.17394             10.0824
12.1461             9.13707             5.04598
-11.6598            -4.83617             8.23704
-1.21527            -5.46425             7.30286
4.63767            -8.42014            -8.77807
-0.713301            -10.3706             4.42655
1.04295             1.51828             4.91213
5.11507              5.9723             10.8348
4.4473             12.0304             16.6222
-10.3661             8.76856             4.22618
-1.87014             -1.5431            -4.05898
10.4076            -7.26494            -5.34877
-3.22045            -1.72451             11.1784
12.5472            -12.0105             10.0011
7.21309             8.90217             7.83013
-4.44011             10.6555            -2.30254
-2.49335             11.4517            -11.5306
6.29675             11.2105             5.80878
-0.685342             8.51975             4.27935
-0.957375            -3.06991            -7.79463
11.0793            -5.99042             1.48814
-13.116             12.0037             1.84249
-4.57017             12.2509             -4.0409
7.89144             9.70143            -13.5236
9.23931            -6.82919           0.0901143
-5.08741             13.7055            -1.65958
2.11053             5.20983              10.921
12.2178             2.35757             12.4972
-4.33813             9.33653            -6.66195
4.46545            -11.5181             -8.2594
2.84801             2.55651            -14.2332
-3.18645             7.50367             -7.9243
5.54427            -9.16146             6.52429
4.18497             5.63181             3.36099
-1.94752             2.82892            -12.7438
-7.62314             4.97251            -1.96496
-0.186492            -6.29876            -3.42288
-10.5152           -0.928959            -9.32553
-12.5852             12.2116             11.6143
-11.9701             9.97066            -9.06251
2.1309            -11.4458            -10.6169
-2.84886             4.05737            -6.44434
-4.11349            -9.39642            -11.1422
-2.07188            -6.19681             3.57311
-11.365            -5.60176             11.4223
4.72907            -7.71873             5.75195
-5.61159             8.46682             10.1601
7.52414            -10.8436             4.75642
10.3955             1.88213             1.40725
5.49528              7.2989            -9.87674
-2.31714            -8.68951            0.539182
3.81481             12.2169            -11.6358
-8.31864            -7.52191             7.38394
12.7122            -4.83495             8.43431
-0.701987             7.83239             4.35593
-5.40615            -7.57759             -8.5704
8.16787             5.17555            -9.93348
5.60522             6.95817             3.62715
12.5329             7.43068            -10.6912
-13.4751             -8.7541           -0.450925
8.00914           -0.449228            -5.56776
5.57049             10.9489            -12.6048
-2.49926             7.38382            -5.26736
-3.00241            0.458892            0.361501
-0.659158            -13.2269             13.8899
-7.00286             9.41072             10.5684
-6.92132             10.9846             -12.601
-9.81229             3.19487              1.0281
8.05859            -4.42428             3.02065
-7.02502            -7.52238             1.38305
13.6753             4.12907            -8.06294
14.5304            -6.09336             7.13991
5.52085              3.1003             3.40183
-3.20374            -4.54455             9.59942
-7.5281             7.55865            -11.3116
8.22126           -0.161411            -6.05918
-0.567565             7.04393             7.27769
-5.99297             4.06498            -3.94351
-8.79565            -8.12141             3.95016
-6.56929             3.10441            -3.35995
9.12153              -12.34              7.9662
6.42534            -11.8371            -2.14004
7.59416            0.491001            -1.52409
-11.9565             5.60502             13.3524
0.512409             3.30171             4.74891
1.50304             13.7112             3.03009
-12.4111             2.44775            -10.0483
9.08592             10.2895            -13.0011
9.03399            -11.4512             6.98119
-5.56548            -7.18707             2.24914
-4.59118             12.5848             7.74059
-1.24415            -3.62685           -0.634631
-0.0279742            -13.5209             1.04439
8.16185             -3.9119              10.585
3.86525             -11.628             5.75572
14.3911            -5.57179             4.48003
4.3837             8.32232            -8.46442
-0.622561             7.16405             4.74704
-10.7822            -12.5588            -15.3032
4.85105             2.56186             11.0249
-10.0106            -14.8615             7.40084
0.178254            -8.57566            -9.35362
6.78845            -5.93205             2.35774
8.32515            -7.77479             4.41093
5.03077             15.2219            -7.35492
7.3234            -1.66231             12.1856
-9.88241             2.11492            -5.47874
10.5425            -4.92553           -0.216308
-9.86103            -10.7844             -9.0336
-11.3432            -10.9299            -9.07704
12.047             12.1523            -6.62999
-7.20222            -1.46783             4.02704
5.70134            -5.73406            -3.52103
6.34793            -1.58159              -6.093
-9.62721            -11.4797             4.93922
6.23197             4.25822             7.71604
-0.173866            -5.15785            -3.93204
-3.46056           -0.273783              1.6102
-3.70839             14.4892            -13.6597
-4.57765             4.20339            -1.54322
10.0901            -3.09896             8.01875
-0.271817             9.35522            -7.37212
-7.87283             10.4615            -1.27744
6.89669            -4.76965            -2.97026
9.97398             7.03722            -7.62566
-7.54398            -1.39889             2.38401
-9.35789             3.58971             -7.0407
-1.56165             2.87212            -12.0615
2.23005            -5.65394            -10.2553
8.47724             2.59056           -0.366618
-10.3855             5.95826              -9.392
-8.96376              6.8604               3.367
12.9128             10.6895            -10.0268
-6.24703             9.35601             14.0268
-0.847349            -3.68462              1.1807
5.60945             5.85184            -11.4267
-0.541557            -3.52318             3.99212
1.90064             9.80487            -10.6761
10.9125             2.06295             11.5147
1.08457            -1.42351            0.360849
0.0124104           -0.971656            -8.17372
-7.20648            -7.75717             4.36293
-9.37609             8.79821             3.87178
-0.253091              10.729            0.983272
3.15671             0.81536             4.14138
-12.6992            -13.2404            -12.2066
-4.2981              6.0191             3.87844
1.1921            0.438033            -3.78875
-12.1731           -0.874852             9.64184
13.5278            -7.76101             9.23293
6.48317             2.20091             3.27148
9.16372            0.334142             3.18545
-0.316013           0.0438003            -2.04174
-8.07986             -9.0553             9.82943
-11.0634             12.9659            -2.98815
-0.784267             3.52069             13.5272
5.7507             9.26041            0.421001
10.2785             6.53867            -9.40174
12.1956             10.8943            -8.31589
10.8552             10.0119            -11.2822
-10.8919             7.44643             14.2006
-1.69723            -6.35286            -8.86078
5.23781             -3.0252             -1.0404
0.937267             11.1826            -4.66548
-9.07619            -1.99592             5.10352
-8.6365             10.7399              6.9762
8.18776            -2.37338             8.79814
-10.4672            -5.70746            -12.2392
-2.35629             4.53975             9.00243
-4.86023             1.31308             10.2695
3.87357            -7.06782            -1.68948
0.751134            -1.52462             11.1748
-8.28569             10.0519            -6.07704
-4.03052             6.13147              2.2712
-8.32673            -9.14031             1.30194
-12.2453            -0.49298             11.8314
3.55442            -3.26417             13.2766
9.20707             7.35663             1.27572
10.6147            -1.97797            -1.31131
-6.1971             7.05535            -8.41122
-5.61474            0.461443             5.28898
-8.31014             3.56617           0.0107978
-8.45936            -7.24653            -1.79352
-1.46333            -13.7424             5.20691
-1.27664            -1.16237            -2.85627
1.15098            -8.32533             -11.719
3.73667             6.05596             9.34468
3.96693            -4.81235              4.9463
4.40581             10.9722             -3.6884
12.0238            -3.18168             2.95828
-1.52875            -2.57741             7.63863
-6.73006             7.17925            -5.54605
2.83131            -10.2462            -4.91956
-10.4757             5.55472            -0.31551
7.07625             6.43458             2.52509
7.76152             10.7408             7.64744
12.5753            -5.07628             -8.5251
-1.7058            -8.12015             2.60003
-0.909163            -9.79409            -11.9417
-8.343            -5.30158            -2.49441
11.4954             13.5134            -11.8189
6.13295            -9.31589            -5.79726
-4.58579             10.2281            -6.70119
9.71836             1.38136             5.87458
5.13961            -1.19863            -2.82984
-9.12217            -4.35503            -9.39169
7.97389            -11.7046            -11.9409
-6.91276             -8.1176            -6.15475
8.86331             1.46378             11.2778
-0.573865             7.06585             5.60927
13.8813            -4.60985            -4.03361
-0.280784            -2.95668             -2.1038
2.77736             13.8784             7.17291
-1.39028             -8.0962            -5.20164
12.6793             9.28542             7.42515
3.00638            -4.88971            -1.77194
11.8154             9.65208              7.0145
-7.84883             3.79773            -2.81466
-7.57864             2.45794             12.1734
4.02827             7.29428           -0.539522
9.73497            -12.6367            -2.35354
13.6179            -7.68813             8.29344
-2.66223            -4.64946            0.889997
-4.78944           -0.361152             12.4489
-4.21995            -14.8022            -11.1592
7.57012             11.0578            -3.88288
8.03686             9.76161             11.2307
-6.18941             7.20238             1.42804
-3.84776            -6.08308              10.031
1.35314             5.19472            -4.05566
-0.358197             5.01902           0.0737683
7.98582             2.24037             12.6026
9.44445             9.79072            -8.24748
-1.77894               5.116            -9.00772
7.58176              5.1136            -7.06431
4.94497             10.7661            -8.16008
9.04431             9.90572             11.5004
9.55953           -0.986429             5.36212
9.62352            -8.24523            -15.1172
8.43053              7.6942            -14.0601
9.64238              8.7517             2.61106
-4.69909            -6.34631             13.9195
-3.43896             12.6468            -14.0002
-2.18946             -4.8984            -6.37382
-1.96726             6.65964             1.38206
-1.92411             7.46885            -1.92693
14.7854             9.45749            -11.1543
9.27645            -10.8586            -2.68429
-1.74123            -2.88874            -12.8999
-10.893            -0.36076            -8.39229
8.29598             3.93589             8.57992
13.0648            -4.51658             -3.6605
-9.99087            -7.10419             3.77055
-2.43498             5.05792             12.4017
-7.27043             3.45144              8.9331
-4.10568            -9.26205            -3.68603
-9.30423              9.2422            -13.2388
-10.3282             3.23189            -10.9475
-3.37916             13.2691             7.87622
-10.3679            -8.30638            -5.97793
1.46023             3.93837             5.79916
-4.15896             7.99634            -9.91772
-9.87395           0.0988426            -7.17301
3.58343             8.25468             8.70084
11.7592            -10.5445             -2.5005
10.5068             10.7673            -8.80482
-12.4943          -0.0509036            -4.18102
4.48997            -7.88264            -4.24805
-3.21712             2.72709              3.2318
-3.61399            -1.22109             5.85962
-12.9142               11.63             6.26051
-12.4222             10.1868            -11.3341
-12.4563            -4.23166             11.2953
11.1974             8.63881             12.7625
9.44529              10.717             12.8155
-3.91275             11.9885            -7.72412
-9.94722            0.872051             11.8158
10.5359             1.66301            -6.02234
10.7671             8.88274            -10.4647
7.27887            -1.43193            -11.1432
6.29899            -8.87443             4.83743
11.2448              -4.354            -8.99443
-3.67596            -1.70342            -2.15306
2.0463            -9.42952            0.940272
3.59193            -5.56583            -9.29244
-8.51133            -6.78888             1.61391
2.51973               2.285             1.62789
4.5595             1.04504             3.10584
-3.31012             1.17034             1.92037
-10.4847             13.1571            -4.32096
-12.4792             13.3769             6.35416
14.4799              7.4592            -14.4008
10.8957             1.24457               13.17
8.23378             3.01448             10.9079
8.70852             7.10463            -2.19737
6.57037            -5.26839             -9.9208
0.85796             12.9389             5.53905
6.06675              11.561            -3.04647
-1.45473           -0.448206             11.1014
-3.34593            -4.86045             2.55451
-1.95771             6.93466             2.32176
-7.09175            -11.0936            -9.47256
6.00117             -3.3744            -6.88748
7.15348            -9.27458            -9.93281
-1.22385             1.59983             8.40247
-2.96042             1.23074            -5.58337
-8.2523             10.9369            -3.25806
9.71746             8.89496            -11.1035
-13.2663             3.76257            -4.04247
11.0333            -3.55861            -6.57744
-0.757236            -10.0065            -3.73257
-2.04574             8.07929            -6.00627
-0.961645            -5.11006            -2.03166
-10.967            -6.95516            -8.64732
-3.15309             8.53318             10.6654
8.5321             2.27473            -12.4157
-2.20263             13.7295             8.81775
10.6849             9.56005            -3.71487
-10.1457             1.10507            -10.1507
-10.6244             7.76587             9.15727
12.0848             -3.1451             7.12584
8.49045             9.87023             4.02361
-10.7814             9.47413             9.84715
0.533099             3.70447             13.4419
-8.92468            -3.29392            -3.14903
7.60749             10.3351             9.38849
8.13176             14.1626             4.73784
3.98754             -11.565             6.22719
11.0137             -1.7168            0.954636
5.2191            -5.11533             2.37422
-8.98374             4.87552            -6.62829
-1.59293            -10.5207             6.01724
-8.45874             3.42292            -7.17811
-7.33436            -11.5777             3.69262
-4.88901             8.31435            0.175711
-1.75508             5.36616            -4.95666
8.12939            -9.14054             2.20047
-7.49016             13.9015              6.9127
-4.09669             1.18548            -8.07491
0.593735            -9.76367            -12.7392
-6.89656              5.0658             4.46871
-0.95228             3.95988             5.16604
10.6425             6.47503             14.7466
9.7639            -5.09234            -12.4004
-12.1408             7.56849            -12.7519
-0.896807            -5.33627            -1.75748
12.7169             4.39216             1.88045
-8.63453             -4.6967             3.57626
-6.35368             9.35868             -10.461
3.79924            -10.8656             7.21215
-4.11941            -5.22887            -2.06309
-8.31737             4.86135             5.48898
-8.5242             3.92412             4.44951
-6.79124             2.38077           -0.295459
-1.98634             11.9405            -5.28761
1.67461            0.174435             8.57417
6.58017             5.06434            -5.74528
6.82552            -7.64012            -8.34571
-3.96889            -7.87041             5.54582
-13.0683            -4.28408            -8.33193
-6.2695            -3.47975             8.64378
-4.92949            -4.27469             7.45243
-5.01021             9.89744             10.2926
-1.88125            -7.75688             2.37553
-11.9518            -6.07239             3.87338
-4.44332             8.53512            -11.3078
3.81144            -5.98091             1.67937
10.0182            -3.92462             3.30275
5.09159            -5.74845             2.66298
-7.67628            -13.5284            -7.39326
9.20303             3.19641            -5.13648
2.51038             4.63414            -5.01339
-2.97473             5.19352            -4.94907
-0.535985            -10.4782               3.026
-10.8383            -5.15038            -8.08089
-6.0338            -3.82394           0.0142075
-5.92842            -9.76468            -9.46617
-2.76905             11.1357            -10.1434
-2.28114             7.42728             7.54194
-5.66406            -9.95928            -12.2597
3.59639            -12.0125            -5.24961
-9.72429             8.64903              8.1649
-1.68492              2.8924             3.09726
6.62351             2.39625            -3.18575
-5.59033            -11.3976             1.07173
-10.1056             10.2625              5.1658
-9.62258            -8.28033            0.491167
11.6305            -7.23957             3.97395
-10.2569             1.69556            -1.09909
10.5049             5.57231            -6.90046
5.92535             12.5937             11.7637
-12.1191             2.04771            -7.36531
-5.2252            -10.6865             2.98605
1.37241            -10.8577             12.1861
5.98338             2.61877            -7.93957
10.2184             11.6109            -3.64991
-9.28971            -7.08421             9.07981
2.14068           -0.659545             5.03256
-10.3201              11.409             1.76323
-8.42678            -3.01367             1.01998
-1.64078             12.0184             4.33789
-5.7124             10.4357            -13.1022
12.5095            -8.25364            -11.2094
5.86756            -9.20364              3.7685
-0.365346            -8.86114            -2.98394
12.1692             5.64199             1.75067
3.9997            -6.33253            0.464341
1.03253             2.74424             5.96307
-0.650025            -9.78057             8.21908
11.3362            -14.3838            -3.95122
-0.827837             6.00674             11.9648
-8.08458             9.58585             7.84369
13.0175            -12.7707           -0.455416
-11.8625            -5.05948             1.55181
13.0238             12.2508            -10.0459
0.389612             3.46881            -10.3612
2.30209           -0.881669             3.84571
2.61807            -3.78392            -11.7064
5.13311             8.12082            -9.88506
-3.993             3.75852             5.67843
6.74272            -8.39056             6.41015
6.40248            -9.38713            -4.28086
-3.03356              2.8187            -6.57236
9.18913            -10.2273             7.76442
-10.3018           -0.675573            -6.31686
-9.57937             6.86189            -9.22052
-2.65006             1.84612            -6.55111
3.4571             1.75652            -10.9073
-10.9391            -4.70229            -7.74191
13.9141              7.6984            -2.98918
-7.9929             8.97055              5.0798
13.3776             2.82004             -12.181
-4.22108            -10.4087             3.43555
-7.6374           -0.736163              -2.112
-8.25436             11.0022          -0.0380268
9.16661             3.68946            -12.0976
13.3178            -5.17932            -8.73642
-11.9346              14.117             13.5819
-4.39854             11.9294            -3.57336
-9.68824            -8.91524            -14.4847
8.8529             9.72838             4.16053
6.21191             1.01605            -2.61454
9.67785             -10.722             5.97555
-14.7225            -9.58933            -4.08826
0.763373            -11.8042            -12.0846
-5.18411             -8.4565             1.49792
-9.77897             5.74031            -2.18301
-10.3257             11.6578            -13.3701
-8.33275            -7.73777             4.16059
-7.6429            -8.00306            -11.5192
-3.01073             1.03779             2.80885
-2.39363             4.13979            -1.16894
5.26675            -8.20444            -7.65103
-15.801             1.29209             1.71293
10.7422             5.00363             4.94558
5.45622            -8.25268             5.37635
-1.75666             1.16381            -2.67678
-0.815371            -1.91483             9.09487
-8.63728            -1.60319             7.29965
-9.95883             8.66092             7.71227
11.6276              0.7595            -7.58891
4.08234            0.770221            -3.52037
-10.4975             7.97299              9.4554
8.58896             8.78915             15.2011
0.697277             5.29322            -5.30124
2.16659             12.5166             9.60365
-11.5196            -10.8563            -3.93048
-1.90717            -14.4573            -12.6982
-10.4573             1.62352            -9.40127
9.06329             12.0335             5.20484
-5.30356             5.14365            -2.40619
-4.48412             8.86845             5.18532
2.42382            -3.04855            -3.52141
8.00501            -11.8408             14.1327
11.7936            -9.89069            -3.07952
-12.031             7.26511             12.3374
-8.07603            -9.23415            -13.1822
4.86695             1.89607             10.7997
-3.93834             8.70612             10.4939
6.7891            -4.21065            -4.42877
-4.2754             12.2256            0.310108
6.7189            0.037555            -9.87165
-9.01863            -5.39807            -3.74031
10.4409             3.84676            -9.31949
-9.75836            -3.98971             10.5122
4.50226            -5.23101             9.85639
-11.6614             1.13663             6.01181
-1.34967             13.0696            -6.43143
-3.08788             9.77564            -4.77385
8.85553            -2.12064            -10.6893
10.3679              3.4468             7.90534
4.87071             8.43533            -5.68889
5.11315            -10.5927             4.34759
10.1947            -4.37021            -12.8954
12.7081             6.95584             9.69601
-2.43929             2.82645             13.5402
-12.3395              -3.633             10.3449
-9.31341            -7.65979            -16.5348
-9.74022             1.36851            -12.7948
-2.86077             12.5138             12.0842
-0.782206            -1.49096            0.647806
-12.4527             -4.0239            -7.98935
-8.45782            -9.90787             7.52572
11.285             8.74644            -11.5911
-9.83851            -9.04253             7.07578
11.6934           -0.525743           -0.632349
10.2721              7.2109             4.55836
10.6664              10.598             3.94468
8.92175             5.48118            -6.75557
-9.84885            -5.74523            -4.62506
-8.90341             -5.4547            -10.8984
8.2017             -9.7139                13.3
-14.1819            -7.53598             8.56849
13.8667            -11.5967            0.668935
-10.0544            -7.29637            -12.4179
-4.09171             8.96375             -1.7249
12.7962             2.22799            -2.35448
1.21075             12.2012             11.4651
-5.67788             10.4814             4.92467
10.4226            -15.0762            -12.1256
-4.30767              9.5803            -6.68017
2.52749             9.30985             12.0619
1.17598            -5.55824             5.83014
5.25908            -5.43847            -0.88259
10.2598             3.26639            -13.9339
-2.52588            -4.61736             10.1595
-0.913932             -5.8274             11.6771
14.921             -6.3423            -13.0032
-13.1449             -5.5057            -11.7702
-5.00585            -12.6336            -8.95388
-12.243             5.27936             -5.9564
-1.00537            -10.5916               1.621
8.1982             14.1508             10.5707
-13.1678            -10.1589            -1.28147
2.38248              10.674            -7.25139
0.336414              2.4833             10.1428
-6.65274            -12.1983             11.5079
0.379885            0.147648              4.5333
10.8833            -2.79392              11.753
9.55266             3.41552             7.87661
1.74808            -2.35646            -5.34961
8.62242            0.302583            -2.68856
-10.3064            -8.91419            -6.07788
1.05211            -1.07735            -11.7614
-9.10023            -5.38127             7.77533
-11.804            -7.40829            -13.1066
-0.361411             7.32933            -12.0738
-6.05226             6.00254             7.98334
13.4521             5.29592             5.86273
5.64777            -6.31829            -12.8175
-6.61992            -3.25347           -0.880925
-14.455             1.44626             10.0566
6.20277            -11.1836             6.19843
11.5114            -10.2458             8.35827
-1.8615             4.50901             2.80257
5.28754            0.548997            -1.74453
8.95315             8.87124            -9.91286
6.62944             13.5238           -0.237249
-10.5627             7.72101            0.160053
-4.89502             2.48424            -4.96818
6.68503            0.512709              4.3977
-10.2141            -11.7856             9.24058
4.98386             -5.8634             9.68434
-9.83912             6.63296             9.84187
13.7714            -2.55675             1.78253
-3.08476             -8.1803             11.6601
13.6544             2.78893             6.93824
-2.80714              11.087             9.29579
3.29928            -6.16226            -5.26614
-0.508372             10.6871            -7.52314
9.82737             3.69066            -4.13717
-14.4112            -10.2158            -4.20147
8.16665            -1.12879             5.08068
-7.16416            -4.35531            -5.82893
12.2436            -2.34851            -2.88898
9.89209            -8.89329              5.0226
8.09337             6.48144            -1.87262
13.3873             14.9761              12.515
-0.783629            -13.0654             4.40166
0.874214            -8.93698            -1.49949
-11.2011            -1.85748             9.54468
6.19895            -2.29645             11.7311
6.13924           -0.861098             11.3904
-8.88421             3.36018            -8.22823
0.783305             4.22634            -6.70907
-2.36486             2.33261             9.05763
9.69781            -6.02289            -8.27481
4.81134             7.44246            -5.78818
-4.92285              3.5153            -9.18323
-7.91068             3.40781             5.65841
5.86905             2.76335             -2.7039
-10.8982           -0.714012             2.16705
-1.95133             6.89269              3.8856
-9.13228             6.34499             11.0475
-11.7691             -16.042             11.5583
-5.78249            0.143439           -0.497014
-1.08974             13.1908             2.28814
6.16301            -5.28405             6.24324
-2.04905            -5.64794            -7.33685
0.152353             4.70296             7.46426
-13.1941            -11.4491             2.80159
12.1219            -11.5164            -4.46248
12.2454             3.45379             10.3281
3.64985             14.0056             3.85071
11.1159             10.7247            -8.47996
10.0201            -5.34728              11.272
-10.1561             5.10876              4.9301
1.99456            -8.26929            -2.09773
-6.38769            -13.6539             9.50292
-8.37266             -11.824            -9.49747
6.74018            0.407731            -4.68515
3.29261            -5.05526             9.94402
-2.6293             6.44439             4.16673
-4.83583             13.4507            -8.13858
6.63346              6.1506            -8.35229
8.10685            0.416917               11.59
0.793913             4.53305             3.68756
0.427632              4.7942             6.24499
8.61185            -5.03767              11.045
-0.212182             3.85466             9.24593
9.2779             0.36078           -0.639886
-0.193512             4.97132             -11.824
-9.37643             6.59669             1.90621
2.58686              6.1054              1.2261
5.46585             5.47543            -4.79241
-2.56043             1.70912            -8.82783
-3.24057            -5.10283             1.25304
5.87551            -11.5358            -8.14241
-6.97696            -11.9642             8.43929
9.56243            -7.53932            -2.29035
12.5266           -0.786161            -10.3396
6.04068            -6.22236             2.90732
11.6166            0.745271             5.11572
-12.6193            -3.15253             9.01832
-6.31131              -11.71            -4.25914
12.5763             10.2698            -9.78895
-7.81931            -13.2648              10.876
-7.17943             7.32329            -12.0585
9.28831             2.35909            -11.1066
-7.50434             11.6891             8.26267
-2.84939            -1.86224            -8.84513
-13.3772            -8.22573            -1.62719
-3.75329             10.0703             -10.916
-3.44358             3.92686             4.95458
11.5446             1.62506           -0.479067
12.6924            -1.34513             8.43214
-11.148            -5.45296             7.79396
4.33964            -10.6673            -15.0759
1.71868            -1.49583            -11.6686
-4.21078              1.5932             6.58452
8.08398            -9.43127             11.0488
-10.5644            -1.93762           -0.568704
-6.54349            -5.82343             2.71259
13.2357            -2.98491            -12.3315
-3.96485             2.84887             12.3741
-10.6016            -2.68538             14.5465
-7.38447             8.70397            -10.8347
9.72727           -0.782913            -8.12383
9.05245             -8.6639             3.95567
-2.23674              6.9017             1.64236
-9.60272            -1.37054            -5.88801
1.56039              12.553              9.3539
-7.68073            -13.5005            -7.18044
3.20373             9.05587             13.8975
-8.74281             13.7968            -6.38493
7.87773               1.939             6.47785
-13.3223             2.48746             -7.5916
-9.30184             12.3474             6.34183
-5.43341            -10.7089            -8.74627
-10.4195             -5.3519            -9.68835
-5.84749            -6.38591             7.53327
6.61285            -5.55852            -6.36124
3.97066             1.30106             3.56379
5.68603             5.66233             4.41217
-14.0811            -9.64298             14.3203
14.5021            -2.18287            -3.41632
-7.2706             2.86742            -11.3938
3.29306            -12.3778             11.7928
-9.38968            -3.94034             8.84905
-12.6369            -7.70208             1.02068
9.22742             5.06226              1.0658
6.23961            -3.78748             3.30101
-0.0704885             1.00175              2.5515
-8.40969            -9.47562            -12.1625
3.81068              11.109             1.97373
-5.66061             4.32128            -9.84933
-7.34889             10.3709             -6.8123
9.09348             8.29474             -4.1259
2.101            -3.27772            -11.9161
3.10665             2.25942            -2.46609
-8.577             7.82865             7.01461
7.57497             10.6268             8.17539
-7.50384            -7.83524            -11.8651
-6.28968             6.34287            -7.81483
9.40296           -0.118089             2.79029
-8.01343            -6.88327                7.81
-5.6179             2.46552             2.06531
-4.14213            0.773053            -11.6645
3.85713             3.38427             8.62647
1.3641            -5.69768             8.05924
-0.672609            -11.1462           -0.943098
-6.12802            -15.5273             6.52909
-10.6407             1.71909              1.6861
2.82184             9.21946             9.55337
5.57596             10.3936            -15.0052
-14.0405            -13.0823            -8.83895
11.4421              8.6478             5.70957
-7.6855            -3.43167             -4.0109
-3.80667             -2.6626             4.09975
-7.36583              3.2441              3.5655
9.06537             5.93355             11.1365
3.99842             4.44403            -1.14275
-6.90732             1.20468             -10.869
8.93139            -1.29939             8.41635
10.0444            -10.6689            -2.61897
-13.7313             4.90589            -12.7488
-7.36763              5.7522             7.34864
1.58273           -0.143147            -2.76174
-12.1491            -1.29418             9.72992
-2.25119            -2.71536            -8.72967
-6.73309             7.59802             2.98023
-5.25754              6.4189             -9.3491
12.317               12.46             3.80594
2.58284            0.787488           -0.170857
-10.6735            -8.84969            -12.9906
4.93773             -6.4197            -5.48673
11.359             3.62476            -7.39037
0.278884             2.21665             3.88402
7.98089            -1.04234            -5.64429
8.42901             8.57452            -11.0774
9.44384            0.762327            -12.5876
-11.9705             15.0531             11.5358
11.8607            -7.60796             5.13843
-7.76673             12.1985             13.2673
-8.04212             10.4597             3.05371
9.14473            -11.4023            -8.00071
11.0807             4.61087            -4.59729
-10.1734             7.24841            -13.3309
2.57826            -3.62268            -13.3283
-8.40742              1.8524             7.46063
-5.98765             9.00605           -0.157059
-9.31824             4.09618            -1.18054
4.11233             11.5174            -7.83363
4.3644            -9.67908             2.07145
8.37852            -4.14558             3.77639
5.31184            -9.62816             11.8602
-8.78744             11.9069            -5.49699
-12.7649             8.09547             4.17011
0.719432            0.917176            -1.71674
1.0996             -3.7183            -7.30726
11.6398             1.99626            -2.02077
9.50433            -12.8268            -5.26432
-8.76279             6.65013             1.13616
13.8251             2.04541            -8.17923
3.54882              3.8689             8.62998
-5.22162            -12.5739              1.3435
-8.46613            0.046455            0.354382
-4.3996             7.50057            -2.80493
-7.96539            -2.87885             -2.3928
-0.553088             7.63846             5.22731
8.41244           -0.379125            -7.42285
-1.07492             8.11208             9.77258
-7.03549             3.27602           -0.235669
-12.8143             6.85467               7.484
-10.2576            -1.08083             6.93669
6.99386            -4.28726            -7.10063
-11.2612           -0.946548           -0.834885
-0.747094              11.934            -11.1038
0.553963            -1.08206            -8.72037
2.37426             11.9985             11.8938
9.27819            -3.43126             3.44849
5.37969             7.69347             3.41607
9.13656             11.5806             8.68301
8.86454             10.4032             5.45904
-8.1291            -11.4646             10.9853
-5.43508            -3.07728            -5.42266
-2.90833             6.97588            -3.18741
-1.86257             8.14063             3.50637
3.30999             4.93636             11.5836
-6.61843            -8.07974             8.45135
5.35246            -4.45968             2.27444
7.32688             11.5325            -1.33896
-10.6074             4.97756            0.142327
1.98658             8.46723            -8.67678
-7.27371             6.40163             8.26791
15.1905             9.98866            -7.84676
5.26407            -12.5461             8.97718
6.70343            -12.5655             10.1961
-5.89196           -0.641647             11.1495
0.561161            -7.47049             -6.4993
-0.932402             4.40905            -15.4105
8.22649              4.0612             13.6058
-5.31265             -12.588            -3.79766
-0.885638            -1.49404            -6.32013
11.1496             2.25743           -0.680759
-4.92096            -6.98267              5.6393
9.65361            -2.67969            -11.8224
6.14588              4.1198             2.64678
-11.179             6.32632             11.4958
8.51847            0.409705            -6.64931
5.18724            -1.50236             4.70776
-5.37943            -6.19356            -7.23028
13.6442             6.48155             5.80522
-3.89227            -1.78644            0.734084
9.83896            -7.60016            -8.11684
-8.6769            -5.02208            -1.59055
3.60189            -5.64109            0.378734
7.34929            -8.52081             9.93919
-0.258445             11.5572             8.54547
7.7788             5.57919            -5.09229
7.1175            -12.3428            -11.9875
3.0067            -6.53496            -8.45886
1.34706            -9.66403             1.03354
13.174             11.8654            -10.4328
1.26418             0.55737            -3.10675
-4.50499             4.99507            -0.35531
-4.23316            -8.40872            -0.58584
4.36238             11.3962             2.45079
-6.26696            -4.50242             3.96613
-3.04513            -6.65865               9.532
4.1135             0.59901             7.72768
-5.41025             4.25193            -12.4792
2.88026             -7.7485             2.95303
12.5959            0.109195             -10.641
-7.71632             6.79077              5.2563
12.8682               -9.08             12.4262
-5.2813            -2.88527            -11.8565
-7.66294            -11.5927             8.83275
-9.26911             8.37503            -14.1152
-3.80648             8.00433            0.989263
-6.66995             4.26908              9.5239
14.9322            -2.89865             6.59483
-1.27022             10.3042            -9.59268
11.3354             13.3822              2.4373
-15.227            -4.04632            -3.16328
11.1854             6.71664            -1.82478
13.1415             8.03408             5.36141
-0.652379            -5.84625             10.4591
-9.8468             -11.612             5.35601
9.52486             7.95023            -3.45164
7.28829            -9.04431              5.7747
3.72819             3.22997            -7.42787
1.59623            -1.18144             8.49783
5.74918            -7.13151             11.9066
4.10942            -12.4896            -11.0111
-2.66072             9.42482            -11.2771
-8.5865            -2.84267            -4.14423
11.8407            -5.33784            -12.4977
-1.16149            -10.9674            -7.43292
8.21287             11.7163            0.888342
-12.5305             9.96861            -2.15904
12.0134             3.14973            -9.86575
-9.25358            -5.01892             -1.8109
9.99616               11.04           0.0781428
-10.925             8.65324            -1.42345
6.365             8.28345            -13.7882
-5.37163            -13.2564            -11.4139
3.29288            -12.6903             10.3969
-3.07015           -0.116253            -3.77342
7.35392            -9.39674             7.67324
-3.72725            -7.45842            0.819459
-0.601077            -2.52972            0.920032
-6.37793             -7.4563             2.70704
11.0269             3.56896            -11.0473
8.5815            -11.7605            -9.07202
-2.74417             7.89441             10.5627
3.49021             -5.7766             4.94097
5.8382            -4.26411            0.100411
5.51504            -9.17929             5.04851
8.19911             -12.599            -9.02414
-5.59797              6.9545             6.58284
10.2591            -12.3754            -1.08046
-2.34965             2.31987              9.8636
7.52861             11.7993            -12.8223
0.75572             4.29825            -6.33643
8.04004            -1.29985             11.8614
-7.90028            -11.8946            -8.04809
12.0423             8.34655            -3.55762
5.15161             5.33938            -15.4834
-1.35485             -12.455            -7.04546
-6.93164             7.02892           -0.167206
8.73053             5.00657             3.30952
-13.0387             11.4606             12.9701
-12.2768             10.5026             11.7067
2.45481            -10.8567              3.3231
-4.09396            -14.1274             9.96154
-1.63788             14.3809           -0.960236
-7.25125            -3.23738            -5.80469
9.57949            -3.90808             3.07136
-13.4902            -5.35256            -6.56303
-9.55669            -12.0507             7.47211
-7.39172             2.36576            -2.58812
10.9357             4.60396             1.90568
9.62279            -4.55285             6.52703
10.8828            -11.2734             4.42945
-3.23235             2.28459            -5.29211
4.43577             4.71377            -10.4557
2.35869             3.31632             16.6313
6.46117             2.09237            -3.25146
-2.0088            -15.4879             -9.9146
-4.52532             6.77968            -12.8173
11.1559             9.47759             2.50693
-6.30567            -3.78609            -4.62966
13.1026            -12.6235            -1.64333
-7.39394            0.826949            -12.0509
6.19383             8.01998             9.91983
2.3799             1.71947             6.19866
14.5764             9.68282             6.40365
-8.52504             2.72266             9.06588
11.6303             6.17863             9.85911
5.07673             6.19982            -14.6119
3.41203             8.66084            -4.55642
0.455117             9.61946             1.13731
-1.12307             -10.566            -3.47725
-12.5058              14.819             12.6295
-4.90169             3.31886              11.142
11.7282            -9.19115             -10.343
7.39305             4.45929            -8.40022
-7.78846             1.56346            -6.77885
-8.01037             8.00175            -11.4676
9.95167            -1.61915            -5.62272
-3.98583             -1.4997             10.1661
-1.07078             2.86481            -11.9098
-7.76257            -10.0284            -2.78483
12.0238            -3.90748             12.7781
8.16528            -7.95621            0.793878
10.975            -13.5032             11.4614
6.89368           -0.645722           -0.892467
2.43583             -2.1359             9.43851
9.96635             9.72842            -6.26027
-0.47386            -3.29452             7.91949
10.9179            -11.6276           -0.816072
-3.0787             15.4227            -3.01084
9.60344             4.07414             -7.9201
1.84656             1.27557             2.24509
-3.10382             4.69232            -10.2562
0.587005             1.25186             4.81688
-10.0694            -4.82347             7.12513
-8.01622             5.73131            -14.2619
-2.74479            0.624297            0.200136
-6.91791            -15.4322             9.69821
-7.7416             4.52341              5.3342
-1.46652            -6.89223             9.52293
3.21159            0.539498             -13.436
5.71452            -11.6005            -2.92708
8.16978            -14.5877              5.2221
13.1256             4.47848             10.7498
3.32822             2.62251             2.36614
1.56739          -0.0038398             -11.591
2.96823            -11.4798             8.82002
10.621            -3.23039            -9.13357
8.19077             5.70836              5.9019
-8.84554             2.67019             12.8235
11.256             5.76638            -6.36723
8.73427            -5.77203               -12.2
-2.34033            0.398672            -6.24252
4.71005             11.8304             12.0673
-12.33            -5.77285             4.68305
5.34586            -1.59729            -2.13648
3.19046             3.03596             1.38164
0.9995            -1.68151             7.62329
0.419407            -7.08234           -0.595408
13.7481             9.06127          -0.0702534
-5.65971             7.50026             11.1447
-10.7753            -5.62832            -7.99934
3.14581            -12.4692            -7.73415
6.19819             8.02047            -10.8881
11.6117             6.73675             2.47134
1.85485             5.16514            0.625443
13.569             3.65586             7.36279
2.24978            -11.2049             6.60893
-6.20933             10.1837            -9.76944
-2.90607             9.87518            -11.5564
4.90969             2.76725             11.9404
-0.920374              -12.15             6.90191
2.19464            0.825464            -11.7045
-12.0784            0.950051             -6.6981
-7.48613            0.229141             5.33519
7.02556             8.50438              2.3714
6.97791             10.4495            -12.5154
3.91764            -4.45007             5.98316
8.74798            -10.2308             8.02465
-5.73481             2.69788            -10.5254
-1.87111             1.59221           -0.526324
2.27823             8.59528            -2.01925
7.63947              3.5607             13.9804
-9.44094            -7.85645             -2.7714
-8.54424             7.02359            -1.85335
-2.90327             6.79063             -9.3217
3.73276             5.54868            -7.34253
-10.99             8.44083            -5.91353
-14.4451            -2.09103             11.1503
-11.6404            -7.61321              -10.46
2.70158             7.70338            -3.36415
2.0689            -5.46176            -8.54042
-6.59746            -2.37628             6.75466
10.209            -2.41563             8.35196
-8.48671            -4.18326            -1.06929
-11.0562             10.6911             12.2576
9.65077            -6.03117            -4.90572
12.1018            -9.09123            -0.60217
9.37527             2.88423             5.38441
-7.01669            -4.37011            -3.56847
8.05544            -10.3341              6.6001
-13.5222             6.53266            -10.6819
-10.1011            -4.69105            -5.68167
-7.26955             2.37206             6.28652
6.16619             7.77898            -1.52535
-4.75638            -11.0993             10.2252
-0.569415             3.57049             6.53263
-2.09331            -11.3022            -6.01223
13.5516            0.867655               11.48
0.169192             -8.9865            -9.77266
-1.98613           -0.790107             8.49108
-12.2507              8.1373             -10.552
-4.23885            -8.30028             6.68141
3.84186            -6.74397             13.7125
-5.78101              10.007            -12.7459
5.39578            -6.68882               4.487
-10.2091          -0.0244801            -10.1904
-5.06908            -9.12734             13.7177
2.97504            -11.2904            -5.54179
-7.9476            -4.44381           0.0168812
-12.6952             4.60463            -6.33897
14.1304             2.94489             13.3887
-0.48449             7.57727            -2.59646
0.930443            -8.44701              4.4915
-14.5609             8.28412            -12.9521
0.273528              5.2857             9.43597
1.40377            -12.1888            -6.12703
2.97399           -0.798717             11.5004
4.0873             7.56069            -10.7083
12.7114             4.44886            -1.59935
-1.1338             7.88327            -11.2372
2.91793             4.84627             9.65804
0.779068             15.3698            -9.33008
-7.12634            -2.44047             4.94259
7.86448           0.0633123            -10.9079
-9.92387             2.63687             3.57386
8.65571            -5.79312            -10.9009
10.8717             7.40405            -11.6718
-11.3786             -3.9596             5.48271
-3.41697            -9.68337            -11.0516
-4.7306            -10.9837             5.63365
-13.7209            -5.88001             6.92946
16.6104            -5.85983             6.77821
-4.64361             -10.581            -5.80391
-9.56354            -5.96893             9.25118
0.129212            -8.18873            -13.9082
0.761678             2.92355             4.57845
-2.92596             1.57234             4.50982
-5.21304              -9.141             6.92568
7.8069             13.3918            -13.0946
-6.91181             3.35134             9.19293
-6.46894            -12.6142             2.09778
-4.83918            -2.11154            0.459396
3.59132             8.23831            -1.07419
4.38214            -3.31739             9.93787
6.05629             12.1651            -9.94659
6.65704             5.47912            -1.10852
8.30405            -8.18276            -3.05811
-4.14443            -10.9741            -6.15821
11.225              7.5499            -5.46233
-11.4348             5.28249             4.58408
-5.68588            -9.57318            -5.27286
0.113872            -14.2874             12.0211
3.24451           -0.559399             7.94023
12.0743             2.19539             1.06462
-9.58484           -0.922389            -6.58992
10.8763             9.41457              2.1545
11.9362            -6.78586             -11.018
-6.12216             8.67847            -2.60238
0.478243             3.43791             4.49768
-9.08473              5.0877             2.03664
0.11873            -2.46659             4.10466
-0.303415             7.91029             6.96379
-2.83133             11.1721             9.37349
8.22796            -7.37327             8.45956
9.86118           -0.820996              8.8641
-10.2554             14.5272             9.05471
-3.51198             2.10604             1.27541
9.18093            -7.64896             1.92715
10.1345            -4.18444              9.3361
-6.59933              9.7053             2.96161
4.42085             5.28791            -1.52348
-4.96496            0.225741            -6.75016
-3.89654            -5.60945             7.19322
5.66296              9.3525           -0.216575
11.5486             11.0143             12.4007
-11.8611            -4.99606             11.1258
3.82434            -2.36139            -5.57279
8.27824            -11.1351            -1.85295
11.3732            -12.3425            -7.17622
-13.2329             4.26247            -12.4208
10.1277             10.5078            -5.57703
-3.11878            -3.51042            -6.56954
9.26069             7.65268             4.81415
4.4527             11.8869             13.4337
5.71139             4.84208             11.5811
10.0561          -0.0725863             -16.035
-11.8401             7.22758            -13.5246
-5.10666            -6.24751             6.12032
3.717            -9.90257              8.2743
11.6018            -1.90986            -5.34809
-9.61715             3.47552             12.4407
11.0219             5.19341            -5.54118
12.7875            -5.92733             4.09386
-2.03178            -11.1095            -6.40046
8.60731              11.768           -0.758518
-5.28314            -11.1122            -6.90563
9.33095             2.28446             11.0833
-5.68631             10.6793             11.5552
-9.52559             10.1534             4.77654
-9.67695             5.46601            -11.0542
4.96625            -2.06794            -13.7402
-10.7738             -8.3609            -8.30485
-0.466683            -5.68044             2.90847
-0.636456            -2.21475             3.52947
-10.2106            -5.20516           0.0013026
2.71648            -3.72638             9.24999
13.2694            -6.05602            -3.89158
-8.1879            -13.4929             7.49452
6.95579             10.8728            -7.68902
-6.43864            -5.25196            -9.13632
-2.38465            -6.11764            -6.02918
-4.6185             5.20435            -1.61345
-8.29935             11.8225           -0.533792
0.48304             6.93317            -3.80907
3.31407             -5.0486            -3.10206
5.76345             -12.272             7.25605
5.23829             4.18521            -3.83483
5.73841             10.7028             4.50808
11.5979            -1.63289            -4.97984
7.13209             4.95483            -2.40899
3.11112             11.7776            -8.00624
13.1532           -0.659411             6.33639
-0.63             11.1896           -0.522454
-0.919851            -12.7724            -8.48078
-0.229075             7.29861           -0.475989
11.2127            -7.95273            -11.0317
-9.56311            -4.71986             9.37587
2.69569            -3.41685             12.1342
-5.12211            -10.5077             10.9231
0.272696             9.35959             5.93426
-0.556941             8.60385             4.06291
6.37609             5.58593            -5.82384
-12.2881             5.53749            0.656992
6.00961             -12.549             6.94001
13.2463             8.00782            -10.4726
3.17797            -8.99655            -6.66843
13.8358             -6.1052            -10.4277
5.37589             11.1616             13.9268
-11.2103             1.68974            -8.72304
0.85962            -13.1773             4.06481
-1.50239            -5.73311           -0.173867
-0.0770832            -5.14908             1.40297
-9.70679             7.67204            -5.78227
2.46692            -15.1904             10.8281
10.2267            -9.91036             2.83801
0.538589             4.45356             4.69317
6.19412            -9.46611            -6.38526
-0.0737559             15.7001             5.01816
-10.4241           -0.884105              4.9406
-12.6434            -8.27997            -13.9391
7.51788            -4.53142             13.2646
10.0226             4.69552            -2.20016
-14.0058            -9.35205             3.78066
0.357323             11.0028            -9.61291
11.3239            -8.25274            -12.8251
-1.70669            -10.3891            -5.74362
6.69993            -7.25655            -9.80404
-7.91821             -9.5148            -1.74587
4.10965             9.80274             2.65168
-13.2979             1.60857             5.28389
10.9406             6.08371            -10.7376
8.3857            -7.44121             7.58598
-9.97696             5.38285             2.41141
-2.25811             9.22446             3.34287
-7.55659            -8.30411             -9.8777
12.2166            -7.75402            -2.50654
-6.94357             7.66969            -10.2323
-5.97366              13.618             4.70596
5.10032            -1.79901             -6.2328
-5.4015             6.32876            -14.8656
-9.08408             7.48728             8.45169
1.31835            -2.15542            -11.9559
-8.74817             7.80441            -4.37838
-9.46216             -1.7834             11.0315
-8.00878            -9.64617            0.442598
-12.1169             8.55615            -8.67176
3.18399            0.848355             -4.6573
-8.6102             2.91964             10.3071
3.12192             1.39164              6.5607
-1.64215            -9.29276             -4.7308
-1.81378            -7.46171             8.32558
-2.11358            -11.1378           -0.161242
-2.7926            -11.0389             10.3333
6.5378            -9.30019             8.68006
6.68474            -2.53261             -1.6799
10.9622            -4.41257             8.04736
-5.81159            -2.09988            -4.95698
-7.12325            -9.25912             6.61088
-7.77738             9.91528             13.9295
3.92878           -0.946129            -2.26225
-5.90961             3.24153             2.53069
-2.80678            -3.58271            -4.37534
9.61293             12.1817             6.13703
11.1206            -10.1714              5.7517
-10.9102             9.54932            -1.75597
-6.64083             13.2333             6.95531
-11.581            0.241031            0.857803
-3.88433             6.87518            -9.14846
9.84337             7.08984             4.31881
-12.6773            -13.0037             5.85084
14.3047             9.51691            -4.33904
-6.30288            -2.69827             4.74098
-9.11413             8.27153              12.805
-3.14834             5.25735            -14.0229
-5.04606            -11.4428             9.56891
0.659637             3.27501            -7.28232
-7.54649            -4.66829            -8.57514
3.62814            -1.01374            -2.88112
6.47773             11.1849            -10.2068
-5.78669            -3.54436             12.7115
-5.79409             2.31697            -2.24385
9.20835            -7.10192            -11.8177
-0.176623            -1.53206            -11.9965
-6.17798            -12.1248             5.40216
8.62132             12.0602              6.0341
4.06763            -3.08591            -4.44245
-2.18989             5.37587             9.91485
3.71668            -7.42369            -11.7783
0.402257             12.4927            -5.51434
-7.50039             10.8901            -9.11462
2.55813            -9.24758             11.6778
8.07782            -8.90033            -11.5226
6.24736            -12.8861            -1.82731
12.9537             10.9943             3.58672
11.5988             12.1665             7.78367
-7.27089             11.3881             12.7838
-11.7734             1.38571            -7.57517
-2.10798             6.86354            0.995015
-2.79363             1.74738             7.57239
-10.9931             4.21015            -7.00612
-9.70947            -5.23955            -4.15574
-5.37038            -10.2154            -3.72636
1.30008            -11.2106             1.58663
-7.23701            -2.54339            -4.37251
3.30194            -11.9947            -4.19835
2.21037             9.40025             10.3691
8.91538            -7.63774             -2.9205
-4.52585            -4.68866             5.40824
8.76929             7.69165           -0.358826
-8.35268             9.93032            -12.7129
9.46613             2.15863            -11.6582
-0.188081             3.21937            -9.05478
10.381            -8.21998            -5.03146
3.2228            -7.25155            -2.54299
-1.12984             8.91621            -10.3986
-1.3451            -7.34652            -5.35521
-6.28674            0.271441             2.15334
-2.85599            -7.61124             4.19224
-8.84128             5.44202            -6.96339
-8.67204             5.24568             3.76574
8.32125            -10.8718            -8.33251
-9.72191             5.00409            -8.11341
-3.99721            -10.0638            -9.24932
-3.33593             3.56231             7.85528
-7.71601            -3.03388            -9.91499
3.41113            -8.41109            -8.24352
-11.3653            -4.72279            -8.67577
7.42144            -8.59818             8.29365
12.578            -7.83509             3.76668
-11.1121              2.8281             -3.0147
13.3074             10.5253             8.85048
10.6234            -10.1742             13.4637
3.9898             10.5718             12.8184
7.74886             14.6381             6.38654
3.11322            -12.2077           0.0244224
0.543798            -3.31416            -1.61698
-7.51928             8.60762             3.46578
-7.26339             7.55114             7.39281
-11.5812              11.315            -6.27161
1.00033              1.4725            -7.54858
0.367229             3.98992            -4.43483
-3.80025            -12.2459             7.27195
6.1794            -4.44084            -4.53767
-3.50036             4.68557            -2.13009
-3.15202            -7.93062           -0.960413
-5.00635             9.27036             5.07079
-7.14281            -1.78985             8.72166
7.26559             6.29253            -9.79273
-6.75775            -10.1579              4.2075
5.32745            -2.77722             2.85791
-10.7113            -4.87984            -2.02683
-11.7037             7.68759            -2.06907
9.52626             -12.581             8.64027
-2.66841             -9.5654             4.81361
4.00017            -4.38505             0.43502
10.5737             9.05551             12.3957
-1.49104              10.276            -10.6605
11.4985             10.4643             6.48482
9.04455             8.47525            -9.28713
-8.45521             11.6889             2.23493
-6.76821             3.80634            -5.55561
-11.8487             -2.5687            -1.07743
13.9448             10.9063             8.95665
8.77823             3.67547            -1.30221
10.9092             -9.4978            -7.33317
-7.6287            -5.38729            -9.62989
-9.16939           -0.597485            -5.64112
-9.78423            -12.1268             5.56821
-13.8576            -12.2209             15.1827
12.0199             4.77918            -6.66936
2.46706            -3.39576            -10.7827
-3.74658            -12.5435             -9.5805
-11.6534             5.07347             12.8679
1.8017             10.6065            -9.94542
10.5905             8.51025             12.8484
-10.0995            0.668635            -6.27522
1.27899            -2.53013            -4.27468
7.82499             6.15678            -2.70387
11.6004            -4.74481             6.35972
8.8045            -5.92283             5.06907
-1.12628           0.0118278            -5.02604
-9.12485             4.00087          -0.0940985
-8.54918            -1.00606            -12.0584
-2.19363             1.08599             -13.652
11.9588           -0.167661             -9.7611
11.7658             9.96752             12.1306
8.93211            -4.13807             7.24144
0.793586             7.99616           -0.359841
3.90129            -10.8498             4.22762
7.98322            -1.66346             2.70396
5.58246             6.90742            0.768258
1.6673             -8.6154             -8.7725
-10.771             3.48114            -7.66491
-12.4199             14.4077             12.3737
8.04421            -4.93503              13.444
-12.0377            -3.66334            -11.1788
-3.75559             8.44639            -11.8705
4.22818            -12.1039             1.13144
3.05357             15.1774            -12.6943
5.20995             4.59913             13.3443
0.819081            -10.4367             9.49602
-1.05676             7.12139             6.84163
10.6601             6.89328             2.26148
-0.0834695            -3.35798             3.09151
-11.1227              4.3446             5.12703
-2.35119             9.97654            -8.48445
0.406028            -1.31467            -5.08984
13.0702              3.5985            -7.56961
-13.0098             7.37576             1.93728
11.1668            -3.54522             9.37747
-4.38552             13.3713             7.12876
-10.0769             5.89278             10.6773
-6.97805            -3.68743              -8.583
-6.77357             10.0829             -8.3367
6.83508             10.6115           -0.868006
8.56653             1.89085            -2.80631
-5.32389            -5.45106            -1.13902
-10.4035             11.6262             4.75527
1.0705            -2.03176            -2.95454
-1.15967            -11.2551          -0.0883648
2.91776            -12.6933            -1.79506
-5.33406            -14.8914            -5.09946
-6.85929             9.66137             7.89902
-10.8651             0.36138             10.2437
-5.71396             3.02264             8.90913
1.55881             11.2917            0.866123
5.07044             9.56331            0.368702
10.4785             11.3607             9.06764
7.26752            -6.40514               6.538
6.44067            -7.52547            0.887407
3.24437            -10.1504            -0.35084
5.14607             8.78887             5.17386
12.0773             10.4933             6.99755
-9.89944            -5.61872              3.8359
-2.36502             10.0618              3.9583
-0.85138             -9.6915            -10.9255
-8.46052             10.8858             3.68811
2.26678            -14.0282             4.71005
6.13237             8.97782             9.15141
7.01233             1.03551             5.51025
7.21054             5.25614            -0.07913
-3.24536            -14.1719             5.66341
6.7197            -3.91458            -5.66877
-10.4023            -6.32677            -9.20684
2.49702            -1.03304             3.21028
6.07375            -9.69341            -4.91094
-5.24462             7.76047              13.482
15.3178             2.38517            -13.2356
-7.61078             3.79633            -4.57683
-0.464565            -7.46181              2.4279
-0.228395             3.47806             4.31466
-7.10009             9.38653            -12.1658
-7.40261            -1.78343             9.16992
10.751             -1.7537            -7.92252
11.8119            -7.22233             4.04543
-6.2516             6.25431            -10.1343
9.28875              7.1842             9.19423
-0.470696             4.95509              1.2478
8.29089            -10.0106             7.04551
-5.39986            -15.5899             5.14118
8.31101            -11.5776            -4.50218
9.66587             3.15984            -11.8609
7.63695            0.431056             11.2122
-10.199             8.65096             9.07948
-2.69744             12.9556             1.15511
-9.07743            0.874246            -3.27556
3.78999            -10.4407            -2.88308
-2.60714            -6.21106              9.5691
3.83156             7.83734             2.21587
0.188284             10.0161             10.2468
1.06464             6.93956            -4.72523
-2.97619             9.16572           -0.871738
-7.46674             5.75782             7.97675
1.22094            -2.01196             5.03913
12.1625            -9.59756            -14.3606
-5.65107             6.27881            -10.1466
-12.0083             0.84935            -8.17808
-7.92038            -7.45975             -8.4912
-7.3491            -4.69762             10.8072
4.25544             11.2292             14.3905
-7.84716            -8.84464            -3.69789
-9.48788            -8.85688              -7.405
-11.8874             2.44042            -7.96913
-12.8933            -2.55078             6.18022
-2.91564             -9.7581            -8.51717
-5.34569            -11.0376             2.25586
-0.589419             3.66796             2.56091
-9.65328            -4.72787            -1.92783
-3.40397             3.45558            -9.32525
4.44855             7.64237            -10.5648
2.38701             6.58585             2.15108
-10.6585             6.71798            -10.8438
-9.1668             -3.8027            -0.96851
-6.7966             12.8784             3.27525
1.54823            -2.63801             6.95111
-3.53564             7.68784            -8.85569
-5.75349             11.7542             12.3199
12.1683             3.10288             4.06331
-9.25334            -4.65254             2.01888
9.71862            -6.60972             3.14934
-9.59899            -8.71919             8.76016
-4.49167            -12.5741             12.3488
10.8292             1.76042             2.94207
12.4212            -5.16171             10.9313
4.31857             1.65554              11.049
9.63128             8.54979             9.02261
5.16106           -0.789367            -6.90734
2.52174             -4.8607              12.852
-14.7248             4.10067            -9.11415
9.15956             15.3978            -12.5788
-14.4663            0.293915            -2.13436
5.72133             -6.2782             2.38421
5.15012             6.07575             1.56379
10.5803              10.539            -4.30208
1.31401              -1.808            -2.35368
2.22435             5.07697             6.89729
-7.82842            -6.34844           -0.261999
2.69132             3.22209            0.336256
12.2453             5.14974             9.01808
-12.4765             10.2479              1.7562
1.28132            -1.38513             1.00649
-8.03262            -6.36617             13.7102
10.9072            -4.10888               1.143
-2.3495             8.84566             11.9055
6.84361             11.2759           -0.461167
-9.64545           -0.762625            -4.98886
-7.20946            0.338926             3.75454
2.47925            -3.34244             9.30036
2.45955             1.92397            -7.16219
-1.55648             2.68279            0.394171
-3.89582            -11.8152             3.21344
-10.6613            -11.3213             2.50543
-11.5333           -0.439658           -0.162286
0.461705            -4.71779             1.11543
-1.27127             14.6393            -4.93616
14.1036             11.7988             4.11855
-3.62402            -3.20967             12.0791
0.759488           -0.421378             3.38938
9.5714            -2.11473             9.55101
8.88826            -11.9245             5.63855
-13.4359             8.43052             11.7485
11.3006            -8.00127            -3.35182
-10.805            -12.4673             3.04541
3.27747             3.53417            -3.75394
-2.02495            -10.4542             2.66511
2.66678             13.7738             6.06131
-13.0369             10.1326            -1.72983
-12.4499            0.108871             2.05923
9.34248            -8.76949            -5.36997
-7.18924             10.8064          -0.0534883
11.3467            -14.0788             6.45718
-11.7378             11.1887            -3.08672
-2.98877             4.52888             -12.705
-0.433395             9.30344             3.86532
-9.0425            -11.7417             6.63935
9.89315             0.42772            -12.3154
-7.32358             3.23117             4.23491
-8.45461             7.08952              -4.473
0.969471            -8.88448            -4.70837
11.4967             4.65858             14.1849
8.59566             2.65942            -3.12518
1.41497             1.25047            0.944096
-6.44026            -11.0349            -13.4948
-12.3367            -14.9192              15.435
-6.02478              7.4546             12.0054
10.6201              1.1232            -12.7317
6.66213            -10.8762            -5.89498
-0.347199             -4.8898             5.85494
-2.37037             3.14372            -5.13751
9.76995             10.6298             2.65183
5.38815             6.55581             12.0817
4.87982            -7.95445            -5.70139
1.58801             -3.1268            -2.85094
4.06592             5.46178            -4.46484
3.59113            -7.06109            -3.50279
12.3339             10.5755             3.62886
10.9485            -6.03598             4.75621
14.5822             8.70943             12.9156
-9.01315             1.40037             6.80162
-0.855889             -6.6986            -8.19046
-4.29914             2.86901             4.86739
2.89656            -7.67639            -7.87365
-12.3959            -11.0357            -4.28391
-4.97815             11.5619             13.9524
3.55831             3.58342             12.3383
1.69186              13.191            -7.30092
8.49108             3.18334            -5.75673
-4.86271            -10.2732            -10.2929
-3.51008            -4.17544             4.51769
-0.0166413             10.0654             5.38104
5.14857            -8.85583             5.71377
3.69042             2.52077            0.905379
-9.20601             4.98818             9.54579
1.86906            -7.21196             6.36569
-13.1149            -2.82781              1.9441
5.86918             4.09217            -5.65228
-6.53935            -8.99276            -6.32415
1.5877            0.502737              -4.592
-11.1006             13.3996             0.61952
-9.99988            -1.81225             8.13082
11.211             6.65864             5.82436
-6.76025             8.05278             13.0256
-3.38647             7.38775            -6.12814
-11.043            -6.97144             7.54746
-8.44629            -2.98444             9.67381
10.0021             14.1921            -12.4866
-8.69213             1.27429             7.93641
-0.709211             1.11307            -11.0976
-4.10356            -2.36511            -11.1049
12.2263            -8.11736             13.5743
-1.69564           -0.988987             14.9231
1.43528             2.09741            -5.03047
-10.6227             8.96415            -6.10706
5.38629            -8.21736            -1.49157
-4.80381            0.737824            -7.47206
-10.8769             3.96076             4.43166
6.16562            -5.10845             7.81517
5.79098            0.138558            -7.52464
7.08937            -1.78437             12.7985
-3.47978            -4.72197            -8.14624
-3.93023              15.493            -6.08353
9.67343             2.86078            -1.17163
-10.5745             11.3601            -2.96501
13.5895             -3.5028             5.14791
7.89826            -8.37823            -9.77747
-2.94527            -10.4944             5.45711
5.30242           -0.580452             6.15046
0.0763276            -11.7521            -10.2885
-1.23177          -0.0828434            -6.58002
7.62877            -2.31678            -11.1897
-6.61511            -6.51176            -3.35902
6.238            -1.26716             8.08708
-0.789558            -8.12945             -3.3192
3.13007             -2.2538            -9.38647
6.23197            -3.85591            -5.92731
-12.0402             3.75182            -7.89343
10.4627             5.48125            -9.01466
-11.3162            0.569845            -2.70589
3.36944            -10.1154            -4.71022
-6.37855            -14.1277             6.83613
-4.1212              10.118            -7.80502
-7.03196             11.7646             11.5833
5.28333            0.802811             3.66235
-7.64381             0.08919             5.47015
-4.44642            -8.55861             5.16376
5.66554             5.50468            -3.38425
3.35381             7.47521            -4.25669
8.83784             2.64688            -11.7304
-6.36482            0.363848             4.34573
-11.6788             -10.389             2.09163
-0.491178             8.69795             5.94874
4.22583             8.15504             3.32895
11.0422            -4.47199            -7.59165
8.75064           -0.935207             5.72937
-1.14729           -0.557216            -9.24058
-0.523879             13.7754            -1.70427
-4.65077            -4.29337            -14.3543
-1.42405            -1.15927            -2.22157
-6.60706             9.65916            -5.00598
-4.57099             11.5044             1.52985
4.94172            -6.04911            -3.65504
7.07985             9.47999            -3.62376
10.4801              6.7763            -9.72486
9.95096             5.90674            -11.7763
0.374001            -2.18349           -0.382953
