4.11436             9.17865            -9.13953
1.49795            -6.33614             1.12375
-6.82336            0.161455            -1.71862
8.1708            -9.75863             -10.801
-2.53299             1.84796            -3.41397
-11.1373             5.73373            0.689387
4.65214             10.8134             5.76946
7.09097              2.4599             8.01227
7.60093            -8.98543             7.16672
-0.0330586             4.53408            -8.25778
-8.97979           -0.229641            -5.46657
-5.09167            -7.06679             2.36112
4.07189             5.52573            -6.36159
2.76492             9.17011            0.626908
-4.09919            -4.07895             3.03018
-3.77532            -12.4316            0.358308
-6.34698            -5.88256             -3.6625
6.3672           0.0847664             -3.2466
-5.828            -6.32245             8.35303
-4.3628             6.69999             1.01855
-1.10357            -7.89428             1.31159
2.94239             9.29709            -1.14428
-6.66805            -5.26039            -5.66948
-6.15667             5.20976           -0.799789
-6.41232            -9.57111            -4.82587
4.75925            -7.96087            -0.24743
6.33357            0.599176              1.1685
10.9588            -2.54154              4.1626
-1.8781             -9.7007             8.21222
-8.49017             5.62632             9.62165
-3.48039             1.83424             7.97458
5.28835             6.93592             2.66449
5.25329             9.55291            -3.30294
-3.82753            -2.10031             6.97332
3.5661             10.6351             10.5089
10.6796            -9.31833             9.17729
2.36118            -6.87502            -7.34641
-1.81165            0.165474             10.4968
-12.6247            -3.69108            -10.7353
9.91986               7.844            -3.60116
11.7585            -2.22812             10.1241
7.05538            -8.30675             12.6136
-12.6467            -5.59816             7.92559
-7.12581            -7.69519            -12.9693
12.7577             5.86055            -8.27233
3.48178             6.88647             9.77266
8.56859             1.61281             6.70535
-1.52962             9.39981            -12.2125
-13.9292            -0.88699            -1.68853
-7.14128             7.86768              5.9793
3.75308             4.77013            -9.75669
9.80473             7.44156            -9.22251
10.5022            -6.04812             5.00165
-2.38577            -10.1027             10.6331
-3.09447            -9.88743             0.43315
-1.11664            -10.2861           -0.214321
-4.21576             2.69412             -1.1431
8.87452            -10.8658             10.1217
7.42812             3.49742            0.355984
-2.39506             11.0485            -3.33236
9.25213            -7.09814             -3.1925
-10.5845             4.78746            -3.98021
-6.09193             1.65539             6.93583
-9.1208            -9.75171             2.10513
-5.95114             2.43464             -11.731
-8.74978             7.35137            -10.3064
-0.031106           0.0724195            -9.40735
-9.06029            -7.28148             5.00103
9.83624            -1.06104             9.30967
9.81909           -0.922072            -8.24038
3.83563             8.92748            -4.01127
9.18498            -7.49167            -8.88064
-5.64421            -2.05466            -8.78695
2.79115             8.31311             5.38213
12.1854             9.07921             -9.3344
-1.16739             -6.3709            -5.77381
-9.97            -1.19927             2.41748
-5.11788             6.39954            -6.99011
8.16401            -3.30428            -9.83228
-3.72312             5.97203            -8.11961
9.89828            -8.50368            -5.28601
-2.65999            -7.25326            -7.46471
7.02205            -11.5455             1.91568
-12.2092             12.3735            -2.51362
8.10843             -3.4173            -6.77826
7.92675            -5.36568            -13.1243
2.48412            -1.58645             2.84493
-1.10337             3.50839             8.42668
-5.75692             10.0788            -8.94632
-2.69996             8.28953               8.409
5.44616             12.9616             9.61072
7.10893            0.980979              10.284
-11.2112            -6.34124            -2.72301
9.69641             6.79598             7.13754
-4.00327             5.68796             7.73248
-4.46112           -0.215215            -8.07901
11.497             7.02234            -12.0317
0.83189             7.71368              -11.26
12.1438            -9.46044             12.1554
-3.82043             5.34416              2.9694
11.1775             9.05801             3.77597
1.90355             4.32155            -9.77824
-7.34023             7.32759             6.82566
-0.569533            -0.18738             10.5112
9.19786             5.81843            -1.25957
-6.11464            -4.37433            -10.6616
3.44446             2.30005             2.50744
-2.87785             8.72653             11.8089
12.6522            -3.69088             7.94506
5.10343            -12.4845            -6.61541
-8.7074            -5.40229            -2.89162
12.7882             11.5388             2.39383
-2.23932           -0.977768            -9.90051
-5.31392             8.03215            -9.42148
2.87386            -2.28333             9.79546
-1.66566             4.30581             4.08508
2.85013            -2.92431            -5.02606
5.99005            -1.04523            -7.07899
-10.816             -4.5571           -0.291474
3.38422              3.7987            -6.95716
6.11924            -4.75758            -7.99908
4.07321            -1.07429            -6.97892
6.56403            -8.39299            -8.01816
2.8389              1.2689            0.341791
8.23531             -2.2436            -13.1511
11.0337            -8.97093             7.69449
5.53653             1.40884             5.67602
-8.28968             9.88749             12.0484
-8.83092            -0.57891            -7.84027
1.24698            -9.28343            -8.01399
2.52065            -4.37612             1.71588
-12.3156             10.0067            -3.29963
5.11917            -4.21881            -2.31055
-2.32744            -1.31816            0.995195
10.7433             2.08933             8.81913
-13.4798            0.534451             11.7434
7.17234             10.3872            -11.8571
-1.71348               5.087            -3.40423
-8.646             3.02715             9.56579
11.2471             3.65873            -1.04173
-13.1511             8.90074             1.97403
6.74425             5.26639             12.8298
11.7499             3.38734            -5.05094
-7.87738              3.4768             10.6548
-11.0426             4.54868            -3.84352
11.191            -7.61588               10.35
9.48154            -10.4947            0.898905
-10.5254             11.3625            -0.55157
3.42011             8.09008            -6.53729
-4.34616            -13.8263             1.33014
-5.13759             6.82134            -6.01736
4.00752             3.39994            0.945307
12.2714             8.11433            -5.07783
1.68125            -6.34106             4.15506
7.27953            -2.66504            -12.1641
-0.601597           0.0466459            -3.48927
-12.715             -1.9675             10.6291
0.286576             13.0002            -8.66507
-8.32878             3.80936            -3.11831
4.22902            -9.05535             10.3826
-4.96774            -3.57483             3.75811
-2.85649             -4.4589            -3.88317
-2.54919             5.45816             5.02418
8.75417            -2.44701             8.62339
-9.12612             4.33226             5.50861
6.46771            -3.38481            -2.40305
4.67493             -2.9192             9.73806
1.92071           -0.309048            -6.65784
5.4182             9.08633             7.24263
5.34271            -7.45913            -2.11785
8.67709            -9.59624              11.065
1.05096            -5.31013             7.43395
2.64332             11.9009            -8.95111
-4.95063             4.76625             5.77394
10.9332          -0.0185599            -6.15653
6.50712             8.73875             1.02901
-12.2065            -4.25015            -2.66291
2.96213            -3.91658             5.15065
12.4722            -7.33127             11.0043
3.29216              11.675            -8.88667
-6.69065            -4.48207             -1.5977
1.22508             9.92014            -6.86018
9.18958              3.3222            -9.13957
4.39662              6.7336            0.857683
5.89043            -7.73596             6.82237
3.80938             11.7324             10.6628
-4.12046            -7.55791             4.15338
3.95657            -11.2648            -9.84488
9.79542             4.66561            -3.07593
0.760718             6.12503             7.80822
12.4568            -10.5385            -1.49685
-2.46772             3.61711            -2.31785
-6.10101            -5.71009             9.57686
0.1214             3.67078             4.84147
12.484             3.08559          -0.0077764
8.14217            -4.46582            -10.3995
2.47226             11.9448             7.42358
-12.8021             1.59404            -11.9378
2.59244            -9.94705            0.618658
-5.5836             6.96401             4.02105
-8.64893           -0.550279             5.27795
12.4367             9.64421             8.08202
-1.89722             9.42754             5.22446
-2.24585             3.33218             4.69511
4.47759             -6.3456            -9.86589
4.35428            -9.29018            -1.91527
-6.11813              11.751            -3.51195
1.52125             7.13755             3.12482
7.46981            -2.40452              -1.535
10.3479            -10.0663            -9.43539
-13.512            -6.49947             7.53832
-13.563            -4.88456            -8.04388
4.84388            -1.49862            -4.53647
-5.46074             8.60822            -2.27508
-12.0287            -3.08628            -4.44046
8.33513            -12.9578             7.18212
-11.6279             10.5543            -4.52231
7.17725            -10.3765             7.41897
-7.17902             1.53191             5.46632
2.26381            -6.58223            -10.6835
5.79325            -8.06357            -1.11175
-2.64695             11.0673             15.1064
9.70473            -3.36122             2.14723
6.48439             10.1113            -4.84401
11.9321            0.341569             2.43196
5.71563            -9.45066             4.15971
-12.6163             7.19699             7.13174
1.36361            -11.5464             5.74739
10.2453             8.43486            0.350289
-1.929            -3.99818             -1.5979
3.35474          -0.0864082              7.5674
0.0403336             14.0312            -8.98082
-4.69456             3.29205             6.47292
-3.59463            -7.80495            -10.3406
-10.9855             -11.101            -11.4705
0.351761            -6.51513             -9.4505
-2.11437             5.63174             1.44083
-2.52884             9.65033            -1.42377
11.3072            -4.62743           -0.991638
-6.18641           -0.804509            -7.16703
-6.57593             -5.6484            -4.26689
5.36241            -2.25827             8.08253
8.14831            0.281572              7.8812
4.48236             9.35215              -3.159
-11.0674             7.68523             6.12806
-0.00330002            -2.27478             -10.656
-0.928594            -4.36793             9.63175
11.0453             3.60774             5.78485
2.66733            -5.98042            -4.50233
-7.37332            -3.06152            -9.51423
-9.74064             11.4579              8.1331
2.1547            0.688045              -3.542
5.63057             7.75955             8.08232
4.82538            -6.93951             -7.9001
4.91197            -5.35211            -5.91338
-10.7348             -11.565           -0.561218
-9.0872              5.7189            -3.89257
-10.1213            -3.87961              3.1557
1.24898             5.14209             1.80495
10.0106              5.8218             7.52863
8.94316             7.47623             3.89079
-1.24326            -2.05692             6.25214
2.93403            -2.20533             2.60222
9.02537             10.6998             2.68249
-9.03611            -1.85537              2.7638
-10.6005             2.30734            -6.32239
6.21311             4.42014             4.28825
-1.04262             1.79752            -3.97164
6.92836            -4.91617             5.14983
12.5693             -6.4836            -3.30568
8.1467            -8.30613             6.90221
-4.04666            -6.69216             8.71522
3.37025             1.73024             7.27394
3.8085             6.53411             4.37103
-9.74063             6.67135              3.5352
-7.46125             12.2626            0.600834
-3.8889            -1.99832             2.76253
6.0148            -6.09615            -11.5932
5.07942             8.28623            -10.4368
-4.40756            -11.8245            -9.31407
5.28076             -11.654            -3.34644
1.56388             1.56841            -4.53753
7.40017              9.7718            -2.10374
-8.98755             1.64795            -6.09725
10.2063             3.44425             5.00659
-4.26979             5.37276            -6.05567
-8.2748            -5.94785             -2.0182
10.6642            -10.3541             4.02821
-1.56563             6.20774             10.6592
-7.3259            0.417974             7.41898
-7.68725             4.21314            -11.2163
3.2728             8.53685           -0.811192
9.1448             6.74336            0.592651
-5.53173             8.44686             6.70871
-0.744338             8.64325            0.657392
-6.16356            -12.4243            -6.24442
1.98711            -11.1906            0.659763
3.536             11.2597             10.2684
1.83621              9.1175            -11.5488
7.9476            -8.39267             1.82262
0.166586             6.96358            -9.25112
10.2169            -2.47553            -10.9029
-7.0037             10.8055            -9.29907
11.7705            -4.71667            -9.24819
4.21224            -4.43273            -3.45961
-3.22279             1.56805            -4.57981
-11.123            -13.4284             4.58637
-6.6371            -1.45542             8.74881
-9.14021             10.7904            -3.74229
4.73402             3.17012             1.46904
-7.21766             1.09547             5.16808
3.13817           -0.320809              1.9544
-12.8078             0.37992             1.17121
-9.56364             1.67479             4.36991
3.61741             11.1554             -1.1361
7.54826            -5.74833             6.40596
0.172039             -2.0228            -1.64048
-6.22417             2.38139             3.25138
-3.47047            0.985112            -9.79164
-0.658428             3.75397            -11.8439
4.92069            -5.11557              7.3825
-0.576233             4.60147            -4.26143
-3.52813             2.51575            0.126707
-6.12647            -11.0945            -4.67149
5.80141            -11.2215            -4.19598
5.09587             -7.2854           -0.344202
4.46851            -3.84935           -0.167017
-8.15825            -9.49818            -5.59523
8.32537             7.61479            -4.25196
-7.73884            -6.58171             8.05413
3.38397            -9.03154            -7.59265
-4.07317            -10.7525            -4.32688
-9.83179            -11.7287            -8.99942
-5.94504            -11.1683             1.78194
-4.08551             5.70087            -4.12455
9.67769             5.17336            -8.82586
-9.70453            0.289824            -8.03499
1.07879             10.4346            -5.39105
-11.6256             -1.0202             9.48016
6.29219            -10.9783             2.27571
-2.66191             4.36655            -4.34055
-10.8779             5.98785            -4.04925
3.29711             10.4666            -2.42143
4.85955             4.94352            -4.13442
1.22888            -12.9658            -4.74497
2.71095              11.271            0.201687
-5.52428             4.40014              1.0198
0.252166            -7.96379             10.2311
-8.05789            -6.27669             -1.6417
4.07429               2.018            -6.11301
-0.578668            -6.76113             10.0143
8.77716            -10.3391             4.71386
-9.92232            -9.91605            -12.5021
6.23961             4.07379             2.56394
9.74819             11.1931             4.11281
4.21794            -4.02251            -2.26239
-6.80902             9.24109             9.97139
2.32541            -4.06407             7.27396
9.26712            -3.09479             3.72239
-2.33409             1.41527             7.51887
-7.2928             7.99076            -6.04528
10.2339             7.83862             2.33135
3.87763             12.1184              7.2666
1.46907             -4.1728            -1.79503
-12.8644            -1.61717             11.1159
1.6309            -1.10064             9.74036
-4.58097             -12.626             8.62335
3.16162            -10.5033             -1.9813
8.22026            -5.27789             7.55401
-10.0277             -10.595             11.8002
11.4202            -1.18124            0.884152
9.37877             10.2941             8.12974
11.5118           -0.635404              10.369
-12.9384             7.94296             2.11656
4.3398            -12.2732             5.53365
-1.49983            0.582984             5.44677
7.97748            0.959752             -11.396
5.3101             7.04445             6.65922
-12.5646             10.7672             2.47103
4.11155            -1.93973            -11.0595
-6.12616             11.4684             10.3175
9.53182              3.3496            -6.60482
-12.0859            -9.39645             9.07056
-6.39407             2.34615            -8.21005
2.29254            0.264549             -9.1286
2.74797             9.74003             -2.0708
8.14052            -6.16378             2.20139
-12.4083             -12.764             3.93029
11.1383             2.17336             3.76979
-9.05634            -11.9047             -6.3053
-8.62255             7.44803             10.1225
-8.32501            -1.52447             6.68589
11.9769            -3.56322           -0.150123
6.84009              4.8836             6.47099
8.45139            -4.88963           -0.569675
-8.97153            -6.85072            -1.81594
2.47195              6.5337            -10.6594
5.83797             6.12388            -9.23658
-7.97764            -7.13163            -6.56639
-0.810429             1.94871            -9.43854
-9.11294             9.88746            -2.00244
-10.0207             12.8073            -5.58351
-8.55487             9.96449            -13.7537
4.65036             -10.517            0.871528
-11.8706            -11.7846             3.46076
-7.71622             4.60435             7.77534
4.79224             1.06065            -9.45635
-11.0021            -3.01528             8.14441
-5.34472            -5.65548           -0.806202
8.08872             12.4305            -9.67912
-0.395179            -1.82756               9.016
10.3314              -4.971            -1.58547
-10.2963            -9.31201            -5.40386
-8.26142            -1.68871            -4.05055
-7.39551            -8.51082             7.41527
-5.44712             5.72826             3.58387
7.45099            -2.86233            -11.1942
-10.1458             5.62622            -10.9127
-1.58236              6.2645             5.54396
4.93025             -1.5097             1.97819
4.48203             6.77869            -9.52011
6.63676            -9.82551             6.96013
-6.61907             2.31099             3.85374
0.520014            -3.80221             11.5255
9.50851            -7.11559               3.482
6.9833             -2.2132             12.1284
-0.989636             2.88616            -12.1322
4.48801            -10.3149             9.84707
6.10974            -5.68736            -11.5562
9.59498             3.03243             -1.2154
-1.64284            -8.75161             8.10765
-7.45502            -10.9446              10.338
-3.87366            -11.2851             2.82884
11.7224             5.62481            -11.3274
-0.606086            -8.12113             5.30842
7.58622            -9.17321           -0.667899
-4.31504            -3.25465             9.16496
-3.54885             3.95008            -2.15873
-8.24332            -11.5011            -3.25847
5.85054             7.84855             8.86398
10.9241             7.99226             4.62247
-10.817            -4.00966             7.63203
-0.878985            -5.45442             7.29893
4.00331            -7.85321            -7.83307
-0.26305            -9.30707             4.49408
0.910733             1.16207             4.32142
4.24542             5.92243              9.5096
4.38565             11.1089             14.3399
-9.2516             8.02652             3.13614
-1.82899            -1.69996            -4.03685
9.9487            -6.84684             -4.6053
-2.69558            -1.77539             10.7099
11.4057            -10.9148             9.55638
6.25994             7.86573             7.11228
-4.22557             9.84368            -2.13488
-2.0475              10.607            -9.81124
6.31263              10.383             5.06514
-0.560737             7.92888             3.76177
-0.350299            -2.75481            -6.83853
10.4021            -5.22014             1.70987
-11.4089             10.6118             1.69461
-3.61543             10.6364            -3.93221
7.98299             9.07782            -12.1157
8.75688            -6.04187           -0.308963
-4.05261              12.455            -1.59672
2.08782             4.62978             9.55029
10.974             2.32855              11.512
-3.69968             8.02958            -6.63906
4.20239            -10.4067            -7.63953
3.23249             2.47179            -12.6923
-2.7502             6.69534            -7.90565
4.71316            -8.65702             5.82774
4.59087             5.12362             3.03775
-2.00521             2.62685            -11.3953
-6.64993             4.57781            -1.59471
-0.017332            -5.36641            -2.75537
-9.59911           -0.516167            -9.05916
-11.4436             11.1141             10.4955
-10.7671             9.05513             -7.9246
1.74987             -9.9543            -10.3049
-3.17615             3.49321            -5.71477
-3.62587            -8.86176            -9.52743
-1.29253            -6.14878             3.51497
-10.6148            -5.38844             10.3304
4.35848            -7.35679             5.54325
-5.26622             8.62879             9.77462
7.1185            -9.68125             4.19092
9.57848             1.80396             1.18442
5.35147             6.54032            -9.01732
-1.63979            -7.95006            0.524009
3.87496             11.0819            -10.6186
-7.68293            -6.41185             6.71441
11.3805             -3.9643             7.14267
-0.038928             7.36214             3.38072
-5.0136            -7.54239            -7.74713
8.12234              4.8459            -9.34447
5.79789             6.10622             2.99288
11.1963             6.39213            -9.64304
-11.6833             -7.3413           -0.823566
7.99664            -0.05756            -5.19604
5.76077             10.1346            -11.5332
-1.98207             6.63223            -5.62363
-2.81512          -0.0266175          -0.0955425
-0.540688            -11.8508             12.4404
-6.10378              8.7586             9.94501
-6.04603             9.78803            -10.9823
-8.25376              2.7841             1.12424
7.6367            -4.30423             2.71109
-6.3182            -6.48118             1.06102
12.0908             3.61168            -7.57823
13.1055            -5.64138             5.84418
5.38982             2.51684             2.70781
-3.28914            -4.17871             9.48286
-7.04082             7.57325            -9.87411
7.46853           -0.414194            -5.99981
-0.412179             6.12361             6.71045
-5.48762             3.38068            -3.23176
-8.11517            -7.59173             4.23019
-5.6946             3.06983            -2.73062
8.79137            -11.1129             7.47154
5.40497             -10.611            -2.36717
6.12033            0.302499            -1.73177
-10.7348             5.23545              11.385
-0.00453155             2.81942             4.31955
1.67459               12.12             3.33797
-11.0177             2.76159            -9.44882
8.8682             9.66702            -11.5226
8.2134            -10.3675             6.32607
-5.11267            -5.87105             2.36715
-4.27425              11.635             7.04355
-0.575851            -3.27418           -0.609318
0.164108            -12.0069             1.07016
7.97948            -3.23848             10.0709
3.56025            -10.9122             4.58222
12.6884            -5.10531             3.45008
4.44722             6.69834            -8.49038
-0.580977              6.2351             4.69611
-9.67135            -11.1631            -13.4172
5.05033             2.52819             10.5934
-9.16961            -13.3336             6.55061
0.0702434            -7.33611            -8.38061
6.22164            -5.19026             1.32499
6.82273            -7.39174             3.76917
4.77063             13.3103            -7.17232
6.88987            -1.51565               10.65
-9.51301             1.66661            -4.82074
10.1408            -4.27038          -0.0782118
-8.6607            -10.2672            -7.92341
-10.4173            -9.83881            -8.28752
10.9253              11.276            -5.65137
-6.69451            -2.07328             3.30771
5.02133            -4.81424            -3.86029
5.52731            -1.59825            -5.67636
-8.74715            -10.4893             4.44067
5.74089             3.68948             6.79687
-0.074743            -4.76294            -3.60084
-2.4766             0.44457             1.32694
-2.60925             12.8377            -12.3449
-4.00287             3.89273            -1.54466
9.23277            -2.41685             6.96634
-0.363971             9.12056            -6.82044
-7.34532             10.0651            -1.43195
6.25474            -4.66087            -2.68411
8.96984             6.60882            -6.98767
-6.77685            -1.44021             1.99999
-8.69815             3.48444            -6.55961
-1.52517             2.74278             -11.326
1.68296            -4.73183            -9.55729
7.92054             2.65136           -0.397372
-9.62605             5.74765            -8.89041
-8.32777             6.28934             3.26004
11.587             10.2181             -9.0866
-5.34627             8.68197             12.5912
-0.848816            -3.24239            0.654505
5.28215             5.59805            -10.6663
-0.49374            -3.02413             3.37552
1.90697             9.65067            -9.58911
10.5846             2.25211             10.6256
0.818755            -1.82526            0.433662
-0.124962           -0.886312            -7.43446
-6.43996            -7.24882             4.31363
-8.67392             8.38126             3.50028
-0.532845             9.88451             1.30805
2.43216            0.583365             3.84836
-11.5155            -11.7807             -11.455
-4.23752             5.27893             3.99825
0.778976            0.105599            -3.33765
-11.0601           -0.224105              8.2548
12.2545             -6.5304             8.50277
6.18535             2.11285               3.024
8.53327         -0.00538877             2.55204
0.118588            0.225833             -1.5585
-7.60575            -7.89903              9.1767
-9.94123             11.7359            -2.41256
-0.804497             3.61316             12.3336
5.50417             8.84851           -0.203878
9.716             6.43543            -8.73517
11.0616             9.92724            -7.74113
9.83623             9.27924            -10.5759
-9.99685             7.10788             12.5182
-2.31983            -5.54594            -8.00964
4.72294            -2.96642           -0.880141
1.20551             10.2364            -4.59344
-8.52141            -1.89757             4.66563
-7.76563             9.97064             6.01424
7.69154            -2.46038              8.0994
-9.6801            -4.56091            -11.3368
-1.7914             4.73304             8.28635
-4.56553             1.10196             9.29373
3.50572             -6.3253            -1.47084
0.553199            -1.17935             10.3861
-7.32634              9.7038            -5.53722
-3.96461              5.5376              2.6035
-7.5221            -8.35762             1.99091
-10.9488          -0.0782493             11.0841
3.36476            -2.62417             12.0803
8.40847             6.87014              1.5214
10.0754            -1.34255            -1.05966
-5.47681             6.62899            -7.68518
-5.09155            0.494127             5.09444
-7.8916             2.92972           -0.203324
-8.19939            -6.21606            -1.90036
-1.38572             -12.482             5.21265
-1.34311            -1.00518            -2.50711
0.917202            -7.37253            -10.3984
3.09957             5.51651             7.92944
3.82205            -4.36295             4.65105
3.64932             9.93117            -3.65543
11.0239            -2.49259             2.80684
-1.33201            -2.83349             6.79688
-6.55031              6.3875            -4.85642
2.65649            -9.06987            -4.22457
-8.9799              5.6953           -0.605394
6.47296             5.95664             2.13468
7.44499             9.59004             6.66107
11.425            -4.66777            -8.29341
-1.32256            -7.49954             1.80048
-0.939597            -8.92478             -11.058
-7.85616            -5.03425            -2.46596
10.0526             12.2323            -11.0632
5.64209            -8.97757            -5.41993
-4.06373             9.55254            -5.70168
9.23547             1.24811             5.24301
4.51218             -1.6242            -2.81551
-8.45741            -4.16042            -8.16615
7.41677             -11.028            -10.0394
-6.22176            -7.75915            -5.87403
8.3571             1.13543             10.2648
-0.147412             6.80937             5.21972
12.1346            -3.97582            -3.78283
0.29229             -2.8857            -1.48528
2.60295             12.5803             6.98436
-1.155            -7.52456            -4.66372
11.3841             8.27322             6.59008
2.85515            -4.60918            -1.94766
11.0692             8.88644             6.75673
-7.61177             3.41415             -2.6408
-6.90818             2.30296             11.3225
3.33463             6.20741           -0.114865
8.88174            -11.5376            -1.71663
12.0766            -6.85509             7.28874
-2.8738            -4.53938             1.19413
-4.0372           -0.420882             11.0527
-3.81506            -13.1674            -9.81267
7.43625             10.3797            -3.43526
7.51031             9.20582             10.3518
-5.47603             6.75891             1.16893
-3.03374            -4.94544             9.28146
1.3093              5.2871            -3.26094
-0.198248             4.90689           -0.520061
7.13304             2.18696             10.9404
9.00616              8.8937            -7.84353
-1.29225             5.49701            -7.92526
7.78135             5.03027            -6.65789
4.64347             10.1867            -8.16752
8.47707             9.26829             10.0218
9.11582            -1.25646              5.3268
9.22579            -7.18235            -13.4441
7.71815             6.86874            -12.6748
8.63462             7.87489             1.95468
-3.78024            -6.00735             12.5927
-3.62816             11.2969            -12.2872
-1.55318            -4.57154            -5.72867
-1.68717             6.19003            0.841161
-1.46372             6.82513            -1.76824
13.0295             8.23384            -10.0236
9.10438            -10.0802            -2.81124
-1.36785            -2.28205            -11.5684
-9.7435           -0.433389            -7.97445
8.29533             2.83899             7.70535
11.8942            -4.18909            -3.45481
-9.3144             -6.1614             3.66785
-2.69763             4.41911             11.2866
-6.42403             3.61366             8.12042
-3.94029            -7.84105            -2.93351
-8.30997             8.32236              -11.72
-8.79164             3.34725            -9.85966
-3.68743             12.1808             7.36144
-9.76396            -7.38352            -5.81963
1.51364             3.88747             5.16933
-4.13223             7.31634            -8.79351
-9.30691            0.183065            -6.49094
3.82141             7.72535             7.71226
10.397            -9.09361            -2.83901
9.43099             9.95286            -7.99049
-11.6472            0.392355            -3.18127
4.03727            -7.52103            -4.65175
-2.83672             2.82406             3.19445
-3.12845           -0.971676             5.39592
-11.6362             10.7662             6.15565
-11.0596             9.27783            -9.67141
-11.5583            -2.85301             10.0425
10.061             8.56702             11.7316
8.55425             9.37893             11.6829
-3.7163             11.2313            -7.03154
-9.1201             1.10236             10.3892
9.85543             1.70399            -5.31643
10.0024             8.06568            -9.68598
6.91164            -1.64685            -10.7493
6.11199            -8.27067             4.36811
10.6124            -4.06843            -8.54473
-3.27296            -1.33128            -1.75502
2.44517            -8.90898            0.831886
3.52109            -4.93663            -8.17076
-7.95749            -6.31582             1.38817
2.13089             1.75721             1.28102
4.3097             1.25574              2.4395
-3.32334             1.14201             1.62339
-9.63242             12.0071            -3.80789
-10.7033             12.2312             5.47795
12.8103             6.64483            -12.6561
9.6171             1.49041             11.9768
7.64653             2.98011             9.44713
8.15541             6.73451            -2.03379
5.94498            -4.33504            -9.66026
1.61798              11.645             4.53411
6.02914             10.6858            -2.29492
-1.30567           -0.572235             10.5018
-3.79359            -4.70139              2.8051
-1.69628             5.76027              2.1084
-6.58218            -9.91415            -8.97065
5.20865            -3.35044            -6.64064
6.76588            -8.72049            -9.82967
-0.854484              1.2198             7.84139
-2.6958              1.2392            -5.11434
-6.91637             9.64302            -2.67303
8.72556             8.49863            -9.79475
-12.0778             3.66841            -3.99688
10.0175             -3.2571            -6.20534
-0.738396            -9.24801            -3.26346
-1.40554             7.42252            -6.07604
-1.02262            -4.58408            -1.58675
-9.71204            -6.55936            -8.35085
-3.16629             7.11194             9.23624
7.14637             1.85245             -11.427
-2.37482             11.8519             7.51937
9.59183             8.79034            -3.01466
-9.17155            0.916633             -8.5263
-9.51846              6.9765             8.67101
11.4004            -2.66166             6.81789
7.47162             9.53813             3.54268
-10.0218             9.23974             8.79033
0.173492              2.9706             11.8865
-7.86819            -2.30721            -2.41612
7.49505             9.36419             8.67471
7.54612             12.7557             4.63567
4.62361             -10.364             5.82477
10.4047            -1.47556             1.14464
4.83906            -4.44818             2.36286
-9.03298             4.42015            -6.06091
-1.86678            -9.89899             5.85118
-8.38229             3.13653            -6.87661
-7.05411             -10.344             3.01051
-4.68183             7.77736             0.34528
-1.63213             4.65789            -5.30081
7.60676            -8.29291             2.49983
-6.9579             12.4383             5.81575
-3.95288             1.19623            -7.66527
0.709488            -8.26519             -11.185
-6.48284             4.53647             4.85224
-1.69806             3.51964             4.56912
10.3694             6.09186             12.9221
8.31444            -4.55602            -11.0106
-10.9177             6.53617            -11.7388
-0.172877            -4.62049            -1.02395
11.4771             3.92894             1.41691
-8.3867             -4.4202             3.26903
-5.99037             8.66003            -10.2859
3.84601            -10.5017              7.0082
-4.18167            -4.94451            -1.87061
-7.67879             4.86093             5.09854
-8.41216             3.50711             4.22486
-6.85273             2.03027            0.176045
-2.28197             11.0946            -4.60731
1.30675            0.018825             7.84814
6.36934             4.61076            -6.17615
6.97473            -6.70725            -8.42858
-3.92226            -7.40702             5.51224
-11.6757            -3.80681            -8.03298
-6.00511            -3.19618             8.89907
-4.96919            -4.29454             6.74737
-4.45824             8.90799             9.70375
-2.12808            -7.22224             2.26002
-11.0762            -5.77841              3.4252
-4.54993             7.84433            -10.2076
3.53618            -5.48985             1.98014
9.38963             -3.7078             3.29274
4.62668            -4.83312             2.18877
-6.95229            -12.1668            -6.87419
8.5171             3.12308            -4.97331
1.99151             4.39728            -5.27893
-2.99825             4.71859            -4.93003
-0.853278            -9.74253             2.17944
-9.8332            -4.99985            -7.44609
-5.65799            -3.37296           -0.552546
-5.332            -8.26512            -8.50046
-2.10476             10.2533            -9.52967
-1.58593             6.25086             6.82004
-5.07721            -8.96713            -11.1539
2.46488            -10.7619            -4.58152
-8.93855              8.2405             7.18217
-1.84821             2.50121             2.61967
5.76704              2.3304            -2.99593
-5.2568            -10.3347            0.527745
-9.70765             9.54355             4.22677
-8.77124            -7.67501            0.365327
10.6981             -5.9284              3.6017
-8.96835              1.3986           -0.767487
9.71293             5.39459             -6.2193
5.55718             10.9888             10.7461
-11.3971             1.81992            -6.68887
-5.09241            -9.51038             2.75421
1.15842            -10.2864             11.3097
5.82467              2.6402            -6.87012
9.35078             10.7937            -3.33128
-8.73719            -6.39699             9.27064
1.91706           -0.305345             4.87626
-9.40512             10.4175              1.9405
-8.0795            -2.39931            0.781025
-1.43345             10.8908             3.42658
-5.47017             9.53811            -11.8043
11.1408            -7.65964            -9.52817
5.65933            -8.40608             3.38474
0.22801             -8.3228            -3.11021
11.344             5.16019             1.87534
3.77029            -5.45813            0.793267
1.27999             2.55118             5.81418
-0.148721            -9.16083             7.70196
10.2463            -12.8877            -3.44992
-0.888205              4.9188             10.9194
-7.13924             8.70654             6.68587
11.5539            -11.6036           -0.376092
-10.952              -4.743             1.34944
11.2694              10.661            -9.16538
0.538002             2.54431            -9.91953
2.10171           -0.399088             3.32489
2.50205            -3.38659            -10.5837
4.36498              6.7338             -9.0901
-3.48319             2.95438             4.94063
6.41758            -7.44822              5.6301
5.59467            -8.62274            -4.43526
-2.84912             2.52604            -6.40174
8.2837             -9.6353             7.26309
-9.6451            -1.02485            -5.45407
-8.99304             5.74439            -8.32915
-2.37612             1.96745             -5.9653
3.35663             1.33044            -10.4259
-10.1103            -3.95963            -8.08206
12.4278             7.45074            -2.65102
-6.7284             8.38951             4.35619
12.1811             2.74464             -10.918
-3.86297            -9.32381             3.54865
-6.64016           -0.993451            -1.59106
-7.27823             10.1875           -0.532908
8.25418             3.29049            -10.8528
12.0218            -4.57126            -8.43221
-10.5491             12.6469             11.8332
-4.15607             11.0854            -3.64111
-9.02013            -7.53956            -12.8577
7.75427             8.88774             3.36787
5.59059             1.11235            -2.78363
8.91653             -9.7304             5.66501
-12.9441            -9.24381            -3.22764
0.451873            -10.1681            -10.8126
-4.30556            -7.16899               1.264
-9.0497             5.02478            -2.08958
-9.22748             10.2968            -12.1569
-7.90581            -6.64702             3.36308
-6.95892             -7.2609            -10.9451
-3.19564            0.864344             2.29184
-1.94398             3.60329             -1.1514
4.54472            -7.64056            -7.22587
-13.816             1.20702             1.13607
9.71665             4.39685             4.51884
5.20337            -6.98274             4.40916
-1.60493             1.02815            -2.84864
-0.781939            -1.81002             8.17538
-8.73543            -1.16345             6.35349
-9.12894             7.96712             6.61719
10.6523            0.554786               -6.75
3.7857            0.732894            -3.43112
-9.59486             7.13455             8.79681
7.49612             7.63711             13.2467
0.584441             5.04239            -5.00667
1.75269             10.7953             8.17633
-9.95666            -9.54356            -3.43977
-1.71797            -12.3953            -11.3045
-9.0749             1.73073            -8.40599
8.21835             11.2796             4.88619
-4.80313              4.9302            -2.29147
-4.01527             8.12826             5.48655
2.22217            -2.88431            -3.08158
7.49559            -11.0226             12.5964
10.836            -9.30046            -2.64648
-10.9053             6.51914              11.294
-7.10667            -8.58642            -11.6842
4.44403             2.03818              9.3243
-3.78665             8.43805             9.41352
5.21992            -3.72975            -4.02787
-3.94648             11.0537            0.133707
5.82674           0.0536411            -9.15185
-7.716            -5.00347            -3.33743
9.72168             3.51048            -8.06116
-9.12423            -3.64021             9.60235
3.98842            -5.02002             8.87003
-10.8037             1.59034              5.2295
-0.972398             11.9151            -6.03706
-3.06468             9.40998            -3.88559
8.89804            -1.93475             -9.6674
9.80136             2.87983             6.94049
5.11109             7.92438            -5.30365
4.45786            -9.37582             4.13148
9.62924            -3.32167            -11.1949
11.7297             6.25759             9.07305
-2.56167             2.35826             11.7068
-10.9928            -3.07432             9.58962
-8.74265               -6.42            -14.0462
-8.60469             1.37525            -11.4919
-2.16898             11.6486             10.2923
-1.22967            -1.53879          -0.0826643
-11.1398            -3.63036            -7.75964
-7.71701            -9.38447             6.81362
10.0644             7.40132             -10.182
-8.84082            -8.31229             6.58697
10.7195           -0.263522          -0.0892926
9.35141             6.52297              4.1797
9.62154             9.45229             3.52175
7.7555             5.02471            -6.22553
-9.41938            -4.89467            -4.23081
-8.25559             -5.3866            -9.45171
6.81344            -9.36937             11.8209
-12.4144            -7.14702             7.60447
12.3383            -10.5464              0.9643
-8.90334            -6.65378            -10.9213
-3.39409             8.05665            -2.02065
11.8331             2.56697            -1.81088
1.16204             11.2887             9.21492
-4.90918             9.61674             3.65871
9.20444            -13.0132            -11.0227
-3.05766             8.63222            -6.26102
2.04375             9.00278             10.8976
1.71463            -4.84396             4.96141
4.8756            -4.84506            0.362445
9.27988             3.07391            -11.8643
-2.82034            -4.51398             9.22135
-0.553665            -5.12734             10.3425
13.0838            -5.56817             -11.895
-11.4343            -5.17412              -10.39
-4.73521            -11.1089            -7.88479
-11.1511             4.54363            -5.53778
-0.670923             -10.114             1.57636
7.53699             12.7479             9.52142
-11.5434            -8.34901           -0.832646
2.22021             9.48557            -6.11934
0.554727             1.90221             9.68169
-5.99814            -10.5881             10.3883
0.569333            0.345282             4.34709
10.0309            -2.45273             10.8835
8.50254             3.27522             6.75292
1.74563            -1.97627            -4.80073
7.62555          -0.0958127            -2.33039
-9.01597            -8.28218            -5.26753
0.969791           -0.895934            -10.7111
-8.49494            -4.96931              6.8817
-11.0155            -6.15848            -11.9095
-0.328573             6.93798            -11.3037
-5.47788             5.55651             6.86151
12.1202             4.98936             4.51766
5.26137            -5.66153            -11.5123
-6.19461            -3.35144           -0.331724
-12.6773             1.07766              9.8729
5.50861            -10.3392             6.62242
10.6197            -9.97251             7.65491
-1.37563             4.33649             2.13674
5.0821            0.514071            -1.60777
8.87165             7.86461            -8.90556
6.42074             12.1429           -0.234754
-9.17781             7.29683           -0.160176
-4.21815             1.59027            -3.81342
6.24563            0.809588             4.08271
-9.15979            -10.4781              8.8584
4.26041            -5.43213             9.51145
-9.13192             6.51087             9.41367
12.2981            -2.81687             1.46926
-2.49831            -7.40167             10.7821
12.0898             2.75313             6.80519
-2.03774             9.98656             8.23629
3.49357            -5.87832            -4.49197
-0.323133             9.76952            -6.94573
9.54065             3.18626            -4.01662
-12.605            -9.72028            -3.80542
7.32956            -1.30775             4.62492
-6.42132            -3.78192            -5.26848
11.0792            -2.01474            -2.47625
9.31269            -8.27537             4.79056
7.76012             5.59698            -2.01263
11.9309             13.0431             11.4654
-0.207943            -11.9902             4.44202
0.811299            -8.21891           -0.974988
-9.7166            -2.07165             9.37049
5.6349            -2.02579             10.7588
6.23221           -0.690514             10.2044
-8.45133             3.37206            -6.98137
0.734722             3.76737            -5.62105
-2.55781             2.34551             8.19649
9.30335            -5.26637            -7.33515
4.45695              7.3087            -5.33601
-4.61057             3.28436            -8.78137
-7.80253             3.17188             5.45378
5.20228             3.06915            -2.24172
-10.081           -0.584304             1.81909
-1.89922             6.42414             3.73582
-9.25188             5.42093             10.2362
-10.9061            -14.0954             10.3868
-6.14893             0.48806            -0.29328
-1.13522             11.8228                2.44
5.83001            -4.46297             5.63435
-2.17727            -5.56892            -6.32474
0.94903             4.26624             7.33237
-11.7052            -10.0225             2.41403
11.2846            -10.6532            -3.58143
11.4635             3.12264             9.26504
3.26314             12.4234             3.74597
10.5266             9.80617            -8.01073
9.31871            -4.57116             10.6854
-9.4683              4.3763             4.91277
1.79384            -8.18417            -1.96605
-5.23638            -12.2935             9.47855
-8.81752            -10.7877            -9.05361
6.16034            0.683732            -4.67828
3.01131            -3.74182             8.71153
-2.53482             5.75946             4.03111
-4.52492             12.3876            -6.98568
6.91374             5.88069            -7.65849
7.47811            0.547152             11.0225
0.794265             3.74459             2.82862
0.175118             4.71626             5.78064
8.52993            -4.65728             10.4051
-0.410661             3.38419             8.49704
9.29444            0.254666           -0.502511
0.00722555             4.51273            -10.7959
-8.21038             5.97086             1.88884
2.38264             5.78298            0.826023
5.04921             4.65679            -4.49382
-2.14235             1.39049            -8.32897
-2.74153            -4.99493            0.975716
5.4378            -10.8088            -7.36245
-6.08656            -11.3509             7.41335
8.96856             -6.5212            -1.81157
11.0309           -0.560557             -9.1809
5.51877            -6.00001             2.39886
10.2102            0.478343             4.39174
-11.4361             -2.3765             8.14061
-5.7467            -10.9699             -4.0819
11.5545             8.80606            -9.08483
-6.62461            -11.9222               10.21
-7.10831             7.61171            -10.7971
8.41019             2.21831            -10.0993
-7.09725             10.7767             7.54557
-2.9177            -1.14929            -8.24789
-12.0751            -7.29705            -1.44553
-3.52874             9.11971            -10.1995
-3.12275             3.14385             4.40021
10.3169             1.59292           -0.630844
11.2331            -1.81645             7.15411
-9.4651            -4.72409             6.54755
3.97991            -10.2047            -12.9487
2.27715            -1.61431            -10.6723
-4.24589             1.63003             6.15981
7.61315            -9.02648             10.7164
-10.2526            -1.73088           -0.290548
-5.38658            -5.17203             2.95514
11.4411            -2.15059            -10.9798
-3.92816              2.8521             11.0089
-9.2179             -2.1706             12.8334
-6.49381             8.08896             -9.9307
9.17847           -0.897376            -7.38238
8.59404            -8.09808             3.36049
-2.18346             5.95143             1.14862
-9.24211            -1.33195            -5.45439
0.876989             11.0482              8.6726
-7.36288             -11.973            -6.84401
2.23154             8.46581             12.4873
-7.87773             12.5222            -5.77501
7.12398             2.01888             5.61946
-11.9368             2.53229            -6.70707
-8.01657             11.1063              5.4559
-4.87078            -9.31851            -8.01831
-9.35293            -5.05942             -8.8509
-5.28267            -6.58041             6.68636
6.14828            -5.56511            -5.84673
3.80554             1.27476             3.03041
4.49895             5.08501              3.9776
-12.3766            -8.37019             12.5704
12.7268            -2.05514             -2.4593
-6.22625             1.93854            -10.0517
3.2411            -11.1011             10.8027
-8.91368            -3.90973             7.81451
-11.7297            -7.39337            0.812587
9.07983             4.41677             1.55891
5.97365            -4.08319             2.63975
0.145893             1.10232             2.14188
-8.41938            -8.88903            -11.3761
3.3444             10.0979             2.45861
-5.68217             4.17121            -9.06133
-6.94598             9.88608            -6.35467
8.20232             7.59106            -3.88053
1.56235            -2.66657            -10.6309
2.98835             2.48058            -2.72021
-7.77444              6.9095             6.00658
6.55526             9.69007             7.31648
-6.84043            -7.07705             -10.909
-5.75532             6.11353            -7.15326
8.97681           -0.451303             2.59963
-6.96638            -5.82123             6.90972
-5.11285             2.65899             1.70997
-3.4574            0.904606            -10.0873
3.494             3.08116             7.93798
1.20087            -5.43075             7.71195
-0.645029            -10.4636           -0.892565
-5.56774            -13.5539             6.43371
-10.005             1.75909             1.50372
2.4252             8.54816             8.95588
4.88788             9.62214            -13.3125
-12.4433            -11.8307            -8.65906
10.5967             8.13068             5.38773
-6.98249            -3.12288             -4.0901
-3.56095            -2.31274               3.851
-6.90075             2.99147             2.94082
8.09577             5.41923             9.94995
3.84388             4.52899           -0.704762
-6.55097             1.12246            -10.0139
8.65332           -0.985055             7.33941
10.024            -10.2081             -2.2166
-12.3685             4.16355            -11.1476
-6.69116             5.84998             6.97325
0.890634           0.0763835            -2.75451
-11.3217            -1.08448             8.88603
-2.48841            -2.08613            -7.82643
-6.01868             7.23829             3.03344
-5.06195             6.32867            -8.72064
11.3819             11.5881             3.23693
2.21252             0.71396           -0.314798
-9.55262            -7.48981            -11.8833
4.71197            -5.54875            -4.77797
10.7089             2.99381            -7.25771
0.561931             2.37041             2.97926
7.56898            -1.06856            -5.33595
8.38737             7.79967            -10.0158
8.66517            0.873111            -11.5759
-11.1558             13.2323             10.5382
10.4449            -6.60452             4.96954
-7.49629              11.079              11.775
-7.19116             9.30427             2.50154
8.32647            -9.69967            -6.95516
10.4089             3.87811            -4.57638
-9.47579             6.88982            -11.9686
1.82715            -2.96603             -11.805
-7.97871             1.87119             6.80696
-6.1548             8.54225           -0.331635
-8.4006             4.00159            -1.29243
3.46824             10.5953            -7.03751
4.15016             -8.9623             2.07102
8.01677            -3.96929             3.74957
5.52253            -8.91542             10.6375
-8.59495              11.401            -5.06587
-11.3029             7.48639             4.41321
0.418783             1.05267            -1.58219
0.948872            -3.40548            -6.74648
10.7989             2.03814            -1.63902
8.81044            -11.5158            -4.90853
-7.36791             6.08529            0.864812
12.3827             1.64787             -7.5347
3.34783             3.61891             8.35456
-5.45108            -11.4518            0.770702
-7.6356            0.261676            0.569857
-4.30014             6.65191            -2.14929
-7.24382             -2.8832            -2.27568
-0.82805             6.49972             4.66184
7.10844           -0.303824            -7.03648
-0.728517             7.50721             8.77206
-6.86246             2.88859           -0.186937
-11.5431               6.742              7.1406
-9.52148           -0.726789             6.03993
5.69861            -3.42435            -5.87289
-10.3107            -0.72688            -1.14884
-1.03451             10.7311            -10.4318
0.207871           -0.615111            -7.98233
2.5287             11.1773             10.7231
8.12333               -3.16             2.51397
5.08488             7.35399             3.09962
8.30314             10.6547             7.73218
7.69318              9.3112             4.73509
-7.19666            -9.86698             10.1551
-5.23416            -2.70147            -4.61263
-2.35602             6.12203            -2.40271
-1.08216              7.5025             2.77729
2.669             4.29701              10.646
-6.07688            -7.07403             8.13759
5.37571            -4.37865             1.91106
6.96051             10.3456           -0.761463
-9.16248             4.59124           0.0709292
1.56059             8.03831            -7.72448
-6.32983              5.9277             7.16784
13.331             9.09096            -7.24693
5.08484            -11.1713             8.56896
6.27968            -11.3964             8.96489
-5.2155            -1.38694             10.6906
0.0778515             -7.1905            -5.30253
-0.771602             3.93459             -13.396
7.81075             3.50429             12.3146
-4.73415            -11.5988            -3.81798
-0.433226            -1.08766            -5.62066
10.322             1.81919           -0.316762
-4.05012            -6.75518             5.55117
8.47928             -2.4347            -10.7733
5.54454             3.93754             2.47354
-10.1664             6.01889             10.2174
7.67459            0.483206             -5.6459
4.70577            -1.22128             4.87112
-4.91403            -5.72073            -6.84997
12.2579             5.76592             5.48722
-3.2778            -1.42577            0.412677
8.5924            -6.58272            -7.58044
-7.57833            -4.41064            -1.32687
3.24847            -5.62697           -0.238231
6.57975             -8.2497             9.77164
-0.476464             10.7671             7.76826
7.12137              5.1193             -4.6464
7.44523            -11.5803            -11.1224
3.38233            -5.74096              -8.537
1.19211            -8.69547             1.10742
11.7873             11.1464            -9.46842
1.4048             1.09852            -2.93961
-3.7126             4.68658           -0.431209
-3.61487            -7.95334           -0.396682
4.33404             9.77658             2.50561
-5.89258            -3.65634             3.91175
-2.50325            -5.70421             8.85869
4.09111            0.354473              7.1235
-4.55158             3.36795            -11.1238
3.2267            -7.45254             2.60452
11.187           -0.783187            -9.78492
-6.81234             5.73299             4.66707
11.4026            -8.65167             11.3147
-4.8208            -3.17923             -10.385
-6.83614            -10.3487             7.93907
-8.03385             7.51564            -12.4762
-3.34685             6.83435             0.99022
-5.86377             3.76966             8.33556
13.0179             -3.1664             5.88233
-0.685531              9.3838             -8.7124
10.4729              11.552             2.64973
-13.0006            -3.64534            -2.33892
10.3029             6.54816            -1.05911
11.3807              7.0075             4.96265
-0.478515            -6.18794             9.74144
-9.19901            -10.6675             4.97658
9.09254             8.03599            -3.09865
6.81123            -9.06393               5.325
3.80631             2.69723            -6.31492
0.99801            -1.51666             7.70445
5.19976            -6.56661             10.4861
4.26241            -11.2419            -10.5012
-2.53567             7.86563            -10.4627
-6.82991            -2.75732            -3.92294
11.0109            -4.68488            -11.6085
-1.48638            -10.3044            -6.95788
8.17524             10.6972            0.723747
-11.0183             9.41422            -2.65776
11.0575             3.12634            -9.05206
-9.12124            -4.31706            -1.80174
9.84715             10.1115           -0.178012
-9.22915             8.00118            -1.38188
5.86087             7.26571            -12.1972
-5.32197            -12.2017            -10.6666
2.66363            -11.5438              10.085
-3.63717          -0.0101273            -3.53912
7.53095            -8.80964             7.48894
-3.14246            -6.73853             1.04293
-0.910222            -1.91893            0.771904
-5.25232            -7.74466             2.50319
10.2809             3.16143             -10.014
8.06255            -10.6961            -8.36693
-2.40115             7.06889             9.84867
3.12563            -5.70399               4.298
5.9027             -3.9035             0.56954
5.48796            -8.21629             4.43924
7.32203            -11.9052            -8.69335
-5.27596             6.28803             5.40699
9.58417             -11.238            -1.50253
-1.64351             1.81771             9.39925
7.03251             10.7963             -11.854
1.26134             4.38448            -5.55909
7.50187           -0.904498             11.1065
-7.2415            -10.5468            -7.69988
11.2405             7.73143             -3.2095
5.5537             5.02436            -13.7181
-1.26416             -10.924            -6.64947
-5.87247             7.02634           -0.332774
7.547             4.97989             3.25108
-12.0219             9.99089             11.7926
-11.1867             9.42907             10.5755
2.66517            -9.22158             3.31007
-3.82378            -12.4587             8.62305
-1.51231             12.8065            -1.09831
-6.5776            -2.51861            -5.42838
8.56227             -2.6965             2.90859
-12.0325            -4.72392            -5.56416
-9.04534            -11.0406             6.92837
-6.74596              1.7233            -2.43487
9.89882             4.06225             1.69605
8.97971            -3.86469             5.58358
10.5086            -10.1678             4.20757
-2.83487             1.93349            -4.75306
4.63591             4.43106            -9.17963
2.19863             2.83144             14.2264
6.00148             1.97932            -3.02599
-1.99747            -13.1848            -9.23996
-3.6908             6.23869            -11.6923
10.0355             8.75034              1.6613
-5.34209            -3.10957            -4.87025
11.8633            -10.7939            -2.06539
-6.16193             0.68425            -11.0421
6.21418             7.34106             9.44024
2.069             2.15448             5.14759
12.6208             8.71913             6.71724
-7.72655              2.5203               8.501
10.579             5.90471             9.49533
5.03994             5.51331             -12.697
3.30572             8.02049            -4.19166
0.714029             9.14141             1.18274
-1.46847             -9.6584            -3.49391
-11.5752             12.6394             11.6398
-4.74546             2.81178             10.2802
10.7935             -8.2606            -9.50207
6.79972             4.39092            -7.67723
-6.87899             1.54541            -6.23892
-7.71801             6.98593            -10.3724
8.53898            -1.27999            -4.72651
-3.6862            -1.45998             8.92221
-1.1945             2.53599            -10.7868
-7.07228            -9.43458            -2.46248
11.2736             -3.9477             11.7562
7.85519            -7.45897            0.696786
9.25618            -12.3253             10.2453
6.28592           -0.633727           -0.817367
2.3241            -2.10718             8.61122
9.03312             8.77192            -5.82474
0.112989            -2.79595             6.85182
9.37001            -10.5975           -0.832377
-2.5279             13.4435            -3.10665
8.71768             3.35921            -7.63094
1.7435             1.52597             2.18135
-2.76525             4.60078            -9.38213
0.340977             1.50329             4.59744
-9.44569            -4.42637             6.45661
-7.85488             5.43802            -12.5289
-2.17335            0.878289            0.624221
-6.1199            -13.2264             9.04278
-7.21549             4.37674               4.889
-0.925391            -6.58062             8.90853
2.57123            0.329439            -11.7289
5.27509             -10.512             -2.4933
6.93165            -12.6323             4.61501
12.0806             4.22206              9.6172
3.04036             2.07995             2.16733
1.3723            0.298019            -10.0612
2.54456            -10.0142              7.9227
10.2549            -3.19716            -8.16036
7.7662             5.43777             5.59286
-7.63502             2.27312             11.1043
10.058             5.19226            -5.44382
8.12027            -4.55075            -11.1528
-1.85217          -0.0436585            -5.48211
4.03066             10.4661              11.203
-11.1302            -5.50505             3.94417
4.58026            -1.57526            -1.98653
3.05439             2.66321             1.18975
0.356326            -1.44938             7.02833
-0.0569936            -6.61328           -0.531894
12.3324             8.76539            0.141282
-5.19964             7.01811             10.0971
-9.88806            -4.84162            -7.64951
2.84092            -11.4371            -7.61182
5.9138             7.01784            -10.2416
10.6063             6.12196              1.8389
1.42183              4.7289            0.157448
12.2515             3.12889              6.4868
2.83739             -10.195              5.5481
-6.32987             9.27316            -8.79336
-2.53769             8.32778            -9.99014
4.01421             2.56735             10.4768
-0.930338            -11.0936             6.00221
1.59475             1.00797            -10.3833
-10.946            0.622964            -5.55579
-6.6776            0.206682              4.7923
6.3155             7.34471             1.87798
6.43326             9.40979            -11.4393
3.82917             -3.8976             5.57551
8.35371            -9.40842             7.06827
-5.23992             2.56724            -9.84868
-1.4425             1.27467           -0.751215
2.56226             7.99736            -2.13014
6.86357             3.09142             12.6209
-9.18148            -6.76683            -2.37545
-8.44025             6.81881            -2.04211
-2.64015             6.23746            -8.36969
3.43908             5.24483            -7.10129
-10.0441             7.52757            -4.97597
-12.8375            -1.44269             9.84263
-10.7753            -6.73925            -9.93937
2.80085             7.04241            -2.64083
1.77723            -5.04204              -7.752
-5.83043            -2.28404             5.66198
8.79224            -1.72095              7.3935
-7.63486             -3.4116            -1.12497
-10.1357             9.47656             10.8587
9.16666            -5.71896            -4.03026
11.3691            -7.96058            -1.16683
8.50589             2.99534             4.07969
-6.90051            -4.30303            -3.08316
7.33402            -9.27895             5.94452
-11.7924             5.78125            -9.56584
-9.35943            -4.66545            -4.89774
-6.52043             1.66374             6.10449
5.54752             7.42641            -1.29472
-4.75323            -10.4027             8.98149
-0.763832             3.84688             5.81159
-2.21994            -10.1114            -5.45664
11.8868            0.310703             10.4705
0.610248            -8.05034            -8.88296
-1.45095           -0.566324             7.66676
-10.3755             6.55593            -9.05497
-3.78686            -7.32198             6.09324
3.23867             -6.0115             12.2464
-5.53965             9.08959             -11.334
4.85725            -6.14996             4.59908
-9.42731           -0.231868            -9.31197
-4.83618            -8.07618             12.2574
2.21369            -10.0802            -4.67661
-7.87992            -3.98244          -0.0918169
-11.5776             4.04101            -5.98926
12.7355             2.67462             12.1776
-0.329517             6.75215            -2.43734
0.724234            -7.43268             4.01941
-12.7679             7.25631            -11.4147
0.0264489             4.91983             8.78322
1.32693            -10.5465            -5.51411
2.93435            -0.88151             9.90998
3.39844             6.57918             -10.142
11.5037             4.07091            -1.22249
-0.931496             7.88518             -10.272
2.94303             4.60556             8.66238
0.7326             13.4445            -7.58062
-6.5046            -2.29754             4.50425
6.90545             0.37858            -9.87629
-8.82861             2.71529             2.74265
7.6172             -5.5045            -9.99991
9.97873             6.73773            -10.7425
-10.2626             -3.9743             5.16069
-3.34205            -9.01782             -9.7315
-4.17201            -10.2505             5.21507
-12.2178            -5.20958             5.87026
14.2476            -5.45095             6.70822
-4.11311            -9.67813            -5.23883
-8.9135            -5.85294             8.26804
0.522519            -7.88893            -12.3987
1.07882             2.34292             3.78238
-2.71155             1.56966             3.99937
-5.0183            -8.29356              6.7874
7.05208             12.0736            -11.8921
-6.75544             2.90585             8.29493
-6.0683            -11.4292             1.88503
-4.43325             -1.5601             0.55471
2.96557              6.9314           -0.700686
4.69399            -2.71246             8.75035
5.30041             11.0762            -9.28321
6.68337             4.59703           -0.863175
7.63993            -7.72638            -2.99814
-3.81004            -10.0539            -6.14502
9.99321             7.02572            -5.27649
-9.94006              5.1957             4.05877
-5.18286            -8.28258            -5.26379
-0.0636932            -12.6396             10.3441
3.63507            -1.10594             6.71807
10.7032             2.20815             1.08772
-8.19963           -0.881312            -5.81103
9.93307             8.74428             2.28103
10.8898            -6.43109            -10.3201
-6.16136             8.39475            -2.34339
0.242203             3.43693             4.66051
-8.46559             4.38612             1.99662
0.0466125            -2.38941             3.77742
-0.695495             7.58968             6.91161
-2.69936             10.0922             8.74876
7.59737            -7.11595             8.31005
8.74708            -1.44568             8.07948
-9.42396             12.9551             8.26019
-3.47125             1.86076             1.34688
8.50059            -6.85976              2.0461
8.8098            -3.57766             8.08618
-6.74666             8.52511             3.00442
3.60358             4.36955           -0.667146
-4.6898            0.111096            -6.37599
-3.37195            -5.91099             6.56089
5.13305             8.34212            0.308618
10.6341             10.0191             11.1903
-10.6455            -4.38393             9.73876
3.11487            -2.39086            -4.77253
8.0122            -10.3442            -2.25416
10.5489            -11.3381            -6.80902
-11.4615             3.69794            -11.2777
9.90544              9.5048            -4.91688
-2.50256            -3.43019            -6.44793
8.4501             7.36812             4.49866
3.59128             10.8014             11.8882
5.88462             4.25239             9.99661
9.18006            0.466378            -13.4609
-10.6435             6.09502             -12.058
-4.47097             -5.2725             5.51733
2.98363            -8.92328             7.80533
10.3339            -1.47496            -5.31065
-8.67647             2.62006             11.2553
9.68443             4.70696            -4.98795
11.6481            -4.46626              3.6342
-2.26629            -10.5955            -5.60203
7.87963             10.5923            0.170959
-4.53526            -9.95744            -6.57251
8.6632             2.36502             10.5324
-5.39646             10.0175             10.4663
-9.18336             9.09178             3.93434
-9.74154             4.67398            -10.6266
4.2332            -1.34648            -11.9505
-10.1079            -8.10953            -7.98554
-0.595038            -4.67594             2.31195
-0.523258            -1.93227             3.26465
-9.53456            -5.45465           -0.275476
2.32299             -4.1764             8.67911
12.082            -5.04333             -3.6955
-7.41661            -12.3683             6.87189
6.49988             9.85551            -7.32499
-6.04669            -5.35118            -8.63029
-2.8272            -5.19654            -5.23262
-4.49779              4.8263            -1.75967
-7.21976             10.7363            -1.17657
0.359239              6.3832            -2.63327
3.26589            -4.47732            -2.86219
5.66985            -10.8819             6.41612
5.10468             3.93009            -3.24154
5.47926              9.9936             3.67346
10.2818            -1.10586             -4.0158
6.71669             4.77139            -2.46326
2.96444             10.1212            -7.18356
11.8032           -0.501421             5.65578
0.0267794             10.5293           -0.618414
-0.804703            -11.9438            -7.96109
-0.0443756             6.44016           -0.614953
10.4386            -7.57147            -10.1956
-8.83853            -4.78642             8.74094
2.27973            -2.98522              11.343
-5.14221            -9.51478             9.84673
-0.161459             8.82687               5.708
-0.337047             8.25929             4.02819
5.95178             5.36664             -5.0501
-11.1938             5.78829            0.567234
5.85729            -11.3426              6.5608
11.8836             6.76694            -9.97408
3.20036            -8.64749             -6.3317
12.583            -5.23578            -9.44584
5.25996             10.0632             12.3817
-10.4641             1.93408            -8.52693
0.581421            -11.8462             3.42433
-1.53798            -5.13804            0.023553
-0.419147            -4.68083             1.41435
-9.08317              6.9774            -5.17176
1.87634            -13.4378             9.41306
8.65422            -9.12451             2.80503
0.63506             4.19129             4.01238
5.93685            -8.61699            -5.19541
-0.238795             13.8869             4.23001
-9.96658            -0.20715             4.29172
-11.4997            -7.31761            -12.2873
6.77787             -3.7502              11.666
8.77547              4.2963            -1.70089
-12.3636            -8.49191             3.51692
0.221492              9.4791              -8.195
10.6177            -7.58556            -11.8441
-1.35617            -9.20749            -5.74909
5.84346            -6.75859            -9.19527
-7.19303            -9.01159            -1.75194
3.16044             8.83042             2.56074
-11.9052              1.6668             4.50302
9.54956             5.77361            -9.54424
7.33558            -6.22851             6.50858
-9.36396             4.75177              1.7902
-2.8695             8.14419             3.31399
-7.02806            -7.09045            -9.12303
11.0709             -6.4431             -2.3779
-6.13981             6.68898              -9.497
-4.70018             11.9027             4.56223
4.32132            -1.33167            -5.76805
-4.74157             5.85135            -13.0101
-8.17991             7.34808             7.73326
1.16033            -1.38324            -10.3387
-8.36566              7.1276             -3.9078
-8.66883            -1.32458             9.73827
-7.52119            -8.99565            0.295665
-11.2287             7.58621            -7.83259
2.95055            0.508096            -4.36374
-8.06441             2.28744             9.69706
2.50898             1.98071             6.34027
-1.58125            -8.86995            -3.74617
-2.09245            -7.34555             8.09665
-2.43939            -10.7752           -0.101338
-3.01681            -10.5575             9.97905
5.96334            -8.24622             7.79421
6.00845            -2.23615            -1.31431
10.2387            -4.02354             7.63508
-4.91925            -1.83882             -4.2625
-6.19961            -8.86625             6.07776
-7.00841             9.17492              12.509
3.79837           -0.656689            -1.69928
-5.44226             3.09734              2.1525
-2.71812            -3.67683            -4.05422
8.65867             11.1455             5.54718
9.81158            -9.00612             4.79139
-9.88648             8.48053            -1.65029
-6.0379             11.5797             6.83951
-10.5171            0.521778            0.968143
-3.7874              6.4864              -8.206
8.22275             6.93464             4.05842
-11.3648            -11.6191             5.14095
12.6845             8.61249            -3.74526
-5.82583            -2.07177             4.05982
-8.48249             7.91767             11.2666
-3.51053             4.51366            -12.5384
-4.80844            -10.1229             8.88435
0.770397             2.86676             -6.6785
-7.30633              -4.821            -7.87031
3.31645           -0.623504            -2.86501
5.64923             10.3589            -9.62142
-4.77708            -3.57714             11.1016
-5.01545             2.32717            -2.15922
9.16989            -6.74329            -10.9132
0.169002            -1.68174            -11.1591
-5.5917            -11.1523             5.16124
7.92159             11.2581             5.77027
3.70712            -3.61787              -3.936
-1.63647             4.93965             8.75257
3.19459             -6.8913            -10.7355
0.819006             11.2896            -4.98869
-7.02334              10.077            -8.83282
2.38033            -8.36908             10.2659
7.62068            -8.45348            -10.5234
5.58062            -11.5847            -1.32128
11.9316             10.6775             3.19054
10.0808             11.3883              6.9577
-6.55472              10.731             11.8022
-11.0254              1.9788            -6.31527
-2.17466             6.56248            0.590254
-2.7448              2.0351             7.33933
-10.2419             4.19537             -6.1954
-9.25999            -4.46228            -3.97858
-5.20304            -9.35751            -3.56375
0.90376            -10.1929             1.49437
-6.64005            -2.70862            -4.35148
2.85863            -11.3366             -3.5035
2.34026             8.86621             9.33831
7.98731            -6.95946            -2.95798
-4.26738            -3.65976             4.82647
7.67295             6.71487           -0.616388
-7.14643              9.2541             -11.546
8.4051             1.98404            -10.3637
-0.0735845             2.34064            -8.68214
9.83061            -7.83216            -5.23195
2.91816            -7.11484            -2.09169
-1.53612              8.6028            -9.39275
-1.81338            -7.24254             -5.3534
-6.02212           -0.157773             1.80202
-3.24287            -6.95162             4.11894
-8.08775             4.65531            -5.93001
-8.09617             4.56339             3.21695
7.8568            -9.72683            -7.32316
-8.59698             4.39583             -7.8521
-3.76853            -9.71624            -8.67532
-3.46475             3.37171             7.16946
-7.51378            -2.74262             -9.5519
2.81935             -8.0889            -7.67315
-10.374            -4.58341            -8.09381
7.11123            -8.27029             7.47263
11.2115            -6.49477             3.72883
-9.89384             2.66342             -1.8971
11.6229             9.63776             7.90328
9.60267            -9.37943             12.2066
3.79241             8.99357             11.7012
6.912             12.9171              6.1687
3.36306            -10.3979            0.522247
-0.0468342            -2.65874            -1.52208
-6.89993             7.65995             3.76201
-6.45605             6.47545             7.19028
-10.5994             9.98414            -5.24808
1.00291             1.36568            -6.59681
0.172672              3.7008            -4.39856
-3.16772            -11.0822             6.16581
5.56278            -4.30109            -4.39494
-2.911             4.65911            -2.27411
-2.79398            -7.30972             -1.3692
-4.901             8.26909             4.56462
-6.83547             -1.2505             7.66272
6.25054             6.17883            -8.47219
-6.55422            -9.85702             3.86013
4.64265            -2.48727             2.58749
-10.4067            -4.73042            -1.60628
-10.4962             7.37021             -1.6571
8.93114            -11.6184             8.13968
-2.76764            -8.83529             4.64043
3.66764            -4.06142           -0.176021
9.27867             8.26021             11.2351
-1.30967             9.22324            -9.88378
10.6849             9.89083             5.86562
8.93768             7.59805            -8.20624
-7.98576             10.9967              2.4526
-6.43144             3.90811             -4.9038
-10.6518            -2.36701            -1.29175
11.8756             9.63138             7.98815
8.24568             3.31658            -1.53933
10.1079            -8.68513            -6.52276
-6.98453            -5.26465            -9.11408
-8.15353             -1.0845            -5.02778
-8.77731            -11.0342             4.66253
-12.4551             -11.107             12.8192
10.3003             4.23874            -5.78319
2.36315            -3.30137            -9.86759
-3.19892            -11.3712            -9.32981
-10.4758             4.72002             11.7868
1.55775             9.76094            -9.01089
10.0548             8.31684             11.7978
-9.51447            0.403785            -5.68051
1.11138            -1.89856            -4.38876
7.70736             6.00972            -1.99078
10.6434            -4.82963             5.25505
8.35602             -5.7873             4.03748
-1.14236           -0.397744            -4.69452
-8.42793             3.02767           -0.110452
-7.62811           -0.700044            -11.1088
-1.52455            0.604556            -12.1299
10.4005           -0.616403            -8.93439
11.0547             9.00167             11.2748
8.03209            -3.16816               6.856
1.15856             7.49987           -0.519416
3.78102            -9.75645             4.09682
7.17627            -1.54733             2.21488
4.78317             6.15311            0.661709
1.8523            -7.92045            -7.61504
-9.70961             3.12496            -6.83137
-11.1944             12.6144             10.9516
7.62722            -4.18849             11.8741
-10.8455            -2.97024            -9.53338
-3.46634             7.89257            -10.2139
3.87747            -11.1706             1.32823
2.59296             13.2385            -11.6843
5.72251             3.75131             12.1144
0.765356            -9.71154              8.5144
-0.224399             6.48596             6.29461
9.82005             5.69435             2.06181
0.0384187            -3.12624             2.70633
-9.99709             3.47447             4.47221
-2.17772             8.80855            -7.90027
0.335382            -1.28454            -5.04662
12.0076             4.06283            -7.25717
-11.7307             6.91742             1.57201
10.4881            -3.02887             8.17886
-4.25852             12.3907             6.55383
-9.05261             5.21638             10.1033
-6.49139            -3.13528            -7.59064
-5.98244              8.9912            -7.75785
6.79977             10.0789           -0.465474
7.91132             1.74198             -2.6871
-5.31525            -5.30491             -1.2109
-9.22333             10.2338             4.09323
1.23681            -1.95647            -3.20091
-0.451119            -10.3101            0.604028
2.74658            -11.5059            -2.09121
-5.293            -13.1915             -4.9075
-6.57419              8.9366             7.81869
-9.63586             1.03209             9.34172
-5.68247             2.55374             8.39975
1.28896             10.5388             1.66871
4.29443             8.66998            0.437366
9.60898             10.3337               8.393
6.97755            -5.59608             6.04967
6.57926            -6.29716            0.992315
2.77658             -9.8266           -0.260049
4.73965              8.4046             4.44144
11.2996             9.32838              7.2908
-8.88445            -4.28605             3.70715
-2.2157             9.91763             3.91112
-1.61089            -8.85071            -10.0755
-7.92878               10.24             3.71601
2.64691             -12.492             3.95661
5.96131              9.1337             8.23077
6.47226            0.769634             5.62368
6.98313             4.62312           -0.108617
-3.09384             -12.643             4.70089
5.85677             -3.7515            -4.44026
-9.67889            -6.09571            -8.92331
2.60792            0.148291              3.2561
5.17906            -8.51358            -4.35854
-4.86257             7.27996             11.1566
13.4003             1.73201            -11.9786
-6.93418             3.45515             -3.9773
-0.692498            -6.67099             2.44164
-0.566051             2.60428             3.81335
-7.08753             8.41293            -11.0302
-7.11856            -1.56944             8.15884
9.33649            -1.02566            -7.06962
10.876            -7.06215             4.30537
-5.88812             5.73119            -9.04513
8.35319             7.13064             8.15862
-0.292598             5.01123            0.760627
7.6324            -8.56371             6.76069
-4.46003            -13.6319             4.24569
8.06072            -10.1518            -3.41539
9.09509              2.9822            -10.3656
7.09815            0.948428             10.2245
-9.80328             8.41693             8.32567
-3.03827             11.8561            0.783695
-8.52213             1.45349            -2.94388
3.12141            -9.31566            -2.27439
-2.75345            -5.82558             8.58608
3.72379             7.48683             2.48591
0.398096             9.10674             9.24295
0.998925              5.9365            -4.06013
-2.60747             8.60648           -0.215942
-7.29209             5.48998             7.82059
0.674583            -2.03067             4.09015
11.1255             -8.6974            -12.2549
-5.3276             5.78052            -9.19772
-11.2405            0.680827            -7.72482
-6.99536            -6.36413            -7.99746
-6.9906            -4.44197             10.2443
3.4279             10.6995              12.702
-7.59809             -7.5904            -3.27962
-8.81279            -8.09146            -7.18415
-11.0386             2.08136            -7.15289
-11.7101            -2.30339              5.2305
-3.31951            -8.65194            -7.86203
-5.13547            -10.3675             1.81982
-0.706255             3.50195             2.23055
-9.35032             -4.0163            -2.01255
-3.23878             3.25065            -8.39381
3.89418             6.80194            -9.90606
2.28705             6.02977             2.05489
-10.0054              5.9766            -10.0667
-8.87065             -3.6004           -0.801941
-6.59684             11.8543             2.94297
1.77326            -2.42262             6.16582
-3.91588             7.61304            -7.94312
-5.65627             10.9697              11.133
10.4982             2.72764             4.09837
-8.63823            -3.56964             2.09235
8.42421            -6.42709             3.25252
-9.0435            -8.34926             7.98012
-4.32538            -11.2623             11.3082
10.2341             1.81597             2.65884
11.1192            -4.92139             10.4292
3.39528              1.1634             9.67068
8.92532             8.35241             7.70164
5.08655            -1.05145            -6.17762
1.71518             -3.9357             11.3741
-12.8542             3.79798            -8.52014
8.0205             13.3344            -10.9543
-12.5712            0.242016            -1.77058
4.66124            -5.61502             2.50867
5.33868             5.52294             1.27275
9.03821              10.114            -3.52836
1.4236            -1.67186             -1.5537
2.25853             4.71816             6.59967
-7.13899            -6.01983            -0.17168
2.25737             3.42448            0.600907
10.9359             4.44064              7.9503
-11.5824             9.71361             2.16106
0.492986            -1.49704            0.847436
-7.6943            -5.32667             12.2466
9.51598             -3.5783             1.19578
-2.18839             8.47676             10.4707
6.64109             10.6968           0.0350881
-8.97245           -0.636577            -4.47429
-7.02948            0.562662             3.43198
2.20946            -3.11949             8.71591
2.22821             1.24988            -6.76347
-1.84965             1.98528            0.317549
-3.50846             -10.965             3.47308
-10.0679            -10.6033             2.09708
-10.5688           -0.551812           0.0911695
0.177064            -4.44713             1.25701
-1.23246             12.8205            -4.77265
12.7942              10.905             3.83264
-3.4976            -2.63304             11.1413
0.655086           -0.631219             2.91454
9.42022            -2.43391             9.02748
7.67841            -10.3005              5.4528
-11.7092             7.23915             10.9117
9.50269             -7.4721            -2.15637
-9.60306             -11.469             3.43446
2.95117             3.37474            -3.33856
-2.03806            -9.36764              2.8509
2.42113             12.5001             5.53087
-11.9385             9.32963            -1.31235
-11.413            0.115877              2.1401
8.84792            -8.34573            -5.34634
-6.57888             10.3316          -0.0198573
9.80215            -12.0243             6.28019
-10.518             10.0746            -2.34013
-3.60887             4.22312            -11.1331
-1.03601             8.23738             3.29326
-8.51331            -10.6669             5.72458
8.2799            0.871038            -11.0481
-6.56641             2.60635             4.16402
-7.82561              6.9901            -3.89576
0.719105            -8.31058            -4.47433
10.1092             4.25052             12.4801
7.92355             2.13461            -3.13284
1.20099            0.500923            0.946754
-5.52154              -10.55            -11.8338
-10.9806             -13.129             13.4434
-5.26277             6.74515             10.0009
9.44847            0.752185            -11.3918
6.11654            -9.18594            -5.69655
0.149534            -4.44507             5.37219
-2.71115             3.26635            -4.46158
9.13398              9.8352             2.05378
4.89988             6.18417             11.1328
4.07803            -7.29203            -4.89545
1.58236            -3.35485            -2.10745
3.78796             5.17465            -4.04193
3.13963            -6.38426            -2.96209
11.3963             9.43692             3.10055
10.5319            -5.47492             4.83588
12.8461              7.8571             11.5668
-7.59483             1.16963              6.4704
-1.7723            -6.07903            -7.12228
-3.59139             2.47488             4.78107
2.49903            -6.87944            -7.23133
-11.5362            -10.2563            -3.76959
-4.94943             10.7736             12.3755
3.10342             3.18205             10.9643
1.65003             12.1016             -6.6072
8.47311             3.43241            -4.90746
-3.72473            -9.25725            -9.20838
-3.43127            -3.93393             4.06554
0.0170551             8.81421             5.34701
5.0352            -8.05859             4.99751
2.88579             2.51308            0.959923
-8.42379             4.78962             9.16098
0.999209            -6.74743             6.18832
-11.996            -2.74303             1.72572
4.83963             3.55198            -5.31031
-6.01625            -9.05616              -6.054
1.6504            0.416034            -4.33245
-10.2976             12.1428            0.311065
-9.27333            -1.94196              7.6624
10.5738             6.90619             5.64947
-6.52979             7.43086             12.1931
-2.66812             6.86966            -5.47712
-10.6174            -5.84219             7.02273
-7.59027            -2.33195             9.36128
8.31814             12.4959            -11.1174
-7.53863             1.86194             7.31735
-0.96442            0.929968            -9.83533
-3.34875            -2.03804            -10.4235
10.8695            -7.36236              12.166
-1.94853           -0.528211             13.1979
0.981892             1.85988            -4.58311
-9.65066             8.00696            -4.75335
4.462            -7.75918            -1.36109
-4.943            0.389971            -6.48488
-10.0817             3.58943             3.83139
6.30586             -4.6388             6.97933
5.37493            0.604812            -7.00718
6.26255            -1.79544             11.2288
-3.43485            -4.14159            -7.15411
-3.9561             13.5041            -5.39541
8.5688              2.4096            -1.11348
-10.2135             10.3112            -3.08238
12.4779            -3.97293             4.95114
7.55579            -8.24336            -9.50389
-3.03861            -9.64661             4.75523
4.5435           -0.177584             5.39512
-0.40926             -10.732            -9.78707
-1.07458           -0.201868             -6.2323
6.34961            -1.99545            -10.5399
-6.32471            -6.19977            -3.10401
5.35174            -1.57871             7.43709
-0.550274            -7.86928            -2.78866
2.23472             -1.7811            -8.77856
6.4796            -3.60453            -5.79894
-11.0717             3.23307            -6.79278
9.6335             4.56006            -9.15895
-10.7118            0.407274            -3.07185
2.70921            -9.67315            -4.15241
-6.28096            -12.7955             6.21219
-3.76552             9.21366            -6.98811
-6.34633             10.3293             10.8054
4.33191            0.610988             2.94355
-7.16905           0.0602047             4.92368
-4.64341            -7.66227             4.90531
5.20403             5.14757            -2.92428
3.58735             7.04061            -3.55228
8.12288             2.56007            -10.3952
-6.43473            0.332943             4.17322
-10.2745            -9.19187             1.84059
-0.98159             7.96235             5.34051
4.04304             7.18556             2.83257
9.80213            -3.67253            -7.17178
7.12803           -0.679205             4.91979
-1.05326           -0.832844            -8.53833
-0.152646             12.2769            -1.80442
-4.70447            -3.65825            -12.5886
-1.36681            -1.03866            -1.91103
-6.76725             8.81257            -4.70287
-3.83779             10.2939             1.31254
4.43697            -5.42207            -3.66549
6.59843             8.75914            -3.77496
9.54818             5.88525            -8.91935
9.54463             5.28752            -10.8533
1.09016            -2.13075            -1.23448
