Initial Velocity, Mean = 0, Std = 200
v_x,v_y,v_z
2.51239,-514.731,33.1233
-147.88,-84.9088,75.8787
142.329,-204.438,59.5906
-34.8361,-202.589,-117.437
15.6655,105.894,-364.813
-159.745,61.2214,-402.043
50.6434,151.884,-59.1635
-239.426,87.7749,145.714
28.1782,267.492,-74.6
-136.095,281.179,161.811
-299.053,-82.1804,-50.3184
-620.346,84.0843,249.697
-136.104,-110.231,-175.765
203.848,-140.755,106.047
-94.5824,27.9832,66.2303
247.353,59.4857,-105.692
-56.5684,-147.419,168.532
-384.835,-135.503,161.053
-120.211,174.899,228.129
75.7732,-78.3978,-164.804
-214.269,-45.9348,-85.391
112.819,-217.24,315.549
286.726,33.6257,-120.586
325.468,-212.311,259.975
259.006,-335.699,131.499
102.4,-520.199,-120.446
63.5899,-126.773,-100.968
-66.9651,-137.852,73.1969
41.921,20.051,-227.052
346.737,-397.987,169.501
165.29,207.956,-532.462
-245.672,-107.577,232.861
113.142,-140.897,-13.4473
-226.381,-452.877,-114.984
-491.364,-79.5943,10.2343
-116.025,-103.395,134.736
-210.97,-336.692,-127.364
-142.989,7.31725,442.409
92.7615,232.501,100.075
95.1207,17.4459,192.148
-329.379,-229.749,107.333
-438.126,53.9914,-237.904
-0.679528,132.696,55.5386
105.648,-81.3956,24.2807
-113.215,251.34,235.289
-115.613,293.556,-523.641
122.136,-35.7184,70.4569
251.038,47.3062,227.595
27.5558,118.591,180.111
-80.3113,-106.921,-50.9833
-100.315,351.336,89.8384
32.5441,92.6965,-32.0558
153.778,59.2413,173.008
-322.927,-136.035,222.445
311.159,-26.5152,-206.781
-365.529,206,152.052
-112.123,393.33,137.874
440.393,105.926,-239.841
304.949,-157.329,105.32
-277.864,-106.366,123.905
-68.5903,338.507,-125.428
134.511,-333.962,110.401
74.2458,180.617,-19.7738
-62.6331,44.1543,-193.86
311.772,145.013,433.016
369.654,403.761,138.986
-249.407,-214.09,-96.6952
232.349,-107.951,76.3552
134.597,84.2245,-124.67
-43.2997,125.072,216.462
16.4586,-72.3897,-216.512
-19.508,214.317,304.532
-274.584,39.8167,-10.1747
223.825,263.908,92.9889
-266.185,55.2558,32.4699
-48.503,151.586,-139.757
-65.2641,-219.019,-35.1591
248.543,2.52762,288.84
73.7998,13.9828,142.423
-232.432,73.5637,228.276
340.545,-6.95749,-250.775
58.7321,-28.6283,-142.012
64.4781,256.307,-61.5029
206.63,-168.14,-93.9204
-90.5781,-396.084,323.64
88.7642,-86.6619,-84.9748
546.305,-164.48,486.619
210.19,313.147,-86.3865
42.8884,137.436,-70.3645
-304.702,124.47,-46.6118
-114.289,39.581,76.6045
-55.2677,205.405,159.563
69.488,196.598,185.705
-221.416,239.963,-42.2919
-179.211,-519.545,80.912
73.4318,-385.514,-156.406
-10.7231,333.98,-175.628
-320.137,115.688,-261.758
-98.6217,275.662,-431.665
223.104,-189.149,-133.163
-320.803,127.99,453.811
139.176,-162.736,111.407
377.439,192.662,107.919
326.265,-50.3049,-152.381
-30.7019,-576.556,15.5105
30.6751,-409.362,-194.194
724.294,-275.155,-211.114
-72.2229,172.91,181.935
-85.7981,-186.196,-74.1399
120.042,-35.6149,-8.65613
398.838,337.375,-170.646
-186.625,-194.977,73.9114
-20.4902,630.506,70.7515
214.617,110.364,303.922
-327.951,120.951,89.8581
-100.466,390.223,265.907
257.131,96.624,354.935
355.355,-5.81791,-32.8427
159.274,303.285,-21.3799
207.393,-284.691,238.769
-91.3838,-120.034,-42.4922
1.77598,181.764,122.262
237.566,-134.283,201.64
138.992,151.896,264.68
-52.9521,-181.458,-305.3
-198.904,90.0453,257.474
147.117,120.613,166.952
96.7941,225.168,272.348
197.279,382.61,41.2329
-167.368,120.427,190.457
-222.263,194.998,-226.193
187.942,49.6865,-95.7855
-20.0893,-444.314,137.809
-202.562,272.701,490.488
-26.5413,-154.473,-137.018
-206.089,-40.9613,67.5745
-242.65,-19.0765,28.7937
-156.548,-154.173,-179.569
75.5956,-202.015,71.9186
-251.944,25.9829,457.206
-271.281,14.2239,-193.037
67.0931,-62.4215,-269.347
-20.891,-48.3192,23.5079
-202.996,34.9739,-97.4013
54.786,-143.906,-82.4448
148.633,192.679,-51.4986
-73.482,435.423,183.799
-55.3794,-29.3874,103.842
-37.8834,103.541,352.916
-17.7279,-10.3361,232.175
-461.948,218.064,132.543
-155.259,-129.442,17.024
-205.697,216.377,128.049
34.3836,-3.99872,-391.692
120.325,-273.278,154.8
102.199,-13.8608,227.009
-72.4847,389.841,-52.1056
-173.343,-39.7992,112.305
196.311,119.982,-154.616
138.805,-330.682,-183.269
-191.286,-200.562,-37.4303
-638.889,-23.494,-171.077
210.316,237.39,137.906
-427.693,-244.547,-352.705
42.2605,-123.407,-154.53
-135.623,-113.695,-51.8763
-129.394,-21.9277,-67.8688
-375.513,-163.749,-111.215
156.69,219.649,-322.249
-46.5842,-161.991,204.46
-101.499,-238.827,192.118
-183.112,246.726,-249.805
-88.498,-223.184,-59.2937
-141.917,29.8723,425.832
-203.791,147.236,75.4626
201.414,-273.993,213.616
64.4615,26.4239,-122.07
-281.46,134.01,-295.995
126.172,214.646,180.572
-193.126,-78.5533,99.4419
-103.651,-224.452,176.734
-37.0511,-49.7149,191.744
169.064,-45.3107,-326.384
192.147,-267.671,-431.898
-645.101,85.7477,41.6594
-262.339,77.9918,-41.0387
68.6372,-282.946,327.431
484.695,-226.65,180.176
-51.3108,66.9979,-121.259
-99.0254,-100.832,-278.269
-75.2109,532.588,-25.9155
272.034,133.387,-117.016
106.976,-9.63055,7.49445
-132.401,-29.6936,-218.729
-185.849,66.7891,-47.1353
403.5,179.33,249.648
381.334,172.427,201.925
-298.358,-164.877,-221.337
26.8799,56.4803,-165.822
-261.46,86.9853,-27.31
19.0876,25.3173,172.678
6.44931,109.662,258.732
438.926,-208.959,-72.8944
247.738,115.706,-44.5707
-45.17,124.316,223.392
-33.7978,-153.026,163.597
-287.583,440.47,-26.2672
106.037,-86.4276,16.3134
77.8755,153.484,-407.68
181.143,156.549,-91.4784
244.092,-333.631,-167.592
307.318,-72.2741,108.817
1.58781,281.17,109.277
-352.688,-139.681,-30.5971
-51.5993,-23.2937,-626.15
-181.491,-134.089,174.606
53.9812,-169.564,0.14254
-130.277,-50.7078,4.26345
17.4338,261.239,123.306
25.3012,249.945,151.368
68.8908,507.197,53.9923
-180.796,43.9015,79.5239
70.3892,16.4068,-141.532
-51.3107,120.84,-257.413
314.136,-147.443,-82.1176
-240.3,-117.068,2.49113
-95.6077,20.8196,-145.23
245.959,-225.41,-85.254
195.584,-519.978,-16.1383
-77.86,109.225,163.323
-140.616,273.477,71.2818
739.451,60.438,-53.7206
-154.298,223.627,98.3088
-125.675,155.628,-117.699
122.854,140.749,-98.4224
-131.235,-126.733,-172.079
-177.296,12.6465,-80.1294
-162.604,252.67,-127.406
-30.3785,4.97039,112.563
-31.7812,249.206,-303.279
-36.717,-76.3734,177.038
498.042,291.968,5.8279
-40.563,205.308,-64.6254
-14.5623,172.14,454.859
97.1562,33.7144,-100.512
224.285,-124.283,-264.217
192.11,-53.7331,-97.1013
-164.144,-179.585,40.2956
-229.251,77.8348,-320.043
-353.125,361.003,-136.175
-18.7264,-251.722,264.238
219.918,-256.66,-184.49
308.848,47.0163,-353.142
475.293,-232.116,-70.4143
118.928,-176.485,-105.366
422.903,-276.618,-37.1929
-92.3373,-346.685,-165.825
18.7052,-1.1819,-33.3472
31.9691,230.848,-3.493
-151.197,-239.98,2.38807
-223.394,-190.749,458.631
-157.837,80.7332,-25.859
158.904,340.757,59.9584
221.495,-20.2698,344.64
138.831,-37.3372,418.681
252.585,-103.073,-183.979
3.56346,-120.355,-260.281
-92.0306,-94.8035,28.895
59.1917,-80.8775,163.487
-102.926,-78.6677,-192.525
174.636,-99.128,-11.433
-7.86408,-24.259,8.91226
-36.542,-116.439,111.298
207.91,14.0203,58.8134
58.9748,45.4181,24.991
-212.283,-335.561,329.316
-155.938,90.0404,-259.823
-42.7717,-140.682,-74.7974
-68.3441,14.0837,207.805
-129.212,209.773,169.952
401.843,129.809,211.371
-54.6945,-34.9992,201.281
-70.7332,113.131,-47.8959
-331.054,-298.228,-160.434
-243.707,-136.447,109.329
190.681,231.791,-361.513
116.823,-250.06,-484.541
-7.76145,272.477,145.747
342.154,56.3747,-114.251
-201.093,86.8453,-156.506
292.246,-15.3564,219.615
-232.246,138.733,355.763
59.0189,37.1828,-19.8179
-52.6618,-64.1886,-19.4133
17.7422,-154.079,12.2159
73.9825,-10.5086,-440.474
76.4544,130.525,170.278
-39.1103,79.2036,-196.028
-174.11,-204.808,-45.5533
10.4428,-31.7954,-78.3262
277.214,-32.0752,37.2371
-211.249,-176.365,186.392
106.593,103.506,144.903
-131.306,2.59481,-30.9862
10.5455,-233.812,-168.178
-229.671,30.5383,-23.418
-268.562,-11.4625,419.325
132.478,78.6584,306.848
-79.9603,77.5963,-550.126
-258.369,80.9761,-259.88
21.3281,30.2562,-219.305
-120.216,-186.728,-139.824
-74.1016,254.432,-337.519
-287.135,-444.695,-157.839
-63.9458,-281.123,-38.0226
64.3284,-232.822,170.556
-145.166,310.409,76.798
131.142,-221.852,36.6743
-102.553,-241.535,230.848
-128.254,-195.812,137.773
-167.961,24.1856,80.07
-88.9711,92.8313,-221.586
144.069,-276.557,475.986
-239.341,-81.5859,-265.308
90.2297,-5.86375,-432.496
-117.155,-303.826,681.723
-57.6417,84.8608,-167.985
121.271,59.019,-264.618
26.0792,-228.622,68.6712
261.914,49.5734,107.096
15.2527,-330.645,-147.44
56.9082,-202.4,64.9504
-151.951,-264.822,208.388
-253.041,-116.619,133.462
-322.584,-161.373,-79.5939
-265.962,-159.105,329.979
-113.368,-247.324,-156.286
153.93,142.913,83.1875
-41.1937,-70.9992,280.27
-448.897,-299.014,-200.239
-102.889,-349.198,248.637
-88.7694,-126.643,-244.72
83.9811,52.6137,-231.046
-1.68909,-30.715,-83.9572
-146.695,-48.2947,112.136
315.982,18.905,-310.242
193.1,192.342,-143.721
-36.1665,148.326,-3.27757
-491.647,90.4334,-194.721
-131.206,169.451,3.0303
372.274,146.413,-100.252
-229.6,230.699,131.521
-98.2457,-332.518,-154.205
-29.1162,-49.8824,202.046
2.75228,234.762,-102.061
-154.828,393.314,326.462
236.987,133.137,205.347
335.672,-132.423,251.351
-98.0239,-112.184,199.194
-78.5266,28.3327,91.8232
42.1782,-231.118,-265.761
-54.4493,120.399,273.419
-321.003,-361.254,-3.76723
-299.313,97.5265,37.2899
-403.619,-50.2943,127.251
89.7035,-94.736,-108.197
77.8427,423.639,-175.893
-655.287,-306.185,-187.244
-216.781,-480.01,-92.9443
-118.612,25.5079,89.8389
-37.5965,103.061,94.0764
187.919,-5.62496,558.324
118.552,-525.989,252.588
-222.833,-100.491,-86.4078
191.848,110.644,-167.496
-221.081,-65.6707,77.7956
-213.108,373.489,-112.35
88.6889,-9.25724,-41.9344
-101.661,-415.439,-166.342
74.9082,-71.617,-214.694
-321.868,-67.5806,218.944
-168.003,-174.693,-174.556
106.146,-73.5151,-139.442
-234.079,-134.002,-151.849
-333.833,-41.3632,-62.4099
-81.178,250.346,-47.4766
-139.364,-54.0813,27.8498
103.878,74.0206,-66.8234
162.387,219.539,-125.627
139.329,24.2235,-75.7839
105.347,-455.444,57.9152
-42.3884,-81.9616,120.493
233.923,-233.03,-63.577
157.78,-55.3488,19.2485
280.667,186.637,277.292
-42.3769,-89.9803,184.45
-176.02,21.6435,-51.1423
414.488,-61.6726,-247.844
-269.298,-203.465,328.382
-376.695,68.8919,104.418
198.509,74.8505,174.629
46.7987,55.4377,-61.0519
39.7192,-98.5927,48.7027
-200.594,165.655,209.833
99.5941,-90.0518,24.5136
-120.326,21.265,83.6099
-100.355,12.2595,386.61
-8.14385,-441.465,278.875
-116.157,-350.971,-190.222
187.379,-211.744,282.167
78.283,216.673,59.0458
-42.2103,91.3776,-202.404
299.599,-356.411,-9.02094
42.1994,-137.345,329.728
52.5485,-331.305,121.579
0.0580169,33.7196,-227.176
103.827,181.857,21.7016
-85.034,-52.8835,-239.244
20.6326,333.201,87.2456
-104.109,-11.8934,-118.522
451.93,34.2089,-28.3589
7.6373,-126.352,188.59
-149.757,76.2674,232.098
-285.58,-112.529,159.085
214.59,200.726,11.5486
72.2553,-18.8828,164.42
55.6165,253.954,147.104
74.5716,180.945,197.037
-169.678,153.031,232.052
152.716,-455.6,52.3378
82.9842,65.374,70.4342
-418.821,-77.865,292.779
-261.483,-62.7769,-38.0424
-115.775,-177.564,-284.711
-450.495,-211.359,-333.607
39.0557,142.382,-122.249
252.629,-93.3887,89.3239
214.841,14.3631,125.682
58.2389,-246.755,111.487
-341.164,39.6401,112.695
196.02,335.911,277.434
75.3064,42.5976,222.558
228.264,125.982,95.9182
88.6279,-42.1671,-19.2465
-170.82,347.623,-339.806
42.1749,-108.666,638.001
119.843,60.8597,-325.709
-411.437,101.642,115.704
-272.687,84.5727,194.04
395.974,-62.6207,-604.564
-228.004,-189.972,-14.3105
-232.867,-200.419,-252.971
-97.3958,38.1385,-235.91
-192.314,-91.9568,301.662
111.575,-47.6731,-124.537
-348.86,-92.5401,4.14858
-162.261,645.253,256.672
-147.39,60.9942,312.63
163.083,379.407,-95.4597
171.122,-140.082,-163.916
568.056,105.728,345.903
-185.892,-297.927,46.3794
179.736,-168.386,319.58
-188.788,114.973,-120.698
-54.262,137.397,-365.777
78.189,93.7594,11.1264
151.262,31.164,-11.5769
-200.575,-294.114,129.084
111.729,33.0497,70.2261
298.389,-143.431,397.551
-6.26221,409.82,211.734
212.787,-24.9827,-92.6873
-85.2213,74.8921,61.1394
-396.367,-212.782,-125.446
171.201,57.3856,100.662
104.304,-238.433,-199.625
-104.089,229.536,-63.2399
44.9671,83.459,26.6259
-286.078,94.9113,148.872
-192.403,-40.3537,430.021
242.27,-29.3543,-366.96
-189.348,-11.2671,154.329
-69.7622,-90.7961,47.0621
-15.2609,40.1123,-153.515
104.148,-188.76,1.33107
-77.3777,344.852,-154.572
11.7644,-33.405,-31.7782
-185.668,226.292,-42.3645
-373.572,-205.053,-530.15
-37.7217,130.758,-65.9043
54.1845,-67.8422,104.532
181.549,-247.463,180.507
19.8788,-172.373,-143.324
329.458,-231.898,51.8765
145.099,22.4188,-255.997
-87.6938,-53.8866,83.2793
-70.1636,241.989,-258.901
-188.029,33.3663,-114.398
-126.745,176.668,-324.797
-180.666,139.655,-236.234
-84.704,69.175,196.798
184.941,208.077,177.915
47.0457,132.634,-180.211
-194.421,-80.5021,117.967
220.813,-285.328,-121.796
196.239,-128.108,129.295
175.981,14.0501,268.947
-47.2249,346.383,-240.604
-92.4931,7.8637,-175.369
152.79,21.0864,-108.637
-167.062,85.5753,-154.067
213.764,86.7087,-157.772
135.241,43.3359,-216.427
139.781,-15.4672,350.142
-271.869,112.443,-592.825
296.232,165.641,85.692
-241.194,-315.44,6.73994
-45.4277,163.899,0.527838
98.2995,270.607,89.4154
-35.8911,215.916,69.3765
32.1143,-58.2698,250.138
-133.987,245.372,36.4843
172.386,59.1805,-271.45
-439.869,103.057,-8.94239
-338.577,-258.236,113.748
332.733,108.054,317.662
119.994,-305.046,143.578
57.2349,332.12,-75.3244
-211.599,68.7208,-206.776
17.1807,-19.651,-19.475
-97.6005,-36.4123,-128.776
37.6843,-169.262,174.182
-295.262,-47.0992,-160.553
512.073,-225.764,116.479
116.175,-327.095,-69.0981
-88.4211,34.6145,116.78
-71.0805,-78.8382,-293.509
-11.9229,97.4614,94.1179
-84.4725,85.8171,42.3442
141.842,168.715,319.168
343.031,116.532,-205.994
-64.4305,250.007,-34.8954
38.3263,334.303,-2.55386
-93.912,-21.3663,-402.473
92.6629,-87.5617,-119.296
242.354,-304.169,17.9473
-264.888,190.735,101.099
-229.825,21.9024,-393.754
19.4821,14.8377,282.161
-292.487,239.523,269.225
-132.631,344.605,-2.69513
215.109,190.237,-86.7047
72.0258,-161.456,-21.0794
192.02,59.4417,-199.021
-438.487,-231.538,46.4997
-122.7,39.0367,264.833
-153.204,-27.677,-329.75
-80.8602,-121.523,150.784
-169.586,-20.8009,320.862
166.304,169.749,37.9964
172.156,-33.4193,-5.01757
-46.2957,-359.391,-388.362
165.515,35.3474,85.2705
-317.711,37.9742,104.556
76.1239,27.8921,129.409
233.212,-194.272,-17.0496
-16.4225,514.545,-456.62
37.8923,85.7846,237.25
80.9891,-0.130257,67.2861
299.131,-88.0238,-117.831
-109.422,109.004,171.907
-226.464,-2.5454,-63.4453
85.6657,-18.9402,-289.233
36.4,-244.124,243.239
89.9892,-101.077,-111.696
675,-105.101,-143.898
-99.8956,-62.3192,281.5
116.851,97.358,-34.2188
-76.3581,281.399,98.1211
140.152,-70.7092,-160.739
-130.335,-117.785,-127.948
239.554,-56.8559,-42.2969
29.7607,-173.769,-258.047
-84.0248,3.90441,-122.135
298.275,-29.3651,-22.1949
-318.06,-30.8998,224.44
-121.648,-279.692,258.578
97.0862,-12.9163,-191.426
276.009,64.3743,-99.7545
215.02,-257.937,321.533
-96.8273,-44.5679,-178.865
142.883,-44.7708,25.2304
-58.3368,-126.699,491.805
-44.6477,308.684,-129.812
215.583,243.943,-0.265051
-70.3489,136.175,-195.692
66.0247,124.849,123.443
-119.891,49.9703,-78.5731
210.698,88.1612,-75.9823
21.8411,29.3043,208.202
279.183,-176.204,303.1
374.434,170.374,237.288
479.472,-8.78572,310.356
-54.1269,166.227,-38.5317
-79.4507,210.876,365.891
104.153,-31.212,63.4632
-24.681,-102.866,36.6817
252.934,27.0139,-3.86527
-272.12,114.392,-86.4696
100.509,68.8289,-30.7471
-48.0595,230.318,333.12
162.038,403.646,11.846
-238.764,335.377,-244.71
175.253,-57.1372,152.8
1.07143,54.2415,27.7377
161.48,111.158,-356.537
257.68,-218.228,189.982
151.05,-17.0073,-161.47
-14.377,-13.5931,-307.034
-57.3459,142.614,-51.6773
136.01,-10.606,120.073
118.926,-16.2536,-302.672
-143.436,228.576,-37.8042
-77.3472,100.643,142.608
-173.645,-33.1231,-211.454
-126.548,-78.3242,-156.141
-132.063,290.057,24.0781
2.81418,-295.082,92.2496
-334.575,238.92,-93.7193
23.9513,-39.6949,-388.27
11.2218,-304.363,383.7
107.064,81.1801,143.3
-231.093,-24.0906,-421.071
-247.954,-80.8579,-29.5314
-19.7054,-21.9744,-225.123
-28.3649,-101.413,366.299
163.639,-185.543,91.7481
117.937,172.559,-215.136
25.2707,-49.5889,-117.259
-284.847,-124.048,367.85
417.211,169.334,-8.96076
58.1411,-267.307,-145.428
-91.9427,9.77401,2.1362
-432.348,55.3982,25.2994
42.308,366.929,-341.358
235.946,252.068,148.538
-80.9659,23.9684,28.6309
-259.753,-192.46,-427.798
63.4208,6.89091,130.624
112.851,-31.2515,-108.464
-130.747,130.876,-252.581
-32.7504,28.1741,-267.109
-25.6573,-63.2548,43.9063
-213.306,-145.34,-106.439
-15.1821,-223.932,-274.974
104.988,258.323,-9.55197
156.739,247.542,-185.842
55.741,211.197,59.0074
-7.91635,347.124,-36.0384
-153.613,-23.3199,-229.018
86.2743,-7.05032,286.105
252.229,164.66,0.818422
44.2284,-56.0915,129.619
-84.4405,-35.1435,244.849
-45.3414,468.383,-50.2795
45.0497,-46.7215,409.433
-89.1473,-218.218,86.2212
104.681,94.9991,-235.186
-275.34,-122.063,-18.0484
-64.2398,47.7343,-71.5506
-75.4418,191.281,-182.079
185.16,-223.757,-271.088
173.546,-130.1,357.636
-13.7529,-171.829,168.589
186.872,353.308,-170.638
134.61,97.3294,-209.081
342.92,195.091,-236.299
250.655,23.3453,-131.826
-117.894,-114.924,392.59
-129.661,-34.0152,-150.219
280.929,-80.5968,-299.718
366.909,127.62,31.8388
-117.519,142.24,-111.02
1.45656,-224.527,-65.5006
-116.047,200.755,14.1839
-0.310326,-123.647,-62.5324
-171.679,-145.766,23.3163
-93.0251,-145.62,-8.11728
-125.074,-117.994,-95.6399
-285.025,224.46,581.591
173.406,63.8781,12.2622
134.53,-8.88891,-4.20434
100.639,462.036,-83.9749
157.891,186.97,108.301
-383.949,76.2397,-84.179
-48.0072,63.6405,182.543
-194.549,125.766,192.137
-302.39,-63.849,-37.7434
-173.279,33.7316,-93.6265
129.522,24.7097,54.8686
-62.7318,129.379,-131.193
-251.806,63.04,482.259
106.268,24.0697,-338.922
68.718,74.2599,64.5481
131.084,-131.34,-214.938
-36.3561,-40.7311,-270.708
27.3665,-15.3149,-388.283
127.305,422.99,-113.649
243.004,259.574,-48.2055
-61.9954,-167.77,37.1171
348.98,13.7122,-160.904
115.861,-118.734,228.625
-94.689,-21.4027,17.1706
-21.8578,43.5132,189.976
93.8234,-304.477,-556.42
-325.483,-228.189,166.867
75.8575,-165.051,134.895
-296.833,196.444,588.245
-12.6936,-116.536,83.3113
250.189,15.8861,42.1762
-386.037,92.3397,223.641
-315.912,-230.073,34.5789
245.317,53.7019,-246.698
-102.127,186.522,196.084
80.1775,-47.6308,-145.593
82.032,184.544,-421.802
76.3937,-164.417,-252.465
-19.4665,-26.2213,476.836
20.2571,135.213,-47.1845
285.52,-182.572,363.208
-393.428,147.073,79.669
-114.99,68.6611,57.3065
-81.2792,-33.7539,319.189
-68.0787,66.0798,107.485
173.948,330.642,24.0881
193.802,42.4345,-129.626
-91.7931,214.099,314.724
-330.354,77.0795,-13.1102
54.7725,-503.128,-285.94
39.3148,-109.655,-221.477
54.3852,51.4101,208.034
192.249,222.016,150.406
110.271,165.082,-130.1
205.141,78.7119,-29.1253
83.0813,-48.4381,-86.9077
-40.7049,-4.98638,-50.868
-317.63,-106.724,106.227
109.022,-292.302,-138.806
196.575,-113.153,-55.3908
-2.83722,135.589,134.038
-102.898,29.2183,-185.119
-2.35221,187.651,-92.9308
12.8144,201.308,114.511
17.4423,62.6603,-234.429
421.182,10.9544,245.933
23.3125,102.054,-99.8312
-315.635,0.912554,466.778
164.694,-127.189,238.475
49.501,-26.1987,117.507
-124.199,-146.169,-86.5575
48.0783,79.6529,-17.3946
-102.407,246.652,-56.0046
176.17,229.747,-18.4172
106.441,-284.902,65.8998
-33.8693,26.7096,-451.705
-0.571048,306.29,-19.8953
30.945,-31.8006,137.374
-96.732,-291.881,-74.9107
19.7623,-57.3037,28.3978
-287.457,-92.9992,3.93704
20.0316,-155.568,-119.366
258.196,-125.386,-137.49
279.899,277.11,36.5615
-199.026,-225.615,-16.6443
177.723,-346.211,121.666
-209.26,177.333,-108.215
-215.873,19.2129,138.825
-29.1361,-21.4134,-110.269
19.4089,108.658,-180.648
-235.016,16.8582,-184.719
-354.218,-343.205,208.913
-69.654,-167.701,41.3296
256.832,-401.797,249.38
-29.1884,-38.671,-116.973
525.345,210.609,-129.42
-330.77,-142.354,66.7567
189.282,68.3922,-252.299
135.314,182.759,38.2731
122.697,-40.8785,-61.4491
-55.2475,-150.697,394.583
-124.871,523.518,-114.506
47.7456,-217.784,140.874
91.1036,-115.847,29.9037
-100.142,-278.525,189.992
233.732,-71.5103,-190.293
-150.312,48.4193,142.027
-126.335,150.721,-123.649
-206.358,178.483,142.842
53.2937,-207.336,-236.218
154.538,134.609,208.473
-34.3061,133.865,556.228
64.8943,-30.4171,-106.966
207.134,409.829,350.073
-50.8543,-144.059,-103.044
6.70326,108.095,335.264
257.152,112.921,65.1386
289.12,61.6937,20.3372
-68.4032,133.102,-42.0462
-17.4478,175.38,209.191
289.383,80.6743,284.729
-77.1113,410.454,-19.8385
-303.409,-105.338,144.426
-13.8146,181.919,-219.614
260.048,394.377,316.292
-223.901,200.31,-369.437
-100.132,275.125,182.871
126.452,128.023,15.3921
124.927,115.454,-33.9059
-156.188,132.782,-166.174
-139.874,-286.826,-241.347
-187.886,-151.576,334.917
-326.573,-8.40351,311.566
231.204,-154.24,145.755
-350.778,18.3137,169.35
148.898,-60.1299,-217.993
-202.49,-273.69,78.1226
-368.864,-236.805,183.483
-26.7269,-208.125,-417.898
37.2885,-136.329,-70.634
296.103,3.84148,260.621
-192.6,-0.812281,61.7193
267.834,112.674,-8.2201
-65.6346,203.67,-186.158
-56.8715,60.4026,-360.764
-124.759,-139.212,122.961
-57.5907,-24.8469,-357.317
23.773,-75.9432,-229.549
-193.417,26.5173,-124.429
-458.173,78.8689,256.535
221.119,-568.839,160.998
75.2241,-167.797,-127.815
72.2136,131.039,-30.1025
-18.4236,97.7086,-124.306
-35.8823,49.4184,-156.025
-15.2701,-190.621,-318.232
162.51,23.2122,52.4809
-96.5799,278.191,438.254
104.391,212.067,328.153
91.1438,7.72354,216.421
281.063,-66.1352,-142.002
-180.315,48.8212,-186.925
246.867,-207.799,-169.436
-47.1579,271.717,442.363
157.345,74.0074,6.63195
216.735,392.896,-51.1622
236.555,140.052,58.9661
326.924,131.354,-156.848
129.519,-7.8605,193.037
182.676,179.739,-111.156
-137.418,-158.116,-82.1789
-395.996,-3.27252,-159.897
217.426,-131.209,-81.3685
-61.8759,19.3983,-102.348
153.279,150.611,-301.159
-616.951,-33.1879,218.388
-170.426,-87.4778,-11.152
-191.483,-33.7772,284.091
-76.342,-227.387,-273.339
92.9662,155.55,-70.6888
-50.1532,-0.102425,-157.483
97.3855,-7.25854,296.297
19.8568,220.658,-285.351
434.401,-60.3372,236.531
71.7807,3.81301,-331.172
-426.112,149.948,227.158
86.2999,-97.0023,-23.2869
-215.332,-208.68,174.798
311.062,-27.9689,-140.211
292.655,234.772,493.227
-263.171,-155.736,-190.746
9.39412,229.992,34.4273
168.793,156.007,44.5923
-284.335,-235.34,5.80436
312.975,-49.5231,-158.261
-209.221,-240.381,-39.7416
66.6947,-105.736,-114.807
-154.291,78.8599,-127.525
263.959,3.11044,-189.178
-265.266,-229.157,110.663
-86.8328,145.308,-90.8111
-93.999,-148.866,70.7471
-159.943,127.269,-240.719
-308.756,-246.271,115.51
-20.5632,-79.0266,-152.089
-13.0784,254.218,17.8415
-69.3831,-227.454,87.5962
-254.312,228.277,-5.9104
-62.1561,85.4084,326.786
18.5429,168.223,168.73
-64.2122,67.0139,374.423
262.577,212.591,91.7439
-180.314,101.152,123.381
39.3672,-221.594,-89.6163
24.3355,-162.136,223.117
-170.461,-77.855,-239.743
-65.6224,-151.993,-338.048
-95.4379,-67.6616,139.284
181.784,-55.0277,-256.595
36.4065,-97.3072,419.828
-266.68,-357.249,-179.626
19.7389,-115.331,-22.9412
-11.3744,-274.007,205.006
5.59762,108.578,119.317
-24.3103,285.859,-332.612
-115.133,-303.509,319.956
60.3597,-212.231,26.0293
-105.533,-21.7293,271.708
-32.523,-108.462,-73.4965
154.997,515.401,-240.667
-62.8897,-15.9588,-203.014
-205.06,188.828,50.807
10.8451,339.166,95.315
-16.83,-0.530434,54.3159
-224.19,232.502,5.30304
-145.6,-163.035,-179.413
-18.6834,139.139,-131.282
-130.661,192.056,15.4744
140.57,6.14997,-74.3981
148.429,160.333,70.3826
-33.6634,27.8198,45.9104
63.4726,-12.7632,-113.702
101.023,9.79278,-179.271
-324.742,60.9527,-163.148
168.35,-58.9837,292.826
-321.029,19.9556,-110.371
189.68,183.126,-137.986
38.073,135.601,185.757
46.7996,-164.464,126.172
243.215,189.59,-19.2771
-26.1469,-151.897,-353.33
-207.924,-218.265,-75.835
335.908,-222.943,110.342
181.957,-161.19,26.2623
19.3958,-15.5111,-15.0838
34.9624,-34.7449,104.119
186.061,-496.929,-196.953
194.121,49.6683,78.0666
301.802,-194.519,355.776
-72.5284,-351.246,-95.9607
-293.748,-145.105,189.301
161.244,319.933,149.79
-69.9302,-284.23,-31.59
73.1018,-303.843,-42.8684
-213.772,-6.16489,-151.736
362.972,220.209,-42.1898
87.3115,-85.8897,-56.2333
128.253,-83.1897,312.419
-21.04,-219.496,-14.3408
288.458,149.161,165.873
116.639,-364.507,-493.4
-170.992,-74.9236,86.3981
172.888,40.0589,213.388
226.375,-122.882,224.044
-75.082,-158.191,278.346
93.6607,136.645,-303.194
-123.982,278.743,-175.078
338.901,90.188,-352.05
-47.3084,290.868,-384.079
59.0707,48.0584,-164.983
221.66,-184.951,-31.5958
-156.203,195.745,-13.0306
-136.457,-241.556,-71.0871
-242.468,398.044,153.791
194.904,57.0901,-78.0397
50.8546,129.104,67.2736
49.4996,-241.903,139.482
-346.702,1.04376,42.7185
10.1864,38.3494,170.985
223.357,279.738,172.467
-28.3222,-118.297,98.9353
25.6631,-244.502,197.425
-44.1124,46.275,243.973
372.456,-4.36571,-192.707
-158.267,-26.991,-346.961
-121.568,97.1036,160.376
-24.358,-300.281,39.9047
-304.631,135.069,134.404
-218.12,3.341,231.043
-393.711,-112.618,-22.7033
219.868,-271.15,-96.6551
-33.3592,-62.1353,29.967
-317.781,80.5317,-123.227
-46.3037,2.01147,329.647
-107.293,-680.348,-91.9317
-11.0767,-12.2426,457.215
134.315,-141.589,-399.011
-199.547,-151.174,-55.7448
16.2617,-363.728,310.906
145.991,-370.762,-152.516
198.615,216.049,-362.091
-120.181,53.1333,193.756
30.8451,-72.8851,99.3023
82.6616,418.937,-216.648
-230.118,133.769,226.015
66.134,122.747,-260.109
52.7119,-206.68,117.649
-23.4128,114.798,57.0266
-61.1597,32.8447,197.927
54.791,-75.9978,-532.424
-420.556,-106.826,-130.055
-199.461,140.666,-62.7032
-26.31,237.732,115.511
-21.6272,-132.855,37.3194
-240.738,-138.002,-50.3439
119.472,43.0081,332.624
-25.4456,65.7765,-107.858
-172.302,-58.1629,337.265
-375.479,78.9233,-96.7495
-26.3615,28.3544,-298.286
-136.695,105.568,-238.586
-259.051,19.1981,35.5172
-387.168,134.434,216.051
189.886,-303.412,242.842
333.501,-180.626,-3.19425
222.3,243.936,454.485
-318.615,180.117,325.346
-464.763,-224.638,-88.5722
68.769,-294.403,110.938
335.973,-10.9116,-150.731
91.0408,65.0789,208.642
-91.0161,-180.119,-20.9498
-371.086,-108.747,399.773
-120.376,239.169,157.13
-91.5207,369.661,241.073
167.113,-201.231,-376.018
171.793,-111.116,134.395
74.2086,44.6313,-204.474
-179.063,151.482,93.2221
-47.3946,-33.0109,76.2828
50.8783,-16.3071,232.423
65.21,-220.326,366.268
-103.591,71.4034,-257.467
68.3519,-239.532,104.382
51.9837,-120.263,72.2063
-182.431,-331.636,-187.342
303.133,142.707,-1.05914
-18.4926,336.179,-53.4445
-350.344,51.4892,-112.476
419.048,-156.103,-105.962
-14.7816,138.895,69.345
75.656,228.29,-278.734
-78.4699,-277.908,261.663
75.2382,325.045,-94.6171
-283.457,-6.82772,98.3416
97.2503,-2.29735,-76.5828
95.6931,282.628,-74.6554
-83.8666,390.025,25.8059
224.695,1.9785,-48.6954
183.783,-208.131,100.316
63.3462,-375.286,-191.669
-198.802,67.4304,230.381
-156.582,134.715,367.264
-34.5203,217.425,-94.34
89.1823,68.1673,-102.186
-131.885,-232.721,64.9393
117.152,-287.913,-460.867
27.2802,-134.306,2.87063
-26.8446,-60.437,198.492
-49.6911,-193.795,104.804
133.607,52.3359,-292.546
412.015,129.309,149.767
178.528,384.933,141.307
172.759,-229.683,-567.141
-155.805,-65.6932,2.01582
-189.144,77.1926,-150.779
20.9791,165.026,54.3912
-59.3698,254.787,113.968
291.571,-49.7962,-42.3724
-318.696,-171.056,-11.3157
139.1,54.1675,-200.602
-11.5241,-117.864,191.09
-65.832,-216.014,49.382
68.7088,179.978,-201.234
-351.336,30.3334,425.566
-103.176,-38.6801,29.4148
415.632,-397.712,76.1411
-20.4052,-237.726,131.539
152.938,133.726,-204.823
-131.329,-544.551,169.455
-330.525,-342.2,-89.7325
-183.191,135.909,105.901
52.2678,242.139,52.8995
-133.25,-340.893,-246.383
-114.102,-280.088,301.768
-312.946,465.648,38.8793
5.51737,26.4963,-292.083
56.6432,-15.2279,-24.3747
120.011,-299.493,-275.277
48.1024,-191.681,-227.87
180.642,-265.882,-207.22
12.4103,-47.218,180.867
179.836,-0.59804,-432.377
134.659,165.005,103.543
174.513,-258.141,-98.9458
194.289,145.423,-118.442
-116.942,637.259,-86.0815
-91.2811,16.1127,-160.366
315.237,-215.214,48.8918
-7.20753,-454.432,-172.075
2.97081,-502.278,-108.622
30.0667,88.7461,-434.487
-9.86489,-391.394,452.578
107.467,57.5318,184.492
-278.868,-123.46,-233.823
-186.189,0.202254,-138.848
184.709,-118.012,-33.3265
96.7113,187.519,-125.093
241.229,-15.35,-13.6845
-13.3092,-375.52,-49.4127
49.0053,66.7208,-21.3111
70.937,-178.631,177.814
133.641,50.9091,-21.5107
176.927,41.525,261.352
391.596,-4.72038,-265.907
105.128,-293.455,267.895
180.482,-238.159,-248.558
-23.8878,230.533,-94.5935
-25.1327,-282.732,-311.845
10.7103,-210.748,350.651
25.0225,-242.339,-5.23739
-427.4,-192.647,-67.5061
-134.923,-48.0256,184.184
-176.58,-136.14,-56.5524
131.036,66.3543,105.121
-115.862,432.436,-322.115
352.417,-62.3409,30.0719
58.3925,68.7801,123.456
-32.5934,166.48,208.867
-5.42525,-268.434,-134.499
-125.47,-85.1101,115.482
-26.4147,-17.6819,278.183
97.8884,1.83162,30.9601
480.97,-105.37,189.639
52.6704,127.942,-59.7694
-291.756,-296.206,-40.8599
-50.4952,35.5559,-53.7469
-309,-241.425,-232.623
-168.05,-150.763,-235.717
53.3701,-75.1241,-309.851
229.644,37.6524,-53.2924
-212.863,79.7219,31.7722
-188.548,99.429,112.879
-115.353,-89.2047,167.395
172.504,-64.2458,-22.0746
186.708,-206.348,-275.395
207.27,-379.863,-314.622
-84.0081,224.85,-179.63
-224.951,104.404,98.3399
103.95,199.047,-48.5882
141.836,176.835,98.7941
136.804,-76.7912,-13.0206
-24.6482,18.2695,-142.495
-276.369,5.3986,189.318
-53.855,-240.561,-13.9595
472.263,-176.157,311.259
252.797,192.634,26.1357
-176.489,37.2668,49.3642
269.777,197.802,153.729
175.68,22.4046,-157.313
-29.8084,-67.0202,-409.098
278.633,475.321,-61.777
-376.476,-83.6391,88.0166
235.378,67.3674,-87.6152
320.046,114.713,8.83697
3.97291,-89.6863,153.325
6.78628,204.348,119.122
218.888,-117.627,-101.059
-351.879,175.208,348.184
-237.483,-155.901,49.9337
114.76,-295.377,173.378
-29.4416,35.0594,-262.359
-430.162,157.257,18.2857
304.125,161.87,112.979
-350.381,-388.402,-163.471
-29.1115,83.135,241.316
-301.382,-257.88,12.4145
90.681,76.5941,240.348
-0.249736,26.9963,118.477
-232.262,192.723,146.472
-492.887,219.057,-46.6031
181.866,-34.734,87.9089
-35.5181,251.351,15.5088
-432.219,125.918,-374.183
-36.3883,-113.966,-343.187
371.601,150.703,-77.3499
-64.769,238.222,108.833
-311.227,-0.504814,316.022
365.491,427.143,222.412
-79.3367,5.41979,101.557
-229.187,4.04246,-31.8626
-51.0332,-10.3331,-81.176
-400.292,166.964,39.0863
121.614,164.652,39.7639
-99.8523,176.247,149.814
27.9237,-3.46545,-263.468
2.46184,349.393,233.797
68.2805,4.95738,-238.761
414.15,38.0871,-114.902
-193.553,-43.266,149.557
-104.749,-200.008,103.08
-346.42,-119.452,149.247
10.198,144.684,-71.3258
-6.64142,172.671,279.573
-278.739,50.5233,453.045
-404.07,-164.257,-160.562
-37.9809,6.00346,-156.427
218.916,277.373,1.44166
-24.6297,19.1433,-214.229
-141.5,-69.4327,-192.608
181.942,-401.696,356.558
-258.984,194.507,-281.135
-263.983,-86.8579,-148.892
-123.494,211.29,-218.955
125.168,23.9763,52.6959
279.403,43.2684,-61.5866
64.3185,142.562,133.736
33.6627,-108.683,-227.169
-92.8028,-251.015,-30.9393
23.5989,20.3743,97.456
385.969,-83.8487,-217.201
-13.2088,13.1546,312.814
-138.885,15.1113,-158.001
-310.315,23.271,40.6855
328.91,106.607,-31.9671
-163.467,211.697,111.729
41.6759,-162.35,-374.713
315.482,-132.604,291.119
-70.2015,-182.245,41.6865
142.332,-78.7226,278.094
58.4307,-74.6939,-24.9378
212.001,-258.759,-365.354
-259.84,249.46,25.9411
13.0222,159.275,193.821
85.9105,301.99,-300.403
117.871,177.018,1.91721
167.452,-184.12,-330.239
-286.816,253.175,-106.878
23.9745,69.7782,171.3
201.782,-186.914,228.239
-105.431,53.6654,-313.641
-265.091,-67.9584,134.542
104.634,-20.0093,-33.0989
72.7599,-94.0718,204.084
-49.8805,193.636,-198.407
276.784,73.0037,-80.0194
-31.5728,-116.4,-525.762
188.684,53.8099,108.03
-382.506,122.667,72.1471
-70.6254,57.6338,123.564
-200.818,-81.9989,-53.9978
283.349,-270.369,33.9563
-20.6316,121.227,-113.926
-127.091,189.285,-149.121
11.6114,294.312,-108.309
-322.913,-373.406,269.18
-53.6712,-10.5569,-138.58
-237.104,121.006,-103.822
-251.479,-62.2474,-250.099
-477.326,428.242,-199.979
46.0808,-50.5975,-125.415
179.249,-157.094,227.694
-5.30432,-99.4742,-71.8847
152,-257.394,50.9574
-40.0278,-248.677,21.6428
95.7883,-283.688,159.617
308.804,-49.8781,-69.8033
-392.408,-48.4058,-222.095
-39.1784,-167.387,-88.7339
-121.719,280.838,-118.585
-292.446,239.161,10.9641
7.80994,12.0684,27.4505
-63.6857,-76.7193,40.3113
134.939,-182.185,82.0201
-259.87,199.287,-52.5606
170.989,-54.1158,-91.112
288.7,151.095,394.715
198.981,-89.6551,226.105
34.821,-249.583,2.76598
125.888,-14.6895,-228.531
274.718,-64.0423,112.999
181.178,-434.846,243.762
386.102,-41.3482,270.624
73.1989,-117.65,-19.8847
-386.127,63.9472,181.248
41.7295,-54.7388,-147.178
-242.629,-197.738,22.1731
-1.56273,-104.405,-73.7157
-3.34998,134.502,-69.0633
103.692,46.3119,26.5208
45.9682,248.792,-27.504
-522.149,69.6669,65.6858
-236.761,-241.789,-157.414
-24.1234,-369.331,-83.4263
-128.289,234.927,-148.803
55.6701,242.105,-121.226
-9.98899,-176.895,-216.525
135.974,48.9984,51.1119
76.2144,41.632,285.815
-79.4192,-407.826,113.791
39.1424,-73.3198,-174.462
-257.69,202.266,2.87031
55.4176,-94.9353,239.407
-375.349,-41.5641,204.421
319.976,1.91731,418.309
240.807,-252.088,147.921
288.886,56.045,-122.859
449.566,8.92468,10.162
-55.22,401.243,170.519
1.92092,177.703,304.629
-123.119,-153.832,44.8507
189.364,-7.20269,-73.5927
132.36,373.236,103.516
356.447,-62.5366,244.997
-134.47,-276.534,4.1724
76.6995,255.002,408.125
63.6592,-37.6588,39.9246
-102.666,-308.779,-135.813
-143.188,124.085,-23.2925
-122.619,481.174,249.977
-191.25,85.1188,279.284
-170.844,128.675,-164.291
217.819,-79.639,-52.0772
157.163,182.554,231.621
103.712,-360.572,75.2994
-350.935,206.653,184.068
38.908,12.4553,101.467
110.125,226.688,-203.683
-46.5717,-32.6812,-66.4996
-250.833,130.266,-67.5521
177.478,202.13,223.938
-60.85,189.215,-166.015
-179.967,389.228,-405.865
223.022,-154.498,116.595
184.425,292.073,48.2668
170.03,-140.899,153.695
331.338,-228.848,-77.2114
-178.178,-213.655,-46.9487
147.869,-31.9773,5.71241
14.1347,-127.975,286.654
268.852,-276.687,253.961
87.4702,-451.515,-526.806
205.003,-16.911,214.627
49.8963,-193.965,-367.472
237.213,-23.5893,-283.145
-384.175,309.708,-65.1589
-209.789,-94.9605,258.056
-43.8353,88.7241,224.856
-178.691,-263.234,-82.13
33.0794,-19.4607,-207.748
-243.1,231.649,175.512
-275.514,73.3272,-66.9352
113.23,-244.265,-219.037
-11.9236,-114.312,272.538
-359.188,105.885,348.756
77.2103,-117.328,-315.483
101.543,-157.098,517.405
-19.3361,348.151,-97.4593
169.44,110.56,-107.583
-223.798,128.463,-21.6948
69.2598,-140.438,-73.0515
187.442,-224.813,-141.019
10.2958,-312.84,-216.057
9.47866,-195.835,-58.1031
-189.058,164.329,-94.6896
-374.999,107.791,133.348
78.8601,223.217,-203.919
-219.525,-181.293,65.5654
-212.713,-259.096,366.969
-181.667,181.265,-103.679
-68.675,-52.9048,387.826
-385.637,13.7834,165.647
381.091,-352.311,116.883
-22.2821,-332.293,-4.03028
-357.94,-8.54924,56.4091
-17.6731,-150.12,68.7412
-197.755,130.502,-335.915
-38.7323,33.708,26.77
66.1838,74.3451,-121.656
10.6345,-86.5615,99.3403
35.9869,-108.793,71.3364
91.1398,-68.5925,-410.382
-171.27,-52.6798,-390.609
-223.783,-386.978,8.79986
-78.8046,316.378,253.518
115.483,-151.844,-167.45
-325.603,-140.431,199.428
92.7719,-41.2122,-62.5476
-155.557,39.0466,135.116
-10.8794,197.848,-20.6284
232.908,-15.3593,-378.09
129.123,77.9177,-435.678
-225.346,428.475,-92.8957
3.56921,-54.2749,-15.0463
-91.3842,-2.14187,44.3218
234.929,-142.498,-278.259
408.747,258.756,-62.2314
-300.669,-243.002,250.424
11.6274,-35.507,-19.8012
-381.366,190.678,-511.763
-41.3514,-25.2261,-202.964
-123.054,-305.975,-225.011
161.747,190.934,54.1366
332.635,-253.255,-20.3822
210.252,42.3015,150.975
-68.1212,-83.2194,217.48
367.391,97.2215,-5.40653
-161.556,-31.7969,-45.8267
-434.785,-64.5344,165.227
-282.136,-22.5976,-47.3917
-131.896,-218.407,-171.015
125.393,264.808,145.826
-185.236,-158.387,94.6354
-76.7531,224.585,9.07761
-106.914,-147.175,-282.629
-72.6782,-437.384,-291.104
86.4553,-57.6866,208.38
-98.0081,44.0897,-118.959
92.4457,63.3787,182.326
-379.86,67.7934,-452.217
22.6878,28.8362,261.099
-139.144,275.558,573.699
90.6613,-8.09746,51.1421
-39.6282,-196.387,-122.282
157.093,136.234,57.1524
325.821,36.6872,371.981
-40.2342,215.825,-75.6338
-358.105,305.947,180.136
-363.781,258.438,-42.7218
95.217,-231.309,-255.263
-168.417,200.4,-404.761
-163.255,30.3613,-154.547
-284.708,2.29011,163.912
210.648,16.0893,183.194
200.668,-111.204,-63.9567
-8.53016,130.977,307.895
-171.281,-42.1698,-120.195
228.545,180.257,-80.8344
-81.0173,-211.941,401.107
145.736,-287.012,-130.601
-266.486,-168.54,-179.229
-189.947,-30.2365,246.392
-78.1843,62.9409,180.922
184.521,64.0001,229.938
-132.505,-319.059,19.2659
152.14,249.669,-230.866
-203.759,-272.93,-157.207
-129.702,239.427,-216.925
-147.535,-15.3533,341.628
104.725,228.338,4.5057
88.8162,706.609,-30.3246
-26.533,-3.83863,-69.6551
47.5874,342.563,-75.7587
-386.124,7.82461,-157.599
18.0244,24.9047,295.866
-91.9403,249.397,164.842
135.989,-155.421,-149.447
-22.2492,-73.6955,314.352
-68.1911,-138.677,55.3304
285.904,-136.925,-17.698
33.6322,520.774,-90.3363
-31.7077,6.25925,353.661
-37.958,104.356,-340.094
-236.877,-208.958,-189.635
83.3856,-96.7252,-285.415
208.475,260.093,258.537
142.482,260.416,-99.5375
28.4152,124.349,-80.9787
54.6603,11.1316,-169.097
89.089,304.625,0.778459
142.757,-113.539,-45.5466
95.561,-144.719,-78.0615
35.9427,-363.31,-85.7836
37.2061,-28.1877,-63.9457
283.664,132.127,-310.243
-37.9496,266.829,-254.707
132.877,-214.568,-281.43
7.53088,245.453,-193.815
-60.9674,-183.911,-336.977
99.0844,-197.175,130.979
314.196,58.6993,-169.476
-193.723,25.4835,-22.4992
-90.0554,-117.602,105.59
32.5002,68.2619,368.705
231.387,108.126,193.612
282.252,131.377,45.2436
39.487,-133.855,96.2435
21.2426,123.316,-64.7772
-213.788,-144.529,3.76525
97.6672,11.2656,-235.618
-135.32,332.234,-249.711
80.2127,99.4998,-6.77205
-6.30112,194.77,-104.046
-116.09,50.3745,104.269
30.8284,-103.318,144.554
382.812,167.762,179.402
151.335,126.718,125.263
-177.076,105.745,-218.354
48.0026,-210.831,-226.157
-68.7971,16.208,-224.756
-352.943,-310.847,-51.4699
230.703,-20.0405,108.312
78.0066,47.4135,-16.9943
153.423,407.141,-57.3594
190.708,93.6192,192.614
167.418,-271.918,-77.8908
-158.363,-444.998,7.90421
-106.2,47.9664,-38.7186
21.5304,-104.859,-87.7037
55.539,193.183,242.948
204.873,78.6073,67.4307
-199.359,-108.946,-358.217
-242.806,-433.686,100.173
50.6081,170.213,-323.68
56.1369,-70.0079,19.8991
-24.4732,7.66468,129.421
-67.0444,-341.144,288.16
70.2271,473.06,107.784
135.921,40.7268,-159.624
-370.672,-355.137,140.32
-34.6433,49.8319,165.422
-185.198,-145.546,-108.866
-107.501,-384.148,52.1585
68.8568,-44.3633,96.1532
21.326,-301.479,-287.489
-63.7271,316.809,-144.124
-452.511,-179.869,-68.4982
267.982,-42.2542,166.712
95.7755,-53.6212,18.4491
62.8314,-183.178,107.072
-396.652,19.5104,221.349
42.9323,-227.441,-120.444
59.6637,-53.7101,-135.879
-419.454,23.7943,141.219
-428.237,155.162,122.154
-51.9029,-25.1159,-89.2334
44.6396,289.375,397.711
-231.978,265.646,328.098
223.616,103.911,65.7941
-365.266,-29.4834,-22.687
-680.969,-5.96,1.67784
-421.453,-233.3,39.9024
95.4585,-9.16136,-3.64516
-272.025,-0.543474,74.5966
15.3865,-343.853,181.313
107.982,309.743,-229.905
-44.613,-193.904,-176.523
58.0317,-70.8568,13.1322
-127.463,-41.8364,-50.8205
296.07,-96.1292,-73.4392
96.8729,-335.136,210.349
-350.793,10.033,38.1106
222.505,-127.075,-123.06
162.534,-60.2903,62.0908
168.818,-193.103,-247.519
143.09,353.397,283.326
-2.76804,30.7907,-145.098
318.67,-424.523,-244.447
121.64,270.077,-61.0842
268.499,-137.082,-227.831
-46.4038,226.96,77.7331
235.416,59.7505,116.801
-233.895,-162.407,312.898
200.75,138.316,97.5011
-192.33,-54.7061,-112.486
-19.1781,133.121,35.4975
158.025,43.3611,-78.0193
43.1159,-110.021,-73.4954
-149.096,94.0015,188.205
-56.5335,-109.425,61.9861
205.872,-27.9827,-222.674
-103.83,316.5,36.9147
-215.951,13.2249,-541.253
-35.3921,385.933,-222.357
-144.244,154.514,-260.863
62.1437,-133.591,-78.2581
211.429,-48.3243,-428.79
-105.47,16.0147,-219.191
15.962,-233.243,53.7732
38.2718,-94.9345,-96.3711
-289.193,227.201,169.218
-226.336,162.715,475.941
232.029,207.96,160.518
25.0107,174.052,-96.3814
247.279,-358.734,-76.7064
-369.213,7.59783,-211.246
-436.159,436.43,-62.7517
14.1624,3.97298,75.2298
-106.079,-331.844,-74.1835
-137.722,216.962,-117.478
50.0552,-2.71943,229.643
-19.5393,291.389,73.071
-99.6058,64.4886,-45.3978
-280.145,-14.2247,-229.603
360.654,-35.4636,64.2956
3.7319,56.0438,-108.043
125.233,-49.1801,-7.11348
21.099,79.6937,-130.521
-101.324,69.1199,178.522
23.7568,237.291,54.9753
-13.5689,118.05,130.901
388.43,-91.252,396.221
308.554,524.794,-15.0249
91.3211,49.797,-36.7115
534.488,73.6375,-26.6714
75.6154,31.8367,113.555
-166.656,-3.41045,-196.928
-357.811,341.958,339.13
-85.8946,-66.4098,46.2989
23.3268,-4.4645,-209.4
115.12,356.2,-15.8043
412.171,-380.971,-21.6943
-186.72,-419.821,-34.8764
278.064,226.75,-148.015
226.674,237.418,342.49
-33.3519,60.8089,-162.707
-191.857,128.766,-141.093
-134.317,-15.2936,56.8293
-203.152,62.7137,-252.966
-164.641,-84.9797,6.63308
320.301,269.975,34.9211
156.027,506.941,-483.659
-58.251,-92.3261,-74.4804
-174.141,175.589,-59.5972
-106.592,-25.5007,-17.8644
-93.5888,-69.4149,-512.304
-138.307,247.732,-117.29
82.1894,-47.3596,40.1627
-178.207,179.615,222.448
-251.818,-26.379,-76.2735
97.8005,-1.89242,-133.43
40.929,176.715,-306.565
350.395,-102.188,127.976
161.918,318.825,436.326
164.515,-233.292,13.5233
220.723,-33.0319,412.391
-10.8894,382.257,-89.1241
7.39446,78.783,-75.6951
-95.7126,72.627,15.2605
-50.4867,-120.489,-290.177
-282.267,194.459,186.631
-122.769,221.277,-49.0007
-25.0534,-150.42,444.802
-6.7345,-142.307,258.762
304.097,108.34,304.607
-62.4346,102.506,160.56
195.078,-318.34,-385.606
122.922,-167.977,-42.267
-110.571,286.576,457.553
-14.6161,-127.89,-107.663
-183.705,148.268,80.8675
548.808,98.3096,319.012
-214.841,95.1982,202.576
-274.999,-33.9894,-219.92
-436.715,-40.106,-75.2065
356.149,-14.3078,272.388
221.264,-331.428,-325.026
168.394,20.9416,-331.257
129.949,242.041,-37.9831
435.305,-221.612,-95.5404
-424.709,177.552,319.138
422.16,104.924,306.014
178.81,281.316,-264.082
163.302,261.991,147.015
-85.1325,111.819,28.7405
212.577,349.367,-85.3105
-112.186,345.606,-63.1249
-270.229,178.56,47.739
-45.3029,152.666,26.3689
-37.5563,-54.5967,619.717
-312.827,6.90443,140.659
-95.7168,419.151,67.5695
-0.464013,-124.547,161.396
-162.1,136.515,11.199
303.498,87.0972,22.3004
25.4583,128.637,312.487
-74.1774,-116.233,-244.914
-144.324,-235.267,-164.134
-242.958,21.9056,132.005
135.106,386.048,247.59
88.9627,-123.474,-90.4285
42.305,103.708,-123.153
-358.043,6.55405,15.8547
-370.13,-122.194,16.3235
-28.3076,-43.27,287.173
-49.1207,-576.469,-54.6489
37.846,-136.467,143.093
-75.3965,4.64925,-124.975
-166.254,-275.23,127.983
107.116,129.074,-261.501
-105.574,-305.784,-66.4967
134.774,-161.43,84.4203
-138.553,195.551,30.8857
-403.558,-57.9749,256.221
183.66,50.3914,-249.429
200.118,-428.572,-290.421
102.924,0.2884,443.803
145.39,166.217,-255.998
-49.651,17.4385,118.746
-278.437,-433.167,-23.3415
68.6906,-157.474,169.13
-15.2283,-230.438,-113.612
-15.6619,295.409,-4.18063
-188.692,191.569,36.4531
-127.549,-26.0436,-286.847
-217.609,-162.483,-153.499
147.782,-28.0896,-89.0964
5.40103,-161.937,-78.9069
-166.641,47.8929,-77.4357
252.266,178.595,158.349
80.3574,243.925,-63.5601
-233.567,20.2137,-227.276
-72.2651,334.325,132.129
-335.183,49.6501,294.865
-190.931,-56.1634,-301.678
67.2057,151.717,216.555
-262.35,36.0409,-87.1151
-33.5902,94.9143,-52.5628
20.2636,-276.77,171.361
503.432,118.883,177.965
-98.7484,175.368,-322.659
89.3205,173.021,-481.861
122.581,110.991,252.384
-47.8539,125.906,-124.216
91.7198,276.334,-149.115
-81.0358,-42.6775,373.119
-210.175,255.505,97.0826
-150.848,341.728,156.112
67.3287,46.7853,-160.884
-127.094,-6.80632,-82.3471
160.53,-135.162,246.918
163.44,-56.2615,394.029
505.361,62.9415,-312.465
19.9212,-68.9994,-114.042
357.277,51.7967,19.1062
-305.14,55.7612,40.5112
-11.3066,242.982,13.9269
94.8508,416.049,-42.0499
144.419,-8.06621,190.584
1.92409,316.894,151.22
385.529,380.885,-398.422
144.797,94.6285,112.57
-258.169,-90.1691,-276.117
31.6349,-357.801,204.743
160.895,-350.158,-18.0958
9.98419,162.139,58.106
-191.394,28.0401,-131.157
13.6972,80.1034,-137.732
107.637,166.326,28.9968
370.43,-51.5096,-21.1137
-107.261,-80.9852,-267.05
353.211,65.3271,31.2332
251.375,218.65,113.639
83.5177,372.969,278.67
-173.559,102.342,-235.507
66.1839,301.631,257.468
-44.6434,282.714,329.226
-92.5219,-143.521,-109.103
160.175,258.348,23.6721
261.919,58.3235,-143.571
-84.9937,246.356,-51.218
-132.339,132.771,22.1229
210.96,39.7553,-63.481
112.391,-161.15,-238.836
-272.828,-111.463,180.017
235.114,-442.361,-68.0384
-138.594,-104.128,-94.0534
36.8076,-55.4265,-64.2333
-446.842,-461.979,-91.9997
150.45,-265.605,150.348
-459.894,-54.4915,-50.5085
229.527,-24.653,506.555
176.241,-62.2439,-177.359
85.2443,130.583,-303.979
-303.064,146.632,-39.5987
-321.856,-2.46027,197.23
41.5508,124.056,-148.119
-23.1112,-31.8867,-277.542
-76.7169,9.85686,-36.1791
-28.1287,119.414,-130.648
10.0753,114.338,-382.518
-135.641,182.951,-147.809
-317.708,-418.723,-20.3485
-26.2374,712.579,303.759
-87.6409,-229.951,-143.042
-2.69227,29.6881,39.4678
407.149,421.3,-31.7286
288.654,-137.756,-163.986
-77.7741,-63.6135,185.858
-10.4552,-196.556,-53.8387
43.2373,52.08,44.6662
135.251,-5.89308,25.0847
-117.499,-52.4196,116.651
-96.4422,-233.461,188.489
53.87,-207.933,23.333
130.209,-135.581,31.7323
36.8426,326.248,-24.1817
63.846,78.3718,-107.847
68.5988,-0.671629,-75.9966
264.178,3.10036,48.9453
323.721,1.93056,-337.976
315.424,337.755,238.968
389.603,37.1953,378.967
416.997,-110.238,-118.995
259.705,-200.458,118.253
-140.139,39.8448,-184.632
-172.97,-164.659,-389.057
41.2274,105.596,-231.144
-88.8619,103.429,128.523
278.641,306.212,-42.9429
-151.292,-215.673,197.339
-168.964,-100.374,-152.317
144.596,-354.228,-472.524
-209.344,-211.435,266.213
-60.8246,-89.2992,95.2101
-372.482,-421.711,-12.5888
37.6383,-206.351,-50.2014
189.714,-234.105,-116.085
-123.325,-485.329,-294.128
-239.782,-77.3508,14.8986
335.053,-68.1273,216.454
79.9571,267.544,-31.5902
-35.9996,227.739,1.27835
-37.3489,-29.7666,-221.534
-88.1262,44.9963,-216.07
-249.025,45.1818,341.366
169.617,44.5731,807.663
-0.289392,-79.828,-299.334
-76.7251,-247.942,-41.2877
127.404,171.472,-69.9355
-14.7159,82.5934,183.684
-10.2572,185.745,-29.312
-2.71119,130.803,54.7111
-263.658,161.635,141.997
-144.197,-138.491,-220.029
74.547,-197.481,127.343
-7.53693,193.179,-79.2599
-134.733,-75.4727,-154.871
-23.2566,-290.538,-75.1589
-18.5738,-108.463,-108.011
-124.557,370.639,75.6874
124.515,77.0782,1.28638
-156.998,-61.3204,-216.799
-88.646,31.9162,-58.6888
187.832,123.554,360.202
160.052,261.034,-137.149
-77.8421,260.404,106.542
-92.0483,-140.231,266.272
-433.09,49.6465,296.697
294.497,-159.258,-31.2832
293.851,50.6009,14.5828
121.006,-111.761,54.0048
-119.245,189.356,-54.2107
124.333,-299.36,-161.645
-93.8768,226.977,-54.3883
113.613,96.9851,-77.6904
376.887,56.605,-185.384
-48.9723,201.133,52.1124
-105.651,15.5443,189.842
-109.746,164.019,383.199
-443.019,-385.699,-231.815
-73.376,-130.537,86.1012
126.019,-251.199,211.858
-288.106,225.297,226.2
120.416,51.653,168.858
-165.521,-123.995,14.779
-5.04077,139.558,5.21898
332.908,199.639,-256.339
-82.4881,-96.8955,-163
69.322,324.893,253.66
128.839,273.567,-159.869
261.66,417.949,-270.523
101.616,325.366,-426.145
-283.447,264.224,107.314
165.233,-3.77033,-110.477
119.027,-150.273,623.203
75.0471,41.3274,-245.038
19.9482,-200.883,52.8596
-415.375,147.721,-133.781
187.35,-125.29,466.213
-151.757,-14.6137,151.026
-135.794,-100.143,-215.152
-37.7173,352.511,135.129
-49.4599,65.0653,241.041
44.6488,-140.692,-201.304
-294.288,530.979,391.357
25.1618,24.4338,-84.6617
153.58,194.499,-207.298
379.106,-138.876,13.8457
77.7417,-77.3522,160.367
9.88582,17.6253,-133.97
215.418,25.9276,54.0127
264.405,259.323,35.048
-173.597,131.737,-161.831
-14.0093,-14.3829,315.779
-310.729,-368.203,7.03035
-149.521,-87.2156,231.737
41.215,-80.9901,288.031
-287.576,-527.547,25.4207
8.6406,114.289,20.9977
-450.029,-339.42,-16.871
-155.665,-187.601,51.7805
60.5353,89.1722,82.7611
122.152,225.258,-64.8817
205.456,347.709,121.044
-267.068,-129.419,318.494
76.4547,-176.193,293.726
-41.3681,661.416,-101.226
-53.8358,280.892,139.794
-65.6713,-171.677,-127.392
-107.046,-425.507,246.751
-330.855,-35.5301,464.006
-572.093,191.107,187.167
-69.1813,-153.956,-115.743
-103.508,88.6749,-16.3426
-1.56911,-73.351,-276.235
-32.5425,298.765,125.06
405.849,-285.138,-228.802
-75.1137,-173.052,-179.997
91.5314,166.029,-194.303
356.6,31.8828,43.3063
-152.011,-74.4722,115.741
157.865,-35.4817,355.025
-306.919,-253.493,-176.858
190.232,-174.163,-241.343
160.324,-273.846,71.5865
-150.107,199.323,-167.36
134.654,248.163,55.3729
255.386,-42.467,8.89952
198.053,-116.226,103.156
-152.563,-32.1952,388.887
123.183,-237.462,-441.663
93.9892,-188.012,-91.2034
68.1884,165.995,99.226
-214.527,-238.022,-52.4481
-125.592,-171.457,-64.1536
-245.855,-26.7571,53.0189
73.1074,316.521,94.1208
-154.768,4.25003,-71.7838
-112.31,221.254,-182.724
-12.9003,162.892,-52.0006
-121.025,74.7411,85.1433
-4.12149,57.3095,-382.033
-128.347,180.934,133.316
181.114,-165.083,-28.1351
322.461,94.4778,176.243
-228.259,-35.8599,189.312
-212.887,-385.791,200.332
50.1973,-205.03,129.904
191.466,-169.443,80.3195
-184.623,149.604,-218.755
-113.68,17.344,-208.186
143.375,161.657,311.854
-362.675,-63.4234,-43.653
211.227,-243.448,-126.151
173.671,182.358,213.873
-157.022,-285.03,-97.8061
-103.508,417.206,107.811
-103.779,48.4708,-65.6719
659.397,559.295,12.1963
182.098,92.9096,-306.252
85.9426,119.075,297.337
-298.546,-100.055,-37.9554
-15.9633,-234.257,56.4027
-496.724,74.8369,-132.463
-245.964,88.6193,151.558
-266.815,115.682,106.619
164.634,283.424,550.153
81.4403,-424.915,-88.0825
-241.097,-78.1595,-368.293
160.147,-164.194,-11.3079
-87.4791,28.1574,33.8278
14.7301,379.766,303.161
337.121,-100.403,150.4
-211.9,308.358,247.926
-349.614,188.605,245.029
106.118,-222.3,-133.755
239.582,-151.391,122.045
-19.1239,212.536,193.713
-80.9073,109.492,329.557
-144.614,-28.4593,-12.2614
65.2252,231.624,91.6782
9.37608,-328.836,-87.7418
-426.591,-186.665,345.227
168.827,-129.034,-69.0339
489.873,22.2909,89.7386
-249.873,9.98376,353.737
88.4895,-254.654,202.406
-114.659,205.713,334.988
157.857,105.349,-220.556
-50.3152,15.6272,-217.611
-4.64299,210.112,-40.0804
156.851,-99.5696,-109.172
33.4473,223.173,65.7221
282.118,99.5074,405.571
-272.859,161.62,55.8015
-342.772,-69.45,29.5456
-162.725,-112.512,142.29
-99.5509,-82.8776,235.029
-25.1721,-73.9869,-104.829
6.71169,-553.812,-308.519
217.788,-123.645,-395.149
60.8826,-315.314,-211.56
-8.33642,-347.36,-113.29
-186.355,419.333,-175.942
56.198,-112.716,44.4944
0.87044,162.007,-286.32
94.5117,48.1373,-17.0278
-125.682,-43.6469,197.535
50.9257,52.3734,-52.5488
-85.006,-455.448,126.336
113.4,45.014,-37.0987
-156.046,-18.3093,-121.525
20.6023,-167.843,-39.8334
-186.625,-468.158,99.2131
134.534,-279.09,4.36196
-148.023,113.985,111.75
228.701,-237.145,-488.15
-214.496,-440.915,-93.0738
39.4263,-10.8082,128.806
411.028,-254.46,119.516
-8.23921,80.1272,-129.261
-229.208,-130.364,-10.3439
484.909,-130.285,160.418
38.1783,86.6904,108.553
84.0559,148.428,-83.1933
189.82,265.955,187.595
-10.6877,-237.773,-75.252
-135.006,-7.56466,-69.5879
-242.528,-548.217,131.028
248.828,26.8399,-308.372
39.6975,-78.0503,387.561
270.393,-69.793,-15.3555
326.388,-50.7381,242.159
-130.074,-295.619,-39.7707
256.042,136.709,-178.475
209.244,286.11,257.22
149.075,70.8866,-19.0947
-154.5,35.2283,-2.13287
