2
5
9
33
34
35
37
38
39
41
67
257
258
261
262
263
264
265
288
289
290
291
292
293
294
295
296
297
320
323
324
514
518
550
552
576
10
11
13
17
43
44
45
46
47
49
75
79
266
268
269
270
272
298
299
300
301
302
303
335
520
526
560
588
16
18
19
21
22
25
48
51
52
53
54
55
83
84
87
273
274
275
277
278
281
304
305
306
307
308
309
310
311
312
313
343
530
562
564
1
24
26
27
28
29
30
57
59
61
63
256
282
285
286
287
314
315
316
317
318
319
347
351
538
540
542
544
568
572
69
71
72
73
98
99
100
101
102
103
131
322
325
326
327
354
355
356
357
358
359
387
578
582
608
610
616
74
77
81
104
105
106
107
108
109
110
111
113
139
140
143
328
329
330
331
332
333
334
336
337
360
361
362
363
364
365
366
367
395
396
400
586
590
618
620
622
82
85
114
115
117
118
119
121
147
338
339
340
341
342
345
368
369
370
371
372
373
374
375
376
377
403
408
596
598
624
630
632
65
89
90
91
92
93
95
96
97
123
125
127
159
321
344
346
348
349
350
352
353
378
379
380
381
382
383
412
602
634
636
640
668
132
133
134
135
160
163
165
166
167
169
196
200
384
386
388
389
390
391
392
393
416
417
418
419
420
421
422
423
424
455
642
646
648
674
680
712
137
138
141
142
145
171
172
173
174
175
203
204
394
397
398
399
401
425
426
427
428
429
430
431
433
456
652
656
686
146
149
151
177
178
179
180
181
183
185
211
402
404
405
406
407
409
432
434
435
436
437
438
439
440
467
468
658
662
692
694
129
153
155
156
157
158
161
186
187
189
190
191
192
219
385
410
411
413
414
415
441
442
443
444
445
446
447
448
479
696
698
702
3
7
8
195
197
198
199
227
229
231
233
259
260
449
450
451
452
453
454
457
480
481
482
483
484
485
486
487
488
706
710
738
740
742
744
12
15
201
202
205
207
208
235
236
237
238
239
240
241
267
271
458
459
460
461
462
463
465
489
490
491
492
493
494
495
528
714
716
23
209
212
213
214
215
217
243
244
245
247
248
276
279
464
466
469
470
471
473
496
497
498
499
500
501
502
503
504
505
720
726
752
754
756
31
193
218
221
223
225
249
250
251
253
255
280
283
284
472
474
475
476
477
478
506
507
508
509
510
511
730
732
736
764
517
519
521
546
547
548
549
551
553
579
769
770
771
773
774
775
776
802
803
804
805
806
807
808
836
839
1026
1030
1056
1062
1092
522
524
525
554
555
556
557
558
559
584
777
778
779
781
782
783
809
810
811
812
813
814
815
844
848
1034
1038
1040
1064
1068
1070
1072
529
533
534
535
536
561
563
565
566
567
569
595
785
786
788
789
790
791
792
816
817
818
819
820
821
822
823
824
825
852
855
1046
1076
1080
1108
1112
513
537
539
541
545
570
571
573
574
575
600
603
607
768
793
794
796
797
798
799
800
801
826
827
828
829
830
831
832
856
859
1054
1084
577
580
581
583
585
611
612
613
614
615
643
644
834
835
837
838
840
866
867
868
869
870
871
872
873
903
1090
1122
1124
1126
1156
587
589
591
592
593
617
619
621
623
651
655
841
842
843
845
846
847
849
874
875
876
877
878
879
881
907
911
1098
1102
594
597
599
601
625
626
627
628
629
631
633
660
850
851
853
854
880
882
883
884
885
886
887
888
889
912
915
1106
1140
1142
604
605
606
609
635
637
638
639
667
833
857
858
860
861
862
863
864
865
890
891
892
893
894
895
920
1114
1116
1146
1150
645
647
673
675
676
677
678
679
681
704
707
708
711
896
898
899
900
901
902
905
928
929
930
931
932
933
934
935
937
963
967
1154
1158
1184
1186
1188
1192
1220
649
650
653
654
682
683
684
685
687
688
689
719
904
906
908
909
910
913
936
938
939
940
941
942
943
945
971
1162
1164
1166
1194
1196
1232
657
659
661
663
664
690
691
693
695
697
723
728
914
916
917
918
919
921
944
946
947
948
949
950
951
952
979
983
1174
1200
1202
1204
1206
1208
641
665
666
669
670
671
672
699
700
701
703
735
897
922
923
924
925
926
927
953
954
955
956
957
958
959
987
988
991
1182
1210
1212
512
515
516
709
713
737
739
741
743
772
960
962
964
965
966
992
994
995
996
997
998
999
1001
1218
1222
1254
523
527
715
717
718
721
745
746
747
748
749
750
751
753
780
784
968
969
970
972
973
974
975
976
977
1000
1002
1003
1004
1005
1006
1007
1008
1009
1036
1224
1226
1230
1258
1262
531
532
722
724
725
727
729
755
757
758
759
760
787
978
980
981
982
984
985
1010
1011
1012
1013
1014
1015
1017
1238
543
705
731
733
734
761
762
763
765
766
767
795
961
986
989
990
993
1016
1018
1019
1020
1021
1022
1023
1216
1274
1276
1028
1029
1031
1032
1033
1057
1058
1059
1060
1061
1063
1088
1091
1095
1096
1280
1282
1283
1284
1285
1286
1287
1289
1312
1314
1315
1316
1317
1318
1319
1321
1347
1348
1542
1570
1574
1608
1035
1037
1041
1065
1066
1067
1069
1071
1103
1104
1290
1291
1293
1294
1295
1297
1320
1322
1323
1324
1325
1326
1327
1328
1352
1359
1546
1550
1552
1578
1582
1042
1043
1045
1047
1049
1073
1074
1075
1077
1078
1079
1081
1107
1298
1299
1300
1301
1302
1303
1329
1330
1331
1332
1333
1334
1335
1337
1360
1363
1367
1556
1586
1588
1025
1048
1050
1053
1055
1082
1083
1085
1086
1087
1119
1281
1304
1305
1306
1308
1309
1310
1311
1313
1336
1338
1339
1340
1341
1342
1343
1371
1566
1592
1596
1598
1628
1093
1094
1097
1120
1123
1125
1127
1129
1345
1346
1349
1350
1351
1353
1376
1377
1378
1379
1380
1381
1382
1383
1385
1412
1600
1602
1604
1632
1634
1638
1640
1668
1099
1100
1101
1105
1128
1130
1131
1132
1133
1134
1135
1163
1354
1355
1356
1357
1358
1361
1384
1386
1387
1388
1389
1390
1391
1392
1416
1419
1424
1616
1646
1648
1109
1110
1111
1113
1136
1137
1138
1139
1141
1143
1145
1175
1362
1364
1365
1366
1369
1393
1394
1395
1396
1397
1398
1399
1401
1432
1622
1650
1652
1654
1684
1089
1115
1117
1118
1121
1144
1147
1148
1149
1151
1179
1344
1368
1370
1372
1373
1374
1375
1400
1402
1403
1404
1405
1406
1407
1435
1436
1439
1656
1664
1153
1155
1157
1159
1185
1187
1189
1190
1191
1219
1409
1410
1411
1413
1414
1415
1440
1441
1442
1443
1444
1445
1446
1447
1448
1476
1666
1696
1698
1700
1728
1732
1160
1161
1165
1167
1168
1169
1193
1195
1197
1198
1199
1201
1227
1231
1417
1418
1420
1421
1422
1423
1449
1450
1451
1452
1453
1454
1455
1483
1484
1672
1674
1704
1706
1710
1736
1170
1171
1172
1173
1176
1203
1205
1207
1235
1240
1425
1426
1427
1428
1429
1430
1431
1433
1456
1457
1458
1459
1460
1461
1462
1463
1491
1492
1495
1686
1688
1714
1716
1744
1152
1177
1178
1180
1181
1183
1209
1211
1213
1214
1215
1408
1434
1437
1438
1464
1465
1466
1467
1468
1469
1470
1471
1472
1499
1500
1503
1690
1692
1694
1024
1027
1217
1221
1223
1248
1249
1250
1251
1252
1253
1255
1256
1288
1473
1474
1475
1477
1478
1479
1505
1506
1507
1508
1509
1510
1511
1512
1540
1730
1734
1762
1764
1766
1039
1225
1228
1229
1257
1259
1260
1261
1263
1264
1292
1480
1481
1482
1485
1486
1487
1513
1514
1515
1516
1517
1518
1519
1521
1738
1772
1044
1233
1234
1236
1237
1239
1265
1266
1267
1268
1269
1270
1271
1296
1488
1489
1490
1493
1494
1496
1497
1520
1522
1523
1524
1525
1526
1527
1560
1746
1748
1750
1780
1051
1052
1241
1242
1243
1244
1245
1246
1247
1272
1273
1275
1277
1278
1279
1307
1498
1501
1502
1504
1528
1529
1530
1531
1532
1533
1534
1535
1536
1758
1760
1790
0
4
6
36
40
68
1538
1539
1541
1543
1545
1568
1569
1571
1572
1573
1575
1794
1796
1797
1798
1799
1825
1826
1827
1828
1829
1830
1831
1833
1856
1859
14
42
76
80
1548
1549
1553
1576
1577
1579
1580
1581
1583
1615
1800
1801
1802
1803
1805
1806
1832
1834
1835
1836
1837
1838
1839
1867
1868
50
88
1554
1555
1557
1558
1559
1561
1584
1585
1587
1589
1590
1591
1619
1623
1809
1810
1811
1812
1813
1814
1815
1817
1840
1841
1842
1843
1844
1845
1846
1847
1849
1875
1879
1880
32
56
58
60
62
64
1537
1562
1563
1564
1565
1567
1593
1594
1595
1597
1599
1627
1792
1793
1818
1819
1820
1821
1822
1823
1824
1848
1850
1851
1852
1853
1854
1855
1883
1887
66
70
1603
1605
1606
1607
1633
1635
1636
1637
1639
1858
1860
1861
1862
1863
1888
1890
1891
1892
1893
1894
1895
1896
1897
1927
78
1609
1610
1611
1612
1613
1614
1617
1641
1642
1643
1644
1645
1647
1649
1864
1865
1866
1869
1870
1871
1898
1899
1900
1901
1902
1903
1904
86
112
116
120
1618
1620
1621
1651
1653
1655
1657
1680
1683
1872
1873
1874
1876
1877
1878
1905
1906
1907
1908
1909
1910
1911
1936
1939
1940
94
122
124
126
128
1601
1624
1625
1626
1629
1630
1631
1658
1659
1660
1661
1662
1663
1857
1881
1882
1884
1885
1886
1889
1912
1913
1914
1915
1916
1917
1918
1919
1920
1947
1948
1951
130
162
164
1665
1667
1669
1670
1671
1673
1697
1699
1701
1702
1703
1705
1735
1921
1922
1923
1924
1925
1926
1928
1953
1954
1955
1956
1957
1958
1959
1960
1987
136
168
170
176
1675
1676
1677
1678
1679
1681
1707
1708
1709
1711
1713
1929
1930
1931
1932
1933
1934
1935
1961
1962
1963
1964
1965
1966
1967
1995
1999
144
148
150
152
182
184
1682
1685
1687
1689
1712
1715
1717
1718
1719
1721
1747
1937
1938
1941
1942
1943
1944
1945
1968
1969
1970
1971
1972
1973
1974
1975
1976
1977
2003
2008
154
188
1691
1693
1695
1720
1722
1723
1724
1725
1726
1727
1755
1759
1946
1949
1950
1952
1978
1979
1980
1981
1982
1983
2011
2012
194
224
226
228
230
1544
1729
1731
1733
1761
1763
1765
1767
1768
1769
1795
1984
1986
1988
1989
1990
1991
1992
1993
2016
2018
2019
2020
2021
2022
2023
206
232
234
1547
1551
1737
1739
1740
1741
1742
1743
1745
1770
1771
1773
1774
1775
1804
1807
1994
1996
1997
1998
2001
2024
2025
2026
2027
2028
2029
2030
2031
2032
20
210
216
242
246
1749
1751
1776
1777
1778
1779
1781
1782
1783
1785
1808
2000
2002
2004
2005
2006
2007
2033
2034
2035
2036
2037
2038
2039
220
222
252
254
1752
1753
1754
1756
1757
1784
1786
1787
1788
1789
1791
1816
1985
2009
2010
2013
2014
2015
2017
2040
2041
2042
2043
2044
2045
2046
2047
