-0.663528             3.11223             1.54286
-1.01012             6.12451            -2.63382
-5.02431           -0.766996             5.84684
7.85999             9.38492            0.254963
-4.93164            -2.92696            -6.28659
2.85534             4.86186             4.70204
3.96399             9.36508            -1.66172
-9.81203             5.26284            -9.78526
7.45011             7.98603             2.60799
-4.0148             3.24189            -5.47559
3.26857             1.40701            -8.87374
0.591544            -9.75821            -5.97985
-3.28881             1.81027            -1.42881
3.92502              1.9088             1.85606
6.96044            -3.08754             5.95951
-8.44828            -6.73317            -1.42011
-10.4177            0.875466            -4.49714
2.40905            -9.15272             4.66746
-6.24359            -6.52234            -2.02134
4.06756            -8.04883            -2.37063
0.367245             1.71426             9.60532
0.691087             5.38914             9.58794
1.64198            -5.99563             7.90006
0.195078            -4.91826             -3.0144
4.40219             6.83391            -9.13768
8.68189           -0.883891           -0.698435
-10.8563             2.71498             8.83792
-6.58589            -10.6908             3.99589
6.555              5.7286            -8.83508
5.63981            -10.2961            -6.98659
2.81527             1.99531            -6.69994
9.38092            -3.12246             3.17341
2.00275             9.57922            -7.33404
-8.9015             2.37764            -11.9551
10.1233            -5.29264             -9.3096
-0.615127            -4.73583            -9.29126
-8.39566            -6.24157            -8.43177
-1.1153              5.7408            -3.04192
-9.75705            -9.06773             -2.0931
1.6167             8.08348             8.25174
3.71399            -8.04802             1.53526
5.85277             2.02047             -5.3879
5.27744            -7.77317             3.81426
3.69401             5.72084             9.02985
6.01672             1.66749              5.9569
1.83595            -4.76207            -7.64779
2.92255            -7.01621            -7.89251
-4.45968             1.38619             10.0303
-11.3361             6.02421             4.49856
0.379613             8.71971             1.17504
1.51825             3.68297            -4.27384
-3.27189            -9.58897             6.38989
7.1724            -9.39128             6.36436
-3.15529            -2.81588            -8.80342
9.66258              6.6593             8.58026
-9.04538             8.04162             4.04606
0.831671            -2.23463             9.88241
1.00737             3.81564            -3.13664
5.67487             6.58009            -5.12861
-4.32213             6.75675             8.28057
-3.14628             7.90297             3.95713
4.98834            -4.89432            -8.12288
-4.73942             8.61807            -6.98594
7.66249             5.97924            -2.22415
5.94674            -6.96908             5.98147
9.43021            -0.71165             3.59686
5.58718            -5.57979            0.398363
0.297387             9.52731            -9.76273
-7.25191             9.13154             2.97124
-8.45983             2.02279            0.721942
-8.39052            -6.74573            -7.65577
6.66227             9.89376            -7.54577
4.44761             9.64531            -4.07735
6.16469              8.1314            -9.42113
-8.23245             7.89204             7.03442
-3.99358            -3.92436            -1.09029
-5.33217             3.51643             1.56566
0.582204            -8.34262            -1.01689
3.62332             8.93975            -8.25224
-8.5525            -8.17437            -3.41462
-5.85265              3.6065            0.801244
-9.1853             2.15222            -7.35362
-11.1919            -6.11309             1.49594
-4.4023             3.97924            0.699188
6.53528            -7.41547             5.10182
4.8367               1.977            -7.68569
-6.6952            -2.36418            -7.79163
8.62265            0.959018            -8.73245
8.13068            -9.68583            -2.96428
2.8053             1.97873            -5.55067
-10.521            -3.76149            -4.29712
-4.62783             1.03255             2.91463
-2.87622             8.47149            -2.60258
-9.50413             2.89504            0.948404
0.758683             7.14785             5.24705
6.29134            -9.16634            0.953942
-6.33193             3.28745            -2.47018
-0.466739             5.27629            -10.7164
1.42556             5.14846             8.37783
3.87807             4.16425            -3.24117
9.59711             5.68758             4.01086
-0.950511            -5.87946             8.48288
-3.9568             4.34974             1.82388
3.05183            -5.68327            -2.96734
-7.3202            -7.31695             1.89134
8.1698            -5.55869            -2.55195
0.470071            -2.76257              -2.203
6.44975             1.07065            -7.68091
-8.55184             7.77056             5.77247
-0.765465            -3.68666             7.30409
-4.8642             -1.9268              5.4914
-2.38356             6.95299            -9.32871
-2.65296            -5.12711              6.3895
-6.2978            0.746033            -6.03291
5.13216           -0.789041            0.573664
-3.59696           -0.525852             7.05324
-3.13635            -6.07056            -3.83762
0.151105             9.89883             2.50727
3.89476            -5.53014             6.82964
-5.27707            -5.64962            -5.50705
-1.91464             -4.7127            -1.52178
-6.42614             1.95112            -4.90891
3.3518              4.0357             5.11802
-9.89577            -6.35609            -3.53929
5.07715             5.42761             1.82408
3.89761              4.2381             9.78949
-11.0359             6.52065            -6.37112
-10.7932             5.75352             5.65197
-7.37379             3.70845            -8.12686
-0.870327            -5.27589             2.57974
-11.0153             3.86975            -3.93705
6.64491             2.06942            -4.63855
1.79227             8.14568            -2.42332
-2.34104          -0.0585098             6.96423
-2.77688            -4.84623             2.83114
0.507049              7.7952             5.41402
-9.11426             6.36202             8.23411
-1.60656            -3.99085            -4.15324
-9.4454            0.542025            -3.61641
-0.182804             7.07319            -5.14012
4.91448            -8.17034            -3.52665
9.02167             2.14045           -0.380637
-4.88819           -0.818696             2.77138
-0.273023             5.17657            -1.57567
-4.81077             -1.2505             7.16494
-0.88845             1.50786             3.80932
8.89631            0.861483             9.54791
-4.57531             4.45646            -8.55443
9.25776            -9.41335            -8.52294
-9.34582            -3.81776             8.30636
-4.09148            0.116949             1.54126
3.12981            -3.09945            -8.35851
0.400551             1.75696            0.564289
-1.18598             5.69693             2.80387
5.41079            -3.27814            -6.09246
-7.65518            -9.37674             8.11543
8.75872            -9.59252            -4.73289
7.18934             0.30342            -8.61114
3.41706             7.05137            -5.27713
-5.56012             7.63657             8.00197
1.368            -3.43647            -4.73606
1.43717             5.54845            -3.64287
-3.86977            -8.35493            -9.84435
2.93779            -9.34736            -3.52395
-7.33522            -2.18342            -9.60101
-9.72502             6.91413            -6.36291
-2.8011             2.79001            -4.65996
-8.36223            -5.92351            -2.10416
-9.62465             -9.8314             9.79033
6.61397            -7.98313            -7.33091
1.79951             5.28044             5.35131
7.53166            -5.05467            -1.68353
0.382162             3.47713             8.31808
8.25708             4.50683            -4.15841
2.0723            -1.56309            -9.27786
-7.54026             8.57112            0.819988
-9.52383            -1.50628            -1.26517
5.27864             6.76214            0.712743
6.08306            -6.15026            -6.04352
-1.82711            -3.08242            0.546858
1.95002             5.40343             2.91348
-8.23473             2.10262            -9.68538
-9.55189            -1.12545             3.60908
-11.08             2.17278             8.54738
3.57489             3.40233             7.86377
-1.32295           -0.464864             3.99214
-6.72154             4.49809             7.44779
0.369551            -9.55786             4.90446
3.53643             6.82492            -3.98914
-0.120535             -2.4018           -0.936871
-4.66223            0.577704             3.06007
-4.64853             -4.2181             8.07805
1.51265             7.10296             -3.0882
5.43029            -5.80078            -2.64832
-9.6041             1.53383             7.41399
4.87388            -5.10915             7.36039
-6.76564             8.38276             2.28752
-7.36869            -8.82838             6.77053
1.23474             4.27452             -6.6558
-10.3507             8.10418             7.86293
0.277529           -0.715057             6.25287
-0.164688            -7.67198             9.76844
2.71665             8.31548            -1.55357
-4.2274            -1.08106            -7.00358
-3.95865             5.28409            0.150431
-1.78136             2.79712            -1.13911
-11.8156             2.09138             9.60969
4.03123           -0.545278              3.8409
-2.42236             4.74219            0.854963
-6.06059            -3.99202            -1.38282
-3.03471            -2.90668            -9.21565
-7.74367             7.05602            -8.52233
-1.82601            -5.61957              8.0693
-0.46463             2.12638           -0.443101
-2.71327            -5.52802            -9.73709
-1.31989            -9.34884             2.99672
-8.84188            -1.95346            -4.35853
-2.59275            -9.35213             8.14958
-2.70378            -6.67039             -8.2253
4.248            -9.24196             4.57253
-7.82614             5.78908            -8.89207
-3.26832             2.91873            -8.48807
7.81841           -0.629847             8.60029
-6.74673             2.62265             1.19651
0.101582             7.47276            -7.77182
-6.36257            0.845274            -4.95349
-8.91871            -3.49192            -3.89263
-6.69748            -1.06228             4.44756
0.623519            0.298546              5.8064
-7.09132             9.56082            -4.15555
-8.26303             6.09539            -3.34535
-3.79341            -9.63115             2.90814
-0.111616           -0.749708             9.61987
8.32568             7.81298             2.27371
-3.46379            -6.89912             7.71186
0.989358            -3.78454            -2.23636
2.72233          -0.0870743            -7.78294
-1.50002            -8.81018            -2.74674
9.06193            -1.54269            -2.69829
2.94326            -2.46974            -4.27918
-10.9775            -8.41194            -9.43021
2.27953             6.44822            -4.85903
-5.59431             3.59597            -7.27163
-0.274535             9.42936             1.13959
-8.4514            -6.59051             3.51936
-6.87973            -2.37286             -3.0371
-2.85963            -2.60234             2.50208
4.11325             9.43116            -5.90245
-5.45574            -9.06778             4.12308
-10.0881           -0.331466             8.65903
-2.78429             -6.5535             8.95704
-0.960916            -3.53086             9.28211
5.49197            -9.85013            -6.86681
7.04254            -3.36183             2.77121
-3.90683            -2.79064            -2.20053
-9.98727             8.47296             -8.0994
6.93224             5.64556             7.79157
-0.616792            -3.28428            -6.71719
2.03637               9.899             7.63801
3.78739            -3.58829             7.17889
1.71328            -6.71997            -2.79979
-6.07076            -3.36493             7.95925
1.86811             9.41715             4.61495
7.10026            -6.33111            -4.55552
3.92221           -0.998734             5.23096
5.50404             -1.3972            0.784375
0.7418            -5.75238             8.60023
-1.29858             5.28015            0.555781
3.54197            -10.3104              8.0936
-5.51896            -5.41661             9.99033
-4.62915           -0.445037            -4.04203
-4.52784             3.06702             2.80907
-0.222138            -10.7369            -4.48268
5.54619             1.82348             3.82251
5.91321            -10.8819            -9.35438
6.23138            -7.76437            -7.19898
1.60676            -9.61234             6.20916
0.281339             -2.4882             9.28404
-1.68907            -1.11039            -8.80565
1.40588            -6.00267            -8.11538
-0.889257            -6.56491            -3.04665
-1.30339             5.21368            -2.82008
1.17378              3.0367              9.5658
1.97777            0.287775             2.49392
1.99119            -7.83523             3.44145
8.29888             5.91037              3.3518
5.66744             1.92173             1.95636
0.929396            -5.77796             6.47265
3.96446            -6.80582             -3.8354
-4.5658              7.2253            -7.12254
9.54563             -3.7456           -0.772021
0.708336            -4.72461             5.25181
6.98134            -7.62723             5.57074
-1.10619           -0.509682             2.74337
6.6439            -4.25351             5.26243
-2.07666             3.06269             7.24737
6.06667            0.575565             0.75305
-4.032           -0.923633            -4.33956
-7.64755             4.05271              9.7972
5.69367             8.64226             5.84074
5.76438            -4.83104             4.71979
0.00196162            -3.62479            -1.84479
6.50001             2.39172            -3.56179
6.25653           -0.471532            -5.48346
-0.10802             4.72709             5.82145
-0.973002             5.10029              4.8006
2.06043            -5.12636            -4.66317
-0.198523             6.33733             8.43108
7.71095             5.58389           -0.868044
6.88118            -8.13351             9.65555
-6.582             1.74633             2.07392
6.23888             4.71061            -6.59809
3.65624             9.22185           -0.825326
8.51742            -6.33791            -2.56213
3.03723           -0.885412            0.884237
4.80783             0.96849            -9.23149
4.45995            -7.73563             1.41691
2.56217             4.94839              9.8053
5.00222           0.0779305            0.775353
-7.90271             1.82329             4.62312
-3.91032            -7.79021              -4.238
-7.33526            -4.10852            -7.85012
-5.95568            -4.50694            -1.17854
-4.79084            0.499615             1.09175
-4.02814            -2.14076            -1.08192
-2.16669               8.982             4.23364
-1.33815             2.20193             -5.6926
-5.14297              4.6181           -0.618464
-3.2765              -8.741             6.99952
0.428472            0.279772             7.29758
0.854837           -0.498792             7.06078
-3.5775            -2.12175            -4.03445
0.842064            -7.89019            -9.50472
-5.87361            -8.06615            -7.78441
4.48441            0.251208             7.12224
-8.11342             8.15237             6.46588
-6.91134            -7.19153            -5.59657
-9.10946             3.57354            -8.47643
-7.86505            -3.29113             3.16147
2.97479              1.0396             6.82042
5.61427             5.42901           -0.570568
4.9926             2.21508             4.01094
-4.18194            -9.90574            -9.65058
3.34217             7.71732             5.38577
-8.08644             9.51711              9.7336
1.23129             4.53416            -3.30873
-7.37178             1.38209             3.78605
3.99585            -8.25693            -6.63285
-0.58274             9.01399            -1.32687
5.19834             1.81378          -0.0269428
3.25492             3.44902              6.9485
-4.41212             8.47385             1.66619
-9.68118             9.51952            -11.2945
9.28838           -0.795395              5.4135
-5.76478             8.02191             4.49048
-5.11983             1.52757             1.85087
6.97862            -9.12077             8.22668
7.18271             1.45506            -6.36499
-2.30648            -7.50146              2.3557
-6.22279             6.33413             2.55414
2.87852             4.06992             7.46128
1.00229             5.03007             6.60708
-2.74924            -8.49131             6.54222
5.61996            -5.50975             3.34025
3.24883             9.98264             -2.7705
1.46969             1.55639             -5.4166
3.1562             9.94341            -4.82483
-6.2583            -8.90491            -4.73745
8.99638             2.62031            0.115903
-0.824683            -1.79852           -0.262989
-7.32727            -3.34882              4.2863
1.18038               5.283            -6.49778
0.122828           -0.832151            -5.63158
-0.41142             2.61261             1.24627
-5.97962             9.47259            -5.60294
10.0938             -9.6649             4.25354
2.02733             4.10849             4.18563
-2.18849            -9.44419            -4.73359
-3.84039             7.65282            -9.34646
3.28278             9.07242              3.0035
4.77152             9.17128             2.97823
-7.34996           -0.243154            -2.11337
-6.10397            -4.20793             3.19116
-7.0799             1.51647             6.40689
-4.28783             9.89186             3.13861
2.13138             9.07427            -11.7941
-0.055308            -6.64326             7.46498
8.86734             3.92886            -7.77541
2.05912            -3.13191            -9.10588
-9.72795             2.86713             3.81053
6.89108             5.89191             5.63379
-9.60151            -2.59306             5.92147
0.595664             2.92605             8.46271
-4.27597             7.33523             4.20728
-7.29774             8.39039             4.66297
-8.46687             -1.5497            -1.90178
-3.04303            -7.24356              2.1322
0.979249            -6.93418            -1.64175
-8.12129            -8.51554             3.74488
9.74137             3.34301             7.67478
3.25218             3.19341            -6.73304
9.01461             9.98021             9.13228
0.435445             1.11415            -8.28774
1.95472             6.13479              3.8683
2.15664            -8.44899             4.59924
-6.14553            -9.18684             9.28192
5.72003            -6.44018             8.65858
-7.41447              4.1055             0.27754
1.15831            -9.15411            -1.91472
6.38599             6.57976           -0.575772
8.13452              8.4025             9.83898
-5.03326             2.43377            -7.50145
-3.25439            -2.06439            -1.59464
-7.4169             -4.3876            -2.09349
2.79821             5.97979           -0.908324
-7.03001             4.84175            -4.08873
1.40187            -6.52937           -0.297832
-9.29636              6.0342             9.73227
9.50842             9.58285             6.92167
-1.24584              6.3729            -7.76416
2.92213             2.82769             7.66077
1.55242              8.2336             7.53412
-2.86472             4.21481             2.13999
-3.62437            -5.98387             1.07692
-3.35576              1.6618             9.14186
-0.796258             -4.2084              5.8675
5.09124            -6.91804             8.16289
0.994089            -5.86581            -1.04504
6.91816             1.28744             2.55595
-5.62189             8.96992             -2.4259
1.3654             4.84696             -4.4203
0.88201            -9.36366            -7.37016
8.7599             1.28114            -7.23469
7.44366             2.24517            -7.42667
-4.59672            -8.70265             6.42396
-0.71169             3.66836             5.51053
-6.61454            -8.50925            -2.91229
-1.0726             2.80256             5.09352
8.97334            -8.82764             2.39595
-1.47329            -2.14073             -6.6307
3.59133            0.999678            -3.92666
8.99805            -4.91713             8.86726
-3.16376             8.83603             6.46201
-1.86316           -0.371036             2.46409
-0.183037            -5.87774            -2.45198
-9.66715             8.24813             5.84421
-2.63302             2.61407            0.519888
9.8015           -0.824689             4.31732
3.65798             7.01578            -11.2702
6.11751             4.23802             7.56195
-8.84773            -2.33555            -5.77497
9.0571            0.343318             5.40126
7.50837            0.235299             3.23452
9.35559            -2.65329             9.87239
6.16799             1.13639            -3.34095
1.10011             6.77916            -4.47564
-0.0537174             5.45965            -1.21919
2.21236            -8.66741             -1.1863
2.74552            -7.75768             4.08694
-7.97325             6.95685            -2.73397
5.09625             6.17429            -7.27704
-3.63856           -0.895563            -2.79541
3.52374            -8.91494            -4.31872
-6.85779            -3.13936            -4.09273
4.28786             8.07981             5.52375
-1.8978             8.96021             3.16512
7.80144            -5.18514            -8.64602
-3.11286            0.772451           -0.259192
-4.93682            -5.52716             5.43686
1.09517            -3.02337            -4.49486
-4.91484             6.01568            -6.16892
1.7119             3.21021             3.97548
-6.29147             -3.4368            -3.34796
7.68332            0.590503              1.0069
3.22043            0.716558            -1.42082
4.65877             7.92224           0.0566393
-3.69832             2.39789             -7.3651
-5.16123            -5.44503            -7.00451
1.2338           -0.133584             3.76171
-3.16577            -9.10511             6.64597
5.39188             6.13959            -9.51153
8.77894             1.34886             7.60291
6.23522             6.93373            -1.94092
-5.15778          -0.0169136             7.41318
9.46715              2.1848            -2.88199
-7.00651            -3.11088             1.20036
-0.127094            -6.89553            -6.66673
-7.31117            -2.81406             10.0629
7.64694             8.59061            0.151922
-0.998559            -8.49329            -4.48064
-6.11969            0.813174            -9.60681
6.40581            -5.84927            0.957312
3.44235            -0.66934             8.04589
-9.06135            -8.67295             7.07114
9.78693             2.60524            -5.29713
10.0939             8.47992            -3.75311
-8.28563            -3.57132            -7.62175
-0.109335             4.72947            -6.62683
2.40361            -6.15659            -6.83716
-2.69627            -3.03256             9.20745
4.22426             8.36755             3.23547
8.06872             -1.5648             3.28348
-7.3959             8.59523             5.33495
0.841556             4.15622             8.14908
-8.02675             -0.8842            -6.34682
1.51623             2.59424            -2.87981
-5.09358            -2.48935             7.92573
-2.18152             2.56784            -5.17198
8.512             7.05649            -6.34238
1.84032            0.688849            0.303201
-3.35729              6.5532              4.9545
-1.91028            -7.34315            -6.14442
0.86694            -9.80755             9.37214
-5.53528           -0.686043            -13.0862
-1.99831            -3.71551            -8.19523
4.47295             2.32596             -9.9441
-7.88649             7.45174            -3.89398
5.96007             2.94393           -0.725778
5.34013             2.40125            -4.37269
4.35914            0.537611            -6.76346
4.00117            -5.56095             2.80348
2.9773             6.03715             3.83039
-0.109303             2.34829            -2.73466
-9.27011             6.22018            0.597695
4.0904             8.13707              2.9912
3.27199            -4.39807            -7.75049
8.87769             9.69902             4.98712
4.56076            -9.52753             -9.1119
-1.55887             6.03871            -3.72738
1.23992             2.20634             3.83362
0.879491            -3.54226            -2.30854
-2.53852             9.64803             3.56349
4.52547            -9.87326             6.04952
-0.581234             8.31228             4.89364
-0.614877             8.55787            -8.94952
-6.55198            -11.1331             2.45992
7.08213             4.64905               2.138
0.764071            -9.87997             5.29109
-8.77612            -8.60507            -7.88194
4.88528             4.90732            -3.99364
-2.50683             8.62889             -7.1969
3.13863            0.855481            -7.44051
0.170994            -1.31742            -4.60911
-3.05304            -1.76894           -0.528033
-4.36213             9.67158            -1.55901
-6.09006           -0.643119            -7.28296
-8.48557            -3.80299             3.98939
-8.31964             8.41051             7.09313
7.65871             5.92647            -8.79212
-2.12382            0.525839            -8.00529
-1.40272            -2.87869            -3.84641
5.7046             2.89119            -1.52353
-7.29453            -4.56834             -9.6129
-3.43665             1.65819           -0.436459
-5.28899            -7.01926            -1.35018
1.4446             6.83154            -8.46082
-3.46543            -5.51976            -8.91279
3.03012            -5.75226             7.85197
-1.05643             4.44752             5.63717
-0.0429968             7.79046             9.48952
3.14342             -8.4403             6.25665
-4.82435             6.83303            -3.26937
-2.62943             -4.7896            -6.75094
-4.45184           -0.513941             7.25489
3.54798            -4.27043            -1.20009
-4.5791            -6.32218             2.90877
-2.10805             -2.9913            -2.99433
-0.891727            -2.33493            -6.38057
-0.702271             1.06589             2.05184
-7.68241             9.98685             1.47338
8.94589              1.1357             5.35589
-9.68061             7.87108            -4.14759
-1.15926              4.8921             5.61892
0.407408             8.58385           -0.805261
-2.62542             3.57043            -6.97178
7.8887             4.04512            -1.14568
-1.28168            0.522318            -1.65064
-1.69327             -4.6852             5.94872
-3.77964             -3.0062            -7.65868
9.49264             9.54943              3.1124
-7.32421            -1.00011             9.22127
0.0875165            -1.62887             0.80075
-3.794            -1.45725            -8.19844
0.351356             1.93084            -7.17342
7.1072            -1.89573             4.42484
1.23685             7.35123             1.34703
-1.07106             2.99261            -3.70842
-4.19931            -5.23201             3.76209
-4.195            -3.48693           -0.639293
-2.45035            -7.14926            -7.84935
1.1005              -3.656             5.50462
0.73369            -8.04806            0.426462
2.66809            -3.32414            -9.59435
-3.67616            -8.70666            -8.93382
-5.78725             6.64895              2.6441
0.196757            -1.03349             5.19311
-3.35401             5.99784             -4.1704
-1.79275             6.37853            -9.26693
3.1342             -4.1292            -7.84315
9.92482             3.23641            -6.54486
9.05546             6.33735           -0.696736
6.43588            -1.07531             9.81177
-7.73294             7.71001            -2.87691
-4.4716            -7.88232             5.01609
-3.98518            0.174577            -4.31051
0.754285           -0.367095            -1.09125
6.79408             7.06032             2.05577
1.45218            -6.61965             8.28388
-6.62056            -3.73689           -0.493597
-5.29542             2.16205            -10.2653
-4.24349            -8.47732             4.74921
7.58674            -1.74544             5.91112
-2.51639             7.85533            -3.60996
-9.29818            -3.58227             5.27528
9.54165             5.14425             5.87929
1.04026            -6.78622             3.40145
1.68216              6.1712            -2.34484
5.14946             2.86678             6.01382
4.92047             7.00227             8.65277
-0.30482             4.83706            -5.55724
3.75572            -7.23304            0.514856
2.8174             4.60653            -8.73512
-3.94726            -5.44543             7.92587
3.07228             3.38255            -4.25524
0.735763             -8.8505             2.65689
-1.16669            -5.62032            -8.00476
5.62415           0.0808832             1.92606
9.08997             7.81826             4.08411
-1.8795             7.78881            -7.79249
-0.665728            0.387208             6.05747
6.29459            0.417112             9.64221
2.4866             9.85155             5.74693
-0.306174            -1.93893             6.18497
-1.38579             5.25216            -2.24994
-7.30005             -2.9283              -4.906
5.59708             3.90269            -6.71869
-6.14211              7.7917             5.56168
-7.86325              2.6695            -8.05266
-9.60189             5.17769             9.01405
3.57835             8.18033             5.91406
5.99851            -0.79536            -6.68606
-1.13063            -7.20606             1.92291
4.45279             5.12459            -3.19008
2.7102             3.55218            -10.2688
3.44787             2.66124            -9.36513
7.2767             3.59184             7.14883
7.69694             1.78222             9.99662
-4.15878              4.7991             5.80858
-0.33392            -6.45882            -2.89072
6.42582             2.63788            -8.64149
0.92414            -1.90654             4.64344
0.493677           -0.692836            -6.11138
4.4777            -5.88567             8.19183
0.59462            -3.46327            -9.67963
0.476591            -9.36533             1.55166
9.00551             -6.1811           -0.390319
7.98731            0.824681            -5.29901
2.69012            -9.35269             2.18618
-4.03538            -3.33615             7.57798
0.765171            0.498894             2.13981
1.99286             8.96579            -2.88255
-6.24497            0.939858             3.00452
8.23227           -0.415282            -8.92484
-2.39404            -8.42925             -2.6384
4.85066            -7.42231             8.05474
-0.028542            -8.67908             5.72129
6.43384             8.13096             -5.2921
7.52535             7.44861            -2.29991
8.31            -3.67213             7.57631
2.86336           -0.754572             1.00221
-2.3985             3.36118            -7.17136
7.88803             5.62225            -1.30576
-4.42101             1.80419           -0.725995
5.19455             9.63874              9.4618
-5.20827             4.47128           -0.277944
3.59851            -5.87708            -5.42524
-4.95181            -6.34299             1.80564
6.71322             8.71209            -1.73562
1.30786           -0.912138            -9.43584
1.74222            0.730948             7.24887
-3.14863             2.30235            -7.47104
-7.42042            -6.17647             8.19311
-1.77508             7.32469              1.1478
-3.36917             1.18717             8.55537
-4.46363             2.86854            -1.59701
9.73186            0.989919            -9.14776
-1.21018             6.66175            0.343664
4.14493            -7.30332            -4.11661
5.37774             3.42046            -1.80532
-4.27893             7.45476            -6.31946
-3.10612             1.42247             2.66285
-3.13705            -1.65254            -8.90073
-1.1821            -2.25495            -8.07422
0.368336            0.709211            -9.58908
-7.61214             4.70779             3.15675
-8.31861            -2.96646             4.04929
1.77832           -0.709872             9.58211
-0.499225                4.68            -9.59963
0.941964            0.819291             8.65881
-4.58182             3.11687             5.67515
5.78495             8.73273             -7.1136
-1.83092            -1.81849             7.30102
8.90554             8.44927            -2.54817
1.90217            -3.30841             5.21156
-8.92348             5.33479             7.04927
5.00071             4.21513             1.44009
7.8959            -4.56913            -3.51335
-7.81749             2.96323            -1.39167
-8.55561              4.5809            -2.18092
-7.49898             7.00291            -3.30853
-5.44595             3.83091             9.08782
7.51298             7.41841            -6.67882
10.0672           -0.461194             0.76633
2.97514            -9.00062             6.30626
-8.77095            -8.97815             7.71452
9.36984             7.05523             7.12309
7.82069             4.97124            -6.93275
0.50795             3.15043            -4.66483
2.65225             9.94382             3.57757
-7.77161             5.22373             7.74131
-3.94347            0.568339            -8.34808
5.14626            -1.86838            0.925125
1.54329            -5.45334            0.557773
4.76445             6.86406              6.3959
3.8649            -5.13688             10.0385
0.747096            -2.45134             5.04502
-7.0988             4.97831             3.49974
2.19889             5.14174             1.75462
1.41461             9.24508            -6.39268
-2.72792          -0.0429723            -8.94036
5.63131             5.32923            -9.01542
-0.943079             8.24665            -1.62438
-9.63943             6.56374             9.73657
9.25272             2.67336            -4.02909
-4.58993             9.08657            -7.82711
-6.97253             3.48578           -0.325508
5.89694             9.96451             8.45938
-9.48814            -1.53407             4.09235
8.90097           -0.346683              5.4393
3.29465             1.43328            -3.80197
0.41235            -5.47789            -1.73041
6.82033            -7.13445            -4.71193
9.53701             -3.0798             7.72571
-0.441501             5.46967            0.542536
0.878787            -8.32502            -9.34647
8.18929            0.677568             -9.3759
0.0831233            -9.70711            -3.93088
5.22574             2.13558            -8.07097
2.58636             3.76678             7.75171
9.80916              6.3426            -2.86345
1.22309             3.48417            -5.60975
-4.41375             6.14494            -9.21185
-5.72403             5.05368             4.37454
-4.17791            -2.03065             9.01221
5.03554            -3.70112            -4.76253
0.892088             4.16079             6.82987
-7.92303             8.74343              2.5701
-2.03116           -0.108786            -6.09565
-1.06352            -4.85301            -7.07433
-8.85279             4.36008             5.01603
-3.93662            -8.58798            -7.61901
8.47795             8.57623             -1.8987
2.64365             2.42613             2.30446
-8.66304             3.01873             -7.8814
-6.7188             5.76829             7.03598
-4.28654            -9.89668            -7.91239
9.47256            -5.30989            -9.51373
0.262348            -6.65311            -2.84824
-1.08536             -4.2515            0.316533
9.54764             6.31739             10.2851
4.17087             1.96596             8.55791
-4.67129            0.167463             1.84635
1.52167             2.58296             8.57516
-6.64457            -5.68164             8.27245
3.56526             2.79215            0.528198
4.61279            -5.30151            0.398378
6.44458            0.627463             4.21363
-0.128828             8.23734             -8.3212
1.49125             8.35144           -0.557463
-8.05623             3.05639              9.9118
3.09594             3.13401             4.95583
-0.727249           0.0389145              9.5024
-7.83818             2.80908             -6.8015
1.7333             4.22559            -4.42439
2.68092             7.21008             1.47625
3.79291            -8.51239             8.40954
-8.04039            0.312457            -9.65854
7.31344             4.49095            -4.70344
-8.12871            -9.26924             7.86812
6.41805            -7.10317            0.208162
-6.75633             7.74477             7.13743
-9.6141             7.32357             9.45197
-0.460034            -5.88485            -4.55226
0.218222            -8.71464            -1.12532
2.22199             9.12658            -2.97332
9.54991            -2.15621             -2.8319
-8.46485            -9.68738             9.48164
4.62728            -2.40176            -3.77054
-4.82766             7.54109             1.01013
-9.81345            -1.00723            -8.02515
2.85463          0.00672728            -1.98056
7.19536              1.4418            -5.15492
-6.42611            -9.33528            -10.4667
8.09887            -3.74875            -5.25594
8.88776            -3.75621            -8.10823
7.59737            -3.65503             5.04551
1.83169            -8.71789             7.50341
-5.95765             7.11109            -5.29595
7.44183            -5.06353            -7.32871
8.44905             2.27978            -7.42858
6.8925           -0.605548             7.95612
-4.2767             8.84086             1.33596
8.50411            -6.63023            -7.72202
3.92392             10.0847            -8.72491
-6.27363             6.95821             2.36514
1.21925             1.10393             -4.9131
6.35643             2.24565            -4.41972
6.27573            -2.47498           -0.793782
3.7663            -6.37325            -9.32819
8.88306             1.92658             6.61148
-3.80292           -0.886836            -5.87881
-0.717201             6.36506            -2.31395
5.13145             4.31387            0.784845
-7.96993            0.852076            -6.91139
-1.98628             2.54188            -1.36224
2.91958             2.82018              3.1567
-1.69526            0.857715            -7.23314
3.68154            -5.75099            -6.59012
2.1926            -1.42034             5.40466
-2.59886               4.739            -5.82462
-5.86406             2.72092            -1.68153
-0.580296             1.35416             1.68205
-7.33881            -7.91563             7.20137
-6.19673            -1.29078             -12.459
7.94754             5.01746           -0.247241
-6.58438             -5.3612             3.96341
4.59981             9.50157            -4.71915
5.08414            -9.17613            -4.37895
-0.573047             8.52743            -3.90954
-6.40573           -0.517488             1.19239
5.25902             2.87519            -5.08717
-2.66055            -7.90286             5.51204
8.18843             8.94283              6.5039
-9.01591            -2.00529             3.51747
3.677              4.1542            -3.50309
5.31896             4.53106            -4.96149
2.82532              3.1159             2.36478
8.77456             6.87609             9.23667
-9.46656            -5.60596            -1.39681
-6.08246             7.03865             2.66552
-0.631277             9.83025             8.71072
8.92325             2.90948             9.56769
-9.56841             3.08628            -4.46143
-0.001908            -3.02668            -7.85525
8.43611             8.83488            -1.03742
2.75326             6.26748             6.88234
9.89157             4.11114             5.51271
2.72083           -0.857185            -8.07514
7.87316            -6.47751           -0.929332
-0.397075             8.66008           -0.930946
9.68602             5.78459            0.451802
-8.62518            -7.76539             7.84363
-0.0510997             1.87084            -1.76471
0.899433            -2.22053            -4.24491
-3.04261            0.516022            0.118062
-1.93335            -7.91384             6.47871
-6.01566            0.355077            -7.43372
4.47697            -3.70129            -6.54528
6.05711             4.98844             10.0161
-1.8068             1.93485            -7.28807
-0.152922            0.871995           -0.967782
1.31789             6.05277             9.45116
1.33141             7.58603             6.00256
-5.37949             8.01115              4.7523
4.94832            -1.87126             7.54309
-6.30075            -7.53966             8.96573
8.52522             4.00362            -6.86917
-7.9639            -1.58674             1.05099
5.6821            -2.40614            -2.63611
-4.12983             8.93791             1.82333
5.46694            -8.17952            -2.61605
-9.81599           -0.771691             3.23994
-7.59338             4.60584             2.24245
0.21828            -6.87981            -2.68028
5.75185          -0.0209813             9.21902
-5.06819             1.97143            0.687829
3.0015            -2.18123             -6.8135
5.34485            -4.76066            -3.69486
-5.20712             2.90444             6.41767
-7.13279             7.43217             1.43922
-2.6845            -3.74534           -0.290451
-9.28853            -9.59553             9.35958
-8.60558            -4.84966            -8.13492
-8.89118             9.57297              1.4465
-7.60946             2.58401           -0.149642
1.70094              4.8246             7.84462
8.04598            0.963957             4.43768
-1.20445             8.48197            -10.4265
-8.49554             2.84053            -4.75015
3.09001             9.69226             2.06838
-5.74062            -9.57714            -2.72738
7.72528           -0.942588           -0.936081
-2.51564             6.29279            -4.51983
-8.79174                -2.9            -8.63397
-7.24036            -1.25406           -0.706281
0.126673              8.8411            -1.85671
4.55137            -4.94811            -2.26454
-9.36186             3.25372            -1.51748
8.33942              8.0377            0.668401
-1.97679            0.478841             8.43299
7.03322            -7.07642             -4.7919
2.52377            -2.57284             4.35556
-6.57722             8.04099            -1.35707
5.14096             9.11017            -6.48992
0.236147            -1.45032             5.40662
4.51282             6.30096            -7.12067
7.26019             4.20849             3.00773
-3.45876             -7.1344             3.26709
7.57485             -5.7455             1.84291
-2.05855            -5.01751            0.115157
0.829061          -0.0832017            -6.81016
-5.91957            -1.20436             -1.0631
9.00278            -6.23588            -1.89557
-7.71788            -3.16982            -6.03147
-2.35877            -8.16827             0.81687
6.56241             8.15515            -8.14354
-2.03038             2.75681             2.76997
9.54841            -8.57842             1.34753
9.99445             2.21155            -11.3383
-2.55296            -4.70735             5.21403
9.87851            -6.56277             7.24125
3.89212             6.86991          0.00708421
-2.13772              -7.156           -0.572316
-7.74332             7.14132             3.79756
3.21184             6.82934              6.1796
3.75753             8.78234             4.55948
-5.57544             5.69364             4.26168
1.52743             -2.6383            -8.05665
-1.79484          -0.0273237             3.09899
0.887609             9.63699            -7.26937
3.72225             1.94616             4.86257
3.57676             9.35979            -8.07202
-1.09121           -0.739936            -5.06463
-0.484586             1.14066             4.84954
7.17458            -1.63371             3.94325
0.821213           -0.948617             1.14284
1.16285             -7.8071            -3.53467
2.6155            -5.98352            -4.93078
-4.7746            0.408222             7.18896
-9.28683             4.61339            -7.57285
3.71694            -2.27928            -4.47051
4.46193            -3.33588            -3.62966
8.34398             -6.7606             2.92841
9.94964              8.0018            0.671643
4.73743             4.21677            -2.63569
2.90722             6.41233            -8.05519
-8.97358             8.46238             7.01439
0.679548            -2.51526              -9.038
-9.03834             1.88977            -7.66816
-4.06474           -0.212446            -3.03321
-7.61377            -5.50446             5.15492
5.92111            -4.49844            -7.72518
1.673             2.14771             2.61115
7.38732              -1.719             9.27378
-8.35526            -4.98193            -8.95079
5.17287            0.165498             1.52238
-9.01875            -6.01586            -1.95139
-2.04118            -8.70548            -7.98993
-8.54515           -0.163222             2.92489
6.45808             -7.4212             8.18318
0.874146             5.66075             1.40165
-1.04422            0.191515              3.4147
-0.35798             5.48494             7.92477
-4.85099             7.61641           -0.456762
-6.06676            -8.64089             5.45888
-1.37704             5.41657             7.88335
-0.103302            -5.84939            -8.58287
-7.64581             2.34881            -8.37254
-1.58282             -7.4852            -2.96554
4.39486              4.0791            0.178004
-4.75043             8.37303            0.706096
3.4517            -8.97005             -5.1092
-5.40461            -6.16618            -9.74436
-5.41122              3.9586            0.105164
0.581342             2.65171            -2.20359
1.1902            -7.11152             6.43451
7.19648             4.32232             -9.7162
-9.55307             9.03195             3.40605
2.25524             2.05435               4.079
7.53333             2.66014             3.64043
7.81334            0.882157             7.99272
1.01691             4.77031            -4.53337
-0.258724             2.60628            -2.33326
-2.79424            0.310644             4.14372
4.30803            -6.75117            -6.77277
2.81108            -3.64007             7.01626
3.27287            -4.58115           0.0803241
8.31721           0.0886817            -9.33265
-2.02634            -9.24696             4.76772
6.69937             6.06792             8.09818
-8.90035            -4.57692             6.69158
-2.8589              5.9134            0.709602
-1.1027             6.70311            -9.53252
1.83435            -1.07367             8.24908
0.168247            -2.21108             -5.6747
-5.7945             4.61763             4.67664
2.15102             -7.6796            -2.36758
1.43721            -4.16279             4.59531
0.365268             5.97235            -7.68775
-8.38596             2.95958             5.26194
1.62298             0.88702             9.84824
-8.39124             1.11604            -7.56661
8.49532            -1.40332            0.313951
2.8089            -6.83833             5.98295
-0.65492             3.23469             7.32837
-4.59859            -8.65412            0.443836
0.445923            -5.78993              6.7304
3.94629             4.13909            -9.31679
0.980873             9.76294            0.883678
-3.79315             3.79856           -0.928627
-0.392971             10.0722             7.06866
-9.43617             7.29836            -9.67911
9.53129            -2.43677            -4.97346
-6.59424             5.19513            -4.00848
7.13137            -2.55241            0.669122
-6.59502            -0.40705             -10.647
5.91804            -4.50452             3.24469
8.69543            -7.10762             7.49384
-0.119688          -0.0128441             5.18929
2.79679            -0.67422             3.22425
-5.06143             2.35757            -1.06881
2.03707             1.75768            -8.78947
-9.63941            -8.12696             8.12149
1.31899            -6.62559             -8.5101
-2.09376            -5.49127            0.817241
-1.25181            -4.10386             2.30684
-8.78645            -1.58299             2.63076
2.43533              -1.471             8.38125
-1.36452             5.43893            -8.92808
-9.87863            -6.07764             2.64914
1.64472            -6.79968            -5.59618
-6.88909            -10.0638            -1.14992
-6.81962             4.63002           -0.154785
-3.48844            -2.23013             4.94085
-1.97448            -9.25406           -0.389909
1.1369            -4.96416             8.89787
9.34315            -1.97346             1.74123
-4.25127             7.04046            -2.65069
1.16032             4.06297            -9.58337
-3.293              1.8233             4.83599
8.95666            0.422836            -3.31744
9.47553            -8.32344            -2.47629
8.55049             -8.7511              8.6393
6.51534             5.98335            -5.72966
-8.80896               -1.83            -3.47317
5.08438             1.21151            -9.33709
7.39006             3.70046            -9.86775
-1.67177             8.34005            -6.01623
-1.72061             4.07959            -3.82778
-2.38345            -9.68908            -1.52128
-8.98765             5.99017             2.30011
0.81326            -9.34076             5.73227
-4.89686             5.58533            -4.05821
8.17157            -3.61435             2.31364
4.56752             5.41558            -2.41861
2.35654            -1.53863            -9.06494
0.414305            -8.49436            -7.44088
-8.732             3.61774             7.52037
8.93893             2.54178            -9.66769
6.65957            -4.67747            -8.90719
-0.505919            -3.60879            -2.49742
2.34855            -9.55762             -6.2005
-8.69467            -8.56902             9.75538
-8.38499            -1.24012             1.12317
3.0345            -3.62667            -1.14436
6.44897            -8.66505            0.252111
7.92            -8.55278            -3.65448
9.04576             6.54872            -2.08342
3.60973             9.26986             3.50104
1.22072            -7.95707             2.17148
-6.02429             -6.3741             -8.2003
-7.05772             -3.5879             1.59466
-0.828345            -3.80065             5.96089
-8.97655             -3.8861           -0.307248
-5.18692             2.98656            -9.19045
-3.34725            -1.93381            -8.28071
3.27136            -1.11682             3.64544
1.73283             2.42536             2.31004
-0.742771             4.89413            -8.99046
-4.47029             2.54462             1.17742
6.41711             4.07595             7.06219
1.23517            -6.81566          -0.0541413
-4.10854           -0.702033             7.64706
0.967126            0.372902            -9.57727
-0.625575            -6.89746             1.80565
-8.24232              9.3251            -5.73163
-6.48215            -4.73645             8.42998
9.14285            -1.14742            -3.30811
-9.17229            -2.09844            -3.27157
2.17406             1.25903             7.28311
-6.91804              3.1809             7.07791
7.76638            -8.26868             3.10125
8.40855              2.1847            -6.22173
6.38264            -3.12242            -6.41646
7.17718              8.0173             9.98344
-0.0741296            -6.39326            -2.72744
-1.3454             6.65005             10.1102
2.89824              5.2178            -3.46417
3.00722           -0.213819            0.423682
-3.13967             1.60389             3.52717
9.43267            -7.57451            -7.98236
-5.18212            -5.49324            -9.22455
-9.34546              -6.356              2.2363
-3.60494            -2.39834             2.77402
5.94736            -1.56696             6.69681
5.52466            -9.14023             9.05308
6.17256            -9.36198            -7.65743
3.25273            -2.52788            -3.13987
-2.23525             -1.4003             -1.1741
-6.50259             3.94393            -2.20086
8.39169            -2.44174            -4.45107
-2.82764            -7.10379             5.85332
0.224648            -7.26572               8.968
10.0585             6.14387             5.17825
-5.42527            -4.26867            -4.87387
8.46028            -4.33735            -7.44125
-4.27658            -8.43477             7.06732
-0.804896             2.68566            -4.22086
0.375159            -1.83177             6.49105
6.13667            -8.97999             6.57381
1.97815             -7.0471            -1.72928
7.3571             2.63103            -6.39004
-5.87759              -3.121            -1.27976
-1.12021            -1.71064             5.65091
-5.32644            -4.50996             8.63059
4.76455             4.38661           -0.497522
-1.51204             4.35771             9.43447
0.751709             6.23372             9.25611
3.56788           -0.671751            -3.75527
8.3165            -1.35126             -6.7278
9.97963            -1.97384              8.1983
7.59643             6.11515              8.8892
5.24673            -8.64717            -6.56152
2.4181             3.40648            -2.30789
5.28213             -9.8293              3.6338
3.40829            -4.73292            -5.35893
9.14023            -3.78718             4.48328
9.2959            -5.03295             3.98202
0.908993            -4.55673            0.040785
4.41247            -9.70254             -5.1298
9.59667           -0.178621             6.46301
-5.19979            -10.0102            -5.21396
-9.47671             3.32721             4.03323
-6.0949             1.62439            -11.3316
2.71616             3.69001            -4.64328
3.79838             1.09563            -2.05475
8.37826            -8.32125            -7.34691
5.05631             4.36203            -9.58345
1.08678             3.17256            -8.41584
7.64452             5.90859            -8.61156
-9.6367            -0.83112           -0.427348
9.36281            -4.46329             7.60475
-7.12989            -1.19861             6.97062
-0.00922801             7.84852             2.10372
-3.37744              6.9841            -8.08016
-9.33876            -6.03794           -0.957512
-6.74018             5.46485             2.91057
4.04589             1.26771             2.62685
8.26754             8.59511            -3.65585
0.117103            -7.07831             6.48663
-6.20146            -9.14113            0.756736
-6.55261            -2.22287            -3.02109
6.70822             8.15706            -2.79689
-1.53956            -7.21381            -3.58744
2.30009             6.24527            -5.23639
-0.15626            -2.55345             5.76782
7.84358             1.11545             7.85557
-7.57807            -2.67734            -1.04776
-4.19455            -6.60032            -8.16901
0.94473             8.54541             2.67567
5.07244            -9.30086           -0.141383
2.49342             4.87607             8.51363
-0.00720496             8.03899             7.62776
6.36417             -2.3451            -2.37044
-5.75614            -1.38425            -8.82172
-5.17205            0.550721             1.27401
0.88179             9.84649             7.65107
-5.91961             7.90769             6.47087
3.03249             9.01696             4.19512
9.08488             2.27053              6.7769
-7.52256            -5.45244             0.42696
3.81531            -8.88714             6.75913
-9.58609            -5.35424            -7.33878
6.40504            -2.34361            -9.67227
-3.5062             9.04068            -2.53664
-5.71605              10.032             1.86213
2.75064            -2.03906           -0.176467
-0.908078             2.82754            -2.94941
-9.36169             1.03117             8.25616
-4.44389             9.49242            -2.62641
2.7041            0.364717              1.9349
0.126929              2.1727            -4.95406
-6.32956            -1.80181            -8.25223
2.10318              5.4101            -7.11977
-6.14204            -6.02544            -8.31358
2.50037             3.26425             2.79611
4.65194             5.55594            -5.54769
-2.46568            -1.99664            -9.81381
-1.81035            -2.67096             2.94479
-0.174669             3.86443             5.14279
3.89601            -2.70976             7.83908
-9.40166            -9.00894             4.04778
-9.19216             9.04701           0.0382461
-9.2664             9.08991             5.65051
2.94468             6.60399            -5.05351
1.64105           -0.410712             2.48356
-7.97607            -1.84502              1.1016
2.58601             3.90182             3.14903
-9.12708            -8.74751             1.20099
0.0295349             5.56035             4.62397
5.45661             5.88058            -1.86345
-5.20337           -0.891707             -6.7465
5.6345            -1.57369             1.60613
-9.22788             -9.5228            -2.15752
5.16247            -8.08316             6.67663
-6.18208             2.90902           -0.567491
-6.2188            -1.35845             3.89921
-7.93658            -5.05056             5.59195
1.95141            -1.23113            -8.30771
1.34147             3.27418            -3.92027
-3.11079            -8.95282              8.9419
1.81977            -2.46851             8.49918
1.31995             8.36563            -4.74678
-3.83908            -8.22763             9.95105
7.66001             5.09646             5.54444
-5.7546             1.16852             -5.3566
-7.23644            -8.29161             6.18813
2.9595             1.56036             -9.1329
-8.77945            -3.46187              4.5773
-5.89104            -8.34528             2.83917
-2.74067             7.63609             9.76062
-5.89585           -0.312268            -6.31371
-6.07253             1.44629            -2.27263
4.23874             9.02775             8.57545
-9.80165            -2.38855            -9.16762
-3.75312             4.38727            -8.67246
9.08495              9.4626            -4.45163
8.13442            -1.83504            -1.98705
8.03028             7.88143             -1.6036
2.48785            -7.06118             3.30886
-0.983782            -0.23696              2.1058
-7.45763            -5.73399            -4.69736
-6.56759             3.21848             -6.7947
5.60038               -4.63            -8.41532
-7.15733             9.05929            -6.50237
9.04137            -3.30817             6.48076
1.15507           -0.715627            0.242611
-9.78271            -1.67276            -1.49643
-8.70782            -6.07767             -4.9958
9.98277            -1.73473             4.55038
4.93999           -0.595466             1.25907
-1.70562              8.6948             5.69114
0.991447            -8.84334            -4.32269
-3.32922             1.73025            -2.95958
-0.463555            0.408794            -7.00514
6.88103            -9.10686             -9.2087
-0.650704             1.64701           -0.397241
0.525048            -2.64977            -5.63119
3.79829             1.08654             5.21656
-2.56566            -1.24066             6.16676
-5.24264             8.50693            -3.75827
-1.43528             6.18297             8.18294
-5.81207            -6.33801              1.9701
1.50568            -1.54007            -8.71886
-9.21914            -8.62033             2.37171
-1.32314            -3.44151             8.29458
8.28373             -3.3134             5.44696
1.16068            -3.50373              9.5597
2.63045            -1.77393            0.125092
6.77753            -1.62021            -3.13226
-6.57329            -1.90441             9.78448
-0.22059           -0.233118            0.892972
-6.15282            -1.47098             -10.201
-9.59211            -5.47351           -0.340029
3.56464             7.18761             2.54442
-7.24245            -4.94588             9.04441
-9.24813            -7.33219            -5.27585
-9.76577             3.92174             6.37289
-3.12801             3.21933             3.30126
9.72712             7.78915             7.98175
2.08626             6.17298            -1.69416
2.87922            -4.08545             1.50028
0.780031            -1.65044            -4.71533
-1.38776             3.47114            -8.26262
8.08607            0.477881             9.95349
3.19123            -7.20155             7.05386
-7.44886            -3.97972            -5.52261
4.68294            -3.37493              6.3366
5.8061            0.314084            -2.50452
5.5968            -7.84801             7.59306
4.50954              2.2628             2.65545
-8.36717            -9.41315            -4.55979
6.24933           -0.665336             1.61718
-4.30478            -9.42683            -6.51861
-6.71769             8.03375            -5.86692
-4.28342             7.93724             9.68128
-7.77088             -6.8744            -7.66512
-8.51761             -2.2656             6.72799
0.941543             7.49912            -3.17922
-2.27878            -7.41716             7.52863
-0.509345            -0.12042            -8.50938
-1.92201             2.97009              2.3445
-6.65374            -2.75036            -6.87728
3.33459          -0.0181879             2.29121
3.51663            -1.75138             1.12031
-5.90512             5.77297            -9.07748
-7.17168             5.68425            -8.59943
-5.52432            -6.10145             4.24467
0.933475            -7.03354             3.18628
-4.51172             1.94248            -5.63283
-7.41959            -8.28382             3.86413
-8.91125            -8.64786             9.32783
-4.60649             4.50189            -9.24821
8.55996             9.51645            0.995467
-3.51908            -5.71584             3.73045
4.98637             9.20852            -1.91819
-2.50296             8.34622             5.47405
-7.17907            -2.23099             7.09908
-9.37133             2.87993            0.321494
-5.5939             1.87851            -7.31576
9.57904             0.36672           -0.950663
1.29652            0.535032             1.92652
-3.72494             1.44963            -3.27685
-2.62104            -5.62407             5.96758
-6.2927            -1.60632            0.125432
-3.20735            -2.59779            -5.21774
1.79749            -7.37015             1.31477
-4.53838             1.73322            0.536644
-4.6995            -3.84749             9.59434
0.899428             1.22631             9.28271
-9.58469            -1.22673             6.67106
6.4034            -9.38201             2.23023
-2.86196             3.12593            -2.97808
3.57009             6.28195              6.4669
-0.365933             4.38904            -3.53591
0.505295            -7.12245            -6.66612
-7.93975            -4.05607            -10.8274
-5.89962              2.6638            -6.47669
-5.29634             9.27407            -5.03596
-1.31283            -3.27737            -9.12226
3.09671           -0.514742            0.175444
-9.21642            -6.83953             5.46662
0.218552             2.15388            -2.27829
3.73905            -5.60488            -8.94967
-3.96142            -6.34175            -3.45501
6.6324            -1.54303             8.80901
3.59151             -4.3164             9.65123
-3.54436             8.03461            -5.32629
-6.20491            -4.61087             6.51903
7.30653             5.80019            -6.17697
-3.62509             3.84571             3.64344
-9.40766             6.44621            -3.56399
-6.68097            0.859056            -5.36178
5.87278             6.77614            -1.09341
1.95792            -1.59241            0.344733
5.18655           0.0662851            -9.33834
-4.47743             4.36256             7.65945
-1.75454             9.86165             8.24626
-6.63009            -7.28571             9.85061
-3.30058            -4.44913             6.96543
-0.708372             -6.6635             -8.2318
2.81086             8.33729            -2.20727
2.42736              5.3517             5.90196
7.69496             3.63661             1.95469
2.26496            -9.77827            0.846197
3.61272            0.614309            -6.49007
-0.26098             4.50297           -0.207712
1.86179             8.41718             2.29823
-4.43372            -3.11552            -1.54458
-7.6034             7.69141             8.58534
-0.0643209           0.0902943            -8.22249
2.54259             0.46516             9.28755
-0.266622             1.77882            -2.00325
4.43973             5.50211             2.15365
-7.33393            -3.12201             2.79017
0.476555            -4.98426             5.22725
4.76321             6.27887            0.658021
6.43089             8.66454            -2.27476
5.25597             9.25915            -2.26241
-5.80654             -3.4941            -6.28529
3.21547             5.57197             3.96545
7.53863             8.48004             4.95245
8.31312            0.672498             1.16946
-7.03401            0.293663             -9.8022
1.11163            -2.16148            -5.67619
7.13294            -9.91487            -9.74673
-3.31419            -7.16585             3.71173
1.54142              1.5692              4.4107
-1.38402             3.56314             7.63641
7.4556            -4.27574            -5.10912
-8.58813              7.3889            -6.35262
-3.27119            -6.36752            -8.45024
-4.22941            -6.80354              -5.538
8.17985              8.9661             4.56808
-1.1118           -0.432809            -9.57831
7.71714             2.50279            -3.71974
3.68553            -2.13141             6.98501
-8.9042            -2.41208             0.79405
-9.43984             1.95902              1.0062
9.56683            -5.36146             9.45426
4.67684            -1.39691              7.9908
8.58612             6.51386            -9.55366
-9.18785            -2.41379            -2.17378
-2.78594            -1.67554            -6.60735
0.972626             6.17144           -0.203451
3.67553             2.37938            -9.25839
6.50421             9.17005            -0.80279
7.88173            -8.71517            -8.94206
-8.20165             4.47488            -6.58641
-5.78922             -3.2279           -0.923767
-8.80332             6.71043             9.87192
6.43017            -9.58348            -1.69904
9.53537            -8.08315            -3.73163
-6.92644            0.884064            -8.95474
1.11465             6.23445           -0.946625
-1.13767            -2.70054             -5.0013
2.26736           -0.157745             2.37695
-1.42516            -7.14813            -3.36281
9.08716             4.56394             1.92787
4.46692            -9.69688             8.40974
1.15696            -5.46603             8.78202
0.833965            -9.78858             3.57355
4.64454             3.80675              9.2474
8.98631             2.07863             -9.1934
1.94723            -2.90878             3.09148
-9.37188            -2.06248            -5.28947
4.51053            -0.82001            -4.83428
4.40781            -9.66924             4.87316
-5.20074             -2.7687            -9.91999
-1.56422             5.63084             3.28745
1.44067             4.31196            -3.07872
6.81916             -5.3925            -4.80398
-6.96914            -7.85098           -0.745741
-4.01653            -7.73621            -9.91644
-5.69364            -4.98237            -9.11281
3.79439             2.84992               4.853
4.18009            0.796326             1.16042
5.66679            -9.92924            -7.36693
4.16133            -5.49491              6.3774
6.03535            -4.04237             6.78748
-5.6587            -7.84898             8.90085
-2.79235             1.12089                5.39
-0.300717            -7.36022            -6.98233
-5.93858            0.086992             7.76192
-4.77297            -1.02128            -7.74515
9.77154             1.17579             2.12245
0.714397            -2.43808             4.76046
-5.9464             9.18301            -2.19617
-8.54399            -7.09231            -5.33457
5.7476            -8.48617              9.4477
4.26476             3.78036           -0.890001
3.06836            -5.18218             8.54728
9.56283             8.08849            -4.90533
-7.26875            -7.69904             6.35254
-1.3882            -2.19116            -8.15216
-5.61685             1.01828             -6.7629
7.16659            0.246399             2.32366
9.39916            -9.78753            -6.48007
5.1893             4.23833            -5.67244
-2.03492             9.82884            -9.73957
-8.49227            -6.15207            -2.87684
-6.17771             2.51384             6.48729
-9.01446             8.22883            -8.00366
-8.66383            -1.04498             8.08184
-9.80199             8.13539            -8.70459
0.779925             -2.9713             8.06422
-7.91732            0.333184            -9.47395
2.26418             8.62494             4.24699
3.25191            -4.18874             6.10903
2.82217            -8.55433            -2.93333
7.97531            -7.97274           -0.540085
-6.35749             3.75347            -7.67157
5.14043           0.0839516            -3.72528
-3.3978            0.579463            -7.17287
0.659954            -6.42402             7.75835
3.03677             8.87499            -8.80642
-2.13899             4.62875            -2.54664
2.05881             5.32807             3.34113
5.8809             1.17538             5.82203
7.4773             9.17959            -8.48415
-6.9401            -1.84003            -6.11885
-3.38612             6.88275            -6.14328
-9.84028             9.56655            -5.00608
3.01967            -8.28119            0.862775
6.37004             -0.5483            -5.82416
-6.99227            -7.18484             3.64481
7.33638             7.94927            -7.11894
1.51905            -8.39907             3.25313
2.19757            0.451042             5.66782
-7.56284            -6.91658           -0.882553
-1.72007             2.00865            -4.28791
-2.12341              6.6029            -3.79099
7.13852             8.61665             5.12224
2.59347             -3.0646             7.79919
-6.82937             9.53927              5.7859
-1.7897             9.82007             4.78897
8.2067             4.17354            -2.69869
-1.73477            -6.39794             5.99505
9.73944             4.58084             1.33703
2.42182            -5.44097            -5.91642
3.88428            -6.70119            -2.05711
1.61468            -6.24791            -9.20881
5.69921            0.874392            -8.74842
-2.47714            -5.82002            -6.22242
-1.35801            0.889632             9.34476
3.42056            -2.80221           -0.724512
-5.4191             2.74411            -2.32822
-1.10378            0.291198            -9.61556
-6.55179            0.395147           -0.266423
-5.02822            -7.01113             8.98057
5.69294            -1.73314             1.07665
-2.30683             -8.3634              5.2551
1.39667             9.72184             5.95981
-9.46148             7.95591            -4.54047
-2.58304            0.528311            -5.79793
6.59538            -9.97535           -0.232368
3.64196            -4.08835             6.20243
3.50836             5.35062             1.98173
-9.47567            -3.90935            -2.08716
-4.71745            -5.39195            -3.89534
6.67916             1.77442             5.64337
-5.00092             1.21928            -3.03753
8.67943            0.235756            0.920828
-2.0241            -4.76162            0.617387
-7.33097            -7.11355            -3.12329
-2.39807             4.70307             2.30944
-9.07133            -5.59641            -7.45566
4.33699             4.67486             -10.657
-4.1715            -6.52591             -6.9584
1.7062             4.82121            -5.75648
-9.43068             7.27345             9.66144
4.6569            -7.25097            0.272744
-4.5608            -9.75606            -1.79085
2.43823            -11.7885            -6.06353
5.4377             4.89489             8.60249
-9.06304            -2.35795            0.272529
-8.88267             6.76649             2.69844
-6.1683             2.53457             1.34802
7.14895            -9.47326            0.423199
-1.86246             9.13686            -3.15184
6.16412            -3.44481            -8.22084
5.04275            -10.4671             1.72826
9.58435            -5.98179             10.0136
0.520259             6.21825            -7.03947
3.20205             1.89924             5.73238
6.88683           -0.187365            -6.42783
4.21789            -10.2437             2.98391
-2.27672            0.502363            -1.32682
-6.38953             -2.0624             5.51496
3.4668            -8.14532             4.44014
-6.6523            -4.78254             2.22711
-6.59695             6.04444            -9.41359
8.35669            -10.6758             5.03818
-0.451206            -4.11365            -9.08751
4.59708             -10.423            -2.42441
-6.09039            -10.5339            -1.93472
9.116            0.125324            -5.42461
4.90421             1.89893             -9.4423
0.336684            -1.68795            -10.0199
-5.87494            -5.34095             1.38529
9.77114             6.07547             8.19564
-2.09793             -9.3658            -4.61488
-1.95951            -6.59011            -7.45164
-5.94077             -2.6873             4.72838
7.50259             7.07756             2.94389
0.0844989           -0.187133             9.92809
-5.21112              -8.706             9.95235
-2.32312            -2.12372             -1.2714
-9.00949            -2.18122             2.12678
-6.32204            -5.21974            -5.28141
-1.45651                1.62             -7.9675
2.65594            -1.49942             -1.5065
1.41131            -4.65769             9.35516
-0.252334            -7.61195            0.897428
7.13455            -6.61559             5.09692
-1.42242             2.67776            -3.81362
-1.75442            0.210689             7.72745
7.17613             4.89977            -5.15311
-0.660885              -2.039            -3.49662
6.11816             3.03299             7.25362
3.11777            -5.20597            -9.17598
9.26401            -3.85263            0.723623
7.59583            -8.65202             8.99472
9.11097            -5.08199             3.73297
-2.05805            -4.68027            -6.88627
-1.61717             5.59367             6.80153
-3.90639            -1.17857             5.62942
5.05481             5.83068           -0.530736
-4.20221             1.84317             7.79694
0.364812              1.5581             7.61456
-4.8681            0.340216            -5.75523
7.75368            -3.97795            -3.62972
2.45312             8.73968            -5.18252
-5.26858              1.5234            0.471927
6.91052             8.27625             -7.3216
-0.333412             7.56458            -7.35699
-5.54822            -3.06466             7.99926
-3.07681            -2.00864              3.4516
-4.29604             8.18345            -6.07542
-0.199563            0.255053             6.18495
1.3068            -5.35706             5.80443
6.53577             1.87241             1.84491
-1.52154             2.00433            0.204989
-6.86473            -1.65671             6.31108
6.1518            -4.27638            -1.08113
5.29693            -3.39619            -2.03704
8.48647            -6.84182            -1.12597
8.05803            -5.02151              8.9258
-5.38563            -6.14094             3.90836
-1.20164             6.33275             -5.9751
5.40233            0.971504             3.20826
9.42947             7.69369            -9.73286
-3.11341            -2.68465             -8.1268
-5.82217            -7.85869            -6.77284
-0.262066            0.650513             7.10442
-5.32672            -5.75748             4.62854
-1.69547             5.58152            -4.98045
6.40187             4.80457            -4.83694
7.19786              6.8097            -2.63643
-5.70092             9.37914             -6.7909
8.38483             0.79545            0.786144
4.33791            -1.27145           -0.864126
8.81311            -9.15444            -7.26402
2.71745            0.298136             6.12758
-8.58211             1.65475            -2.78204
1.96787            -7.09412            -11.0911
8.72485            -5.42877              8.4143
8.03927             8.37594            -5.88254
7.26954             4.45874             5.44944
4.78445             3.25158             6.30779
1.65163             5.20561              3.6533
-2.15117            -4.54477            -4.23074
2.05038            -3.11924            -2.15146
-7.27345             4.45458            0.369379
4.7167            -5.24372             8.80001
-5.77295            -5.69038             7.39981
-6.51463              9.2118            -7.39044
-6.20268            -9.90043              8.2458
3.92787             1.10357             6.80235
-3.10301             -1.7013              -9.092
9.36938            -2.75955             6.75528
-0.02144             1.38717            -5.48582
-4.9667            -9.34543             4.51038
-0.65231              7.0834              1.0033
-0.956523            0.548487            -8.09307
-3.8121             6.38043            -5.84475
4.7986            -8.40832             4.01708
-1.16404           -0.855307            -4.23327
8.28566            -6.54499             3.13043
10.0892            -9.94616            -4.63591
-8.65623            -6.22545            -5.64408
-2.55493            -5.79994           -0.683695
8.8988             2.10852            -1.24886
6.48107           -0.920786             9.27176
-6.50966           -0.188198             5.35774
5.18176             8.62266             2.85437
3.52392            -9.64003             8.03555
1.15943            -4.63154           -0.624329
7.84413            -5.60367            -5.95559
5.36057            -2.32776            -5.36418
1.31817            -8.97443            -8.63357
-0.635293               1.126             4.55748
6.12927             9.55967           -0.584177
9.43351           -0.116888            0.541361
-6.11988            -8.32734            0.786324
-0.452508              8.3409             2.65492
-3.13773           -0.731838             4.09954
6.53772             9.86381            -4.17547
-2.58437            -8.87915            -6.69992
6.10397           -0.172866            -7.55098
4.09912              4.7097            -1.97911
2.64703             4.72784            -6.47874
-5.5988            -8.25201              9.0187
2.88282            -9.75977            -1.89391
-2.91604             7.17734            -8.22361
-5.29664             3.56444            0.790613
2.89643            -7.35691           -0.302643
7.05002             -5.4721            -7.05342
-9.74994             2.13913             9.96557
-3.19907             7.69473            -9.24799
9.8225            -8.91094            -4.72104
-7.93721              2.7335            -8.31616
-9.42162             6.70684            -3.36751
-5.82369             1.97444            -1.07006
6.67694           -0.992586             7.98572
0.335105             7.46625             2.05147
-4.76397            -3.23328             1.56774
-1.14053            -8.33576            -11.7823
-7.68236            -4.39988            -4.36191
-1.7021            -5.23991            -8.81264
-9.56318            -9.49545            -6.15725
-5.62384            -7.40006             1.38015
0.745342             6.41156             7.12952
3.06032            0.656508            0.824596
7.58769            -9.63713            -9.20316
-3.93704              6.7159              2.6921
-7.0018            0.466685          -0.0189226
-5.47024            -1.58926            -1.60252
-5.58171            -1.42689            -3.79973
-2.18519             10.0608             5.79568
-6.07342             4.72366             3.20455
-9.03079            -4.87448             6.39327
-9.72639             2.52811             1.17273
2.72092           -0.727662             6.61819
6.55466             7.49418            -3.53117
7.29893             4.22417             5.20366
7.43123            -6.49923             3.67127
-4.73978            -9.57807             8.80597
-6.80326            -3.62719            -1.29721
-2.22342              -9.195            -6.30223
-5.59384             -9.0698             7.99199
-9.79658            -7.98072             9.97377
-2.90444           -0.314407             5.07007
-5.06597            -7.43308            -9.79263
5.2529            -7.55347              2.8714
2.73673            -3.48202             6.27538
-5.00068             4.93496            0.491509
3.62702             -5.6507            0.182745
-9.20813            -7.39138             4.18513
-8.02093             4.76098            -7.79277
-2.04944            -4.00296            -1.82932
2.46019             2.96615            -9.05832
-5.17981            -2.09056             1.35396
-9.18333             1.41988             7.08329
-0.621287             7.67585            -4.21005
5.78277             4.61529            -4.06675
-5.73459             3.81319            -3.72812
-0.503431             -8.7045             3.24569
5.20011            -5.32596          -0.0918286
-1.18041            -5.26573             -2.3695
5.46257            -4.58209             4.33298
3.91857             3.16768            -8.86443
-1.90043              9.2884             -5.4862
6.23936            -2.47994            -5.92595
2.76726            -8.02679            -9.86302
1.84662             -3.0298             8.64778
-9.3621            -1.66318             -4.1329
-0.642416             9.97096             6.28981
1.54348            -5.02482             6.60074
-7.15269             8.80486            -3.35829
-5.73881             1.24204             3.16002
2.85996            -9.16038             6.29198
-2.19432            -7.10928             3.95571
-0.885002            0.349391          -0.0776645
-2.73619             5.08749            -7.95765
4.85922              1.6481             4.77171
-6.53023             3.97314             8.26544
6.39525             8.05826            -2.41638
0.8475               1.972           -0.289115
-7.5438             7.37375             6.78234
-6.42224             1.35502             -10.764
5.0702            -8.09409            0.309227
4.19833             2.90639            -7.06987
9.26914             4.49877             5.68348
0.845966             2.69643            -1.00786
2.52982            -2.63706            -5.58686
0.288306             5.39673            0.308471
8.16842            -3.46974            0.725725
1.5147             8.16432             1.65371
4.88465            -7.94244             8.63676
8.20067            -5.78768           -0.675328
5.89756             3.14227             1.21471
1.04887             1.79558            -8.32779
-7.57469             5.31856           -0.703069
-7.87975             6.72017             9.05405
0.281757             9.39187             5.71433
4.11112             4.71041             8.18989
-9.56061             -10.187            -6.18391
2.08445            -9.07702              4.5115
0.533548             5.29091             8.27871
4.29091            -3.55321             1.50111
-7.18662             3.66273            -2.55783
-4.07452             3.29145            -2.36309
3.77469            -4.80875            -5.36091
0.0422887            -2.25199             -6.2942
8.27108             6.45493             8.91191
1.45835            -4.08229             9.32357
8.97378             5.38566            -9.59989
-0.329185            -3.33887             2.31386
-6.84011             1.95361             -6.5626
2.704              2.2385            -3.35485
9.32978            -3.28391             6.83846
-3.07418            -1.84141             6.69313
-2.71785            -3.74959            -7.14828
-8.48301             2.10578            -1.90758
8.1681            -10.3282            -3.54406
7.6516             2.20724            -4.56523
7.83135             6.74039            -9.52376
10.0473             3.46566            -9.32317
2.98902             4.97855            -2.12328
-4.54136             7.23856             2.55186
-3.67745            -7.41778             9.15752
2.63571           -0.408467             2.05168
-5.73404            -2.70426              5.4363
6.66025             5.95247             8.03219
-7.68235             5.76168             6.80055
-4.32513              2.9626            -2.88618
-9.26486            -10.4005           -0.116584
-5.55612             1.67362            -7.23289
-8.24993            -3.57854            -7.57832
8.03944             3.75568            -8.01612
-1.1487            0.560856             5.63306
9.85814            -9.14065            0.339882
-6.56748            -8.95631             2.99046
9.48065             4.23939            -2.09093
5.21926             2.47744             10.0124
-9.52598            -1.53527            -6.95986
-4.25003             6.72344             8.22922
-8.11832            -5.02144             -3.6162
-9.14374            0.764365              3.7843
8.41375            -10.1438             5.18947
1.47642            -3.79489            -3.61666
2.85932            -8.12557             2.91293
-7.05967             -1.0848            -4.39803
-6.09173            -4.54288            -8.69854
-3.09172            -3.03376             4.04208
-9.21008            0.851223             -0.5019
-4.89545           0.0353972             7.43912
-2.04951             3.14842            -6.97742
5.54844            -7.84899           -0.545713
3.80114             -9.2034             2.31193
-7.96022             7.91281            -7.98302
6.71637            0.235261            -9.43425
6.16247            0.950227            -9.30106
2.3996              5.5448            -4.13505
7.21243            0.191275             4.82055
-1.24473             2.51834             2.05261
3.23584            -1.03712             1.65514
5.21256            -6.49011            -2.88778
5.13938             4.91099             1.53631
0.00619004            -5.60703             2.83215
9.62781             2.61852             4.36669
9.52317              6.9753             9.76283
-7.66269             1.40926            -4.10251
-7.22107             -5.3585            -3.06339
-2.50254            -6.60344              9.9223
-1.22813              3.8203            -9.86474
-1.69534            -0.47372            -1.51674
2.42471             4.86017           0.0108127
-3.97361            -3.07585             4.93334
-1.62878           -0.051071             7.27741
6.23984            -5.89794            -6.65609
7.1812             -6.5589             5.14614
3.01786             9.56865            -7.84187
5.96993             1.25071            -6.61702
5.6438             7.07728            -9.59741
-2.99827            -6.51506            -3.62554
-0.0103257             -1.8147             5.49424
7.54392             -1.7784             6.99306
-2.91825             2.20987            -4.20822
7.29115            -1.45704             3.25465
1.55607            -1.01516             8.22198
-7.86899            -8.29556             -3.7967
-3.83826             3.58354            -3.39751
8.41147            -6.57695             8.57251
2.70422             3.34545            -8.07162
9.21474             2.96009            -8.37573
-5.46109            0.758638           0.0495338
-0.103994             9.30095            -7.25638
1.21141             8.80924             -8.8383
-5.3905             4.93333             9.58389
3.88129             4.92404            -7.74665
9.86715            -1.21843            -1.64397
9.05093             1.79551            -1.90925
-6.1616             6.44364            -3.57732
-3.6495            -2.61465            -1.81755
2.11499             1.63987             7.76047
-9.88341             2.89623            -8.22781
-3.64391             6.55616             9.05674
-1.31837             8.45785             9.47941
9.24962            -9.50592            -2.51774
-3.69586            -5.11608            -9.28345
-7.21488              1.9389             5.69135
9.82511            -7.33181            0.650135
-8.95481            -7.48579              7.9327
-1.70567             8.77639             2.70862
-9.19684             7.73957             7.26628
-2.65015            -4.13596             9.18496
-1.48436            -1.22532             4.49405
8.85644            -1.78633            -5.12889
-0.996955             6.45996            -10.4532
5.65538             3.29988            0.857165
-9.43949            -4.57777            -3.11085
-8.64861             7.04888             2.05613
-2.79577            0.288973             5.46211
-5.85287            -4.61749            0.620777
1.43259            -1.13947             7.82651
-5.63558             6.64272             8.07139
2.61424              1.5825            -5.65516
4.5582            -8.64373            -3.72981
-2.96084             5.75015            -8.94879
4.77608            -7.00613              2.0055
5.60768            -9.17784            -8.11764
-5.56155            -7.57253             4.35592
-7.05522            -9.17115            -4.85138
-2.74375             9.90146            0.915609
-6.67006            -6.21483            -5.04896
-1.7905            -4.27952            -7.69611
-3.4066             2.49521             9.34331
-9.32237             1.44757            -2.18509
-2.29232            -3.35317             7.60759
6.16238            -8.16752            -8.26694
2.01952            -7.33141            -4.45372
0.656016             7.21864             -6.4584
8.89553            -6.76126            -5.08586
8.54742            -6.87887             8.66954
2.31672             5.91803            -7.00333
-3.31867             9.26702            -9.79073
3.99511             3.48325             5.16979
0.419101             4.10473            -5.88373
9.77698            -2.45752            -6.48909
-7.07702             9.87032             2.12147
-7.55979            -2.26556            -1.06694
-5.22032            -4.37094             6.83088
-2.14815             1.87295            -7.24615
5.56941             5.02582            -9.80078
-0.427741            -5.46231            -2.45502
-3.32956            -0.83309            -7.60471
7.54384             5.98117            -8.52145
-7.84304            -7.41872             5.46179
-9.58609             6.77181            -7.39707
7.92193            -1.71391             0.39301
-5.10435             3.49278            -9.51393
3.42134            -4.93777             2.36676
6.27198            -1.53612            0.564092
3.87465            -8.01489             -1.9758
6.02147            -7.54009             5.73378
7.43533             1.44559             4.70783
-6.10997            -7.17107            -9.19983
-3.66653              8.8739             -2.3223
-7.38222            -9.51773             1.35995
8.52196             7.10377              4.6686
6.31684             5.66798            -9.24478
-2.73421             8.37828           -0.417627
-2.35036            -9.63147            -8.53051
-4.8426             8.50696             5.23588
-6.54589            -8.35682            -2.50179
0.251567            -9.04506             5.50528
-8.99415            0.250224             -4.4648
-1.09327             9.85225             1.67314
-2.34256             6.50287            -2.68701
4.80883            -6.47729             9.80734
-5.22948            -2.83131             7.55167
1.90699            -7.95683             5.94087
-1.32606            -3.34168            -5.77015
-2.94934             -9.1021            0.123529
3.44123              6.3055             3.28305
8.70921             5.36145            -9.87734
-5.91823               6.116             7.08367
-9.65747             9.68911           0.0407347
8.8977            -1.52807             5.49062
-4.54352            -8.37914             1.40785
-6.26055           -0.382248              5.5665
7.673           -0.276502             -4.6704
7.36998              8.2207            -9.37713
3.44834            -1.13494             1.03329
-1.98908            -5.62402             2.69243
-7.37948            -9.42959            -9.23017
9.23086            -3.46128             9.91996
3.28775            -6.02105            -1.27789
8.34717            -6.55845             1.82394
-0.291866             1.17652             8.40912
-4.36682             -8.6266            -4.71114
1.73278             5.16044             7.28034
6.36082             6.12075            -3.47063
1.25449            -5.23169              4.3374
-3.15664             7.29069           -0.291823
-6.72509            -4.00442            -7.60012
1.09582             6.92681             -4.6001
-1.5209           -0.735714            -7.50645
8.39043             3.43706             9.69763
4.39444             9.45127             8.02032
1.43308            -5.94487             7.99523
-5.84099            -8.10822            -7.08007
7.85957            -4.01584            -2.24906
-4.47847            -3.75686            -9.79218
-4.57118           -0.174185             8.14149
8.97328            -4.03233             3.03595
6.04553            -5.36379             5.39746
-0.622842            -7.98722             8.87969
7.70512             5.65504            -5.12149
2.03181            -6.21833            -9.26599
7.90778             8.89029             -4.7587
-2.51105             7.20436             0.57583
-5.12415             1.09563            -1.51875
5.24795            -8.05531             4.89134
-4.83024             9.68624            -6.78072
7.51203            -4.63191             8.03399
-1.09588            -6.68132             -6.2768
-7.97937             2.89769           -0.466945
0.778855             3.36438            -6.31373
0.624155             9.45205            -3.26763
-3.22891             8.31691             8.33587
-1.53834              9.1419             9.08022
-0.354332             9.33957            -8.79929
-9.87365           -0.955137             1.29243
7.26837              9.1613             4.64063
-6.36358             3.08741              4.5319
7.03717            -9.32802             8.32629
-8.74276             4.45362            -1.23171
-7.57695            -9.03915            -8.58466
-8.59745            -1.70803            -3.06784
3.26243            -2.03057            -8.90835
-9.84834             7.54469            -8.30681
9.06905             3.44333            -7.13977
8.10989             -3.6872           -0.741677
5.29421               7.021            -7.12648
-5.64999           -0.217221            -8.48935
7.78267              9.8454           -0.646925
-3.09269            -8.36564            -2.75908
8.8921            -1.03505            -5.84477
9.41161            -4.35583             1.43952
5.60806             9.20858            -9.27134
2.27137            -3.84044            -3.85622
7.37469            -6.36154            -6.78332
-0.0774025            -6.08453             1.94399
-7.11756            -3.79484             8.54058
0.982048            -1.12575            -8.84545
9.91152             1.73153            -7.77546
-5.21378            -5.32723            -2.30731
3.79087            -1.65307             9.09891
1.82859             -6.9185            -6.95137
-4.41623             2.07373             7.32495
-2.26024              1.3943            -6.56459
-1.24703             2.65256             5.11397
-6.21274            -3.50267            0.100846
7.02997            -4.49653            0.382528
9.2866            0.757626             -6.4963
6.18197           -0.820542             1.98418
6.0766            -3.68605            -2.53172
6.28777             5.48057             3.34069
4.60173             4.73719             7.01388
-2.21482             -8.3721            -2.00147
-6.06617             4.83092            -1.45767
-2.42122            -7.29065             8.30285
9.25931             3.32742            -1.92955
-7.22727           -0.923208             9.40338
-9.38018             -6.1053            -0.13916
