-31.6874             5.70691             6.73649
1.85403             10.6699             -143.79
-89.3999             5.59197             14.9044
-65.2607             7.86612             -35.989
-137.961            -163.197            -2.86557
-68.0954            -25.1365             23.9761
-25.8985            -26.7673             7.63748
-45.2376            -47.4411           -0.654923
16.2815             15.8727             8.99688
-0.145839             10.9923           -0.998015
5.12951             9.94526            -3.78716
9.46204            -78.9915            -5.56708
-69.3155             7.97821           -0.401847
-30.6202            -23.7608             6.15474
-37.2967             3.26018             9.82562
-2.49834            -71.3307            -1.88896
-46.6067             7.00639            -2.89065
-30.611            -38.9203             6.81629
-117.754             1.73091             3.14404
11.6283            -98.7595             -1.8969
-69.9828            -53.0981             13.7988
-53.7999            -33.3517             14.1773
-6.51813            -15.1648             15.5503
-6.98337             -115.91           -0.144545
11.1226            -33.1688            -6.73265
18.6836            -31.9463             1.20201
-119.424             8.01292             12.2851
-0.212571            -115.087             6.14959
-45.3493            -45.8593            -2.54966
-30.141            -45.3627            0.545599
7.65134             5.69681            -3.17825
15.3578            -68.9091            -28.5625
5.85967             18.7377            -77.8396
-2.66803             4.57154            -180.511
26.28            -3.68555            -89.0687
-27.8354            -2.99266            -126.372
-70.0499             11.0452            -2.49976
-27.2515             10.2894             13.9524
-172.356            -6.03762             4.00284
-68.0993             12.0849             15.1093
-36.2807            -1.06194             8.63227
-29.378             8.72442             1.78693
16.0501            -7.61084             9.35353
12.4656              20.355             16.3536
15.9992             10.5591             14.9692
13.5049            0.244967           -0.413709
7.52428             -7.2469            -2.65441
9.48171             15.7796             14.7595
-102.739               10.97             5.70485
-27.3835              13.649             7.62521
-67.3125             5.32018             4.44721
-83.1093             5.18573               13.46
-28.6374             2.16719             14.2373
-7.20645             4.38433            -1.54397
16.4254             11.3452             14.7195
5.2808             22.5752             10.3553
-71.8684             4.54372             15.2007
-8.67533             11.1002              4.2124
2.06087             10.2708            -1.37545
-47.5759             21.2043             13.0971
-78.9073             15.2554             11.2099
-22.7012           -0.118565           -0.240525
-109.333             15.1714            -68.2681
-54.3466             15.2051             -4.1946
-43.4351             4.02299            -73.8046
8.70445            0.153331             17.6085
5.86998            -3.15406             2.82155
10.6644             11.3192            -48.9784
-62.3633             14.0356             5.27627
-39.3283             9.30935             5.71218
-191.54            -4.80665            -1.46378
-99.7264             11.8237           -0.944747
-68.2976             14.6905             2.44083
-30.5182             13.1207             -5.1825
-101.686             9.90997             9.88601
-38.5842            -1.63101             3.46338
-119.32             4.55918             7.50652
-71.1369            -3.88268             6.00546
-31.785             10.4121            -2.07226
-37.9637            -6.07035             1.25475
-70.1388             6.24284              2.4256
-41.6585             6.68889            -2.78088
-150.243            -2.90624              7.4679
-85.7546             6.39518              7.9056
-35.8699            -1.23735             9.94005
-23.0198             6.81672             -3.1856
-145.676            -1.02142            -5.79727
-18.6773             3.18296            -1.63334
-29.8145            -3.37344             3.18432
-24.4713             6.60078            -1.07955
-144.376            -2.68054            -2.22877
-30.2599             3.39224             7.47188
-94.0848             10.5259              2.4069
-83.3006             10.2943             8.68518
-47.4331             11.6622             1.48728
-75.3525            -9.41276             3.72876
-121.035             10.2673             -136.31
-30.9096             6.15442            -145.906
-77.2937             5.94402            -45.3022
-39.5017             6.28093            -71.8622
-23.4051             11.1566             22.6404
-2.82074           0.0599052             25.6652
-130.402             3.93518             4.70529
-59.6334            -3.54237             1.71646
-107.238            -1.74584             8.00519
-59.7389            -1.23902             3.62668
-57.0071              0.3159             5.05007
-74.3542             2.99462             -3.0362
-75.8723             11.8872             11.2543
-45.6356             2.71593             12.1755
-139.057             1.61832             11.2045
-74.6144             8.91675            -4.55733
-119.638            -2.96127             8.76844
-78.5056             5.48024             1.26248
-7.83795              1.3509             8.15753
-68.2512              1.4789             11.5881
-102.037              2.4808            -1.74666
-30.405              17.473              9.6928
-31.9057           -0.983765             10.7276
-75.5274            -3.64597            -1.00596
-95.2853             3.67123            0.687067
-40.7831             7.93937             2.09991
-39.8249             5.18386             14.6326
-84.6628            -4.48364              3.5978
-17.2004             10.0815             9.76347
10.9802             11.5641              17.567
-118.651             12.5892            -9.07301
-90.3077            0.032193             6.71775
-125.948             10.9651             -166.48
-33.9356            -4.86778            -34.3419
-143.557             4.51664            -34.3071
-72.984             3.84942            -82.5672
-72.1069             14.3144             15.4809
-45.9958             4.55533             13.3858
-118.826             -4.4643             6.15535
-83.4902             9.79426             10.2699
-76.2359             9.50602             15.7079
-71.3032            0.723385            0.657357
-158.062              3.7513             0.69435
-83.8711             9.03497             1.64989
-63.9488            -2.99102             2.34673
-25.1933             7.80021             4.01824
-110.802           -0.784323             5.33268
-74.2952             7.25327             3.09154
-109.644              0.7442             15.6952
-71.1792             5.98284             11.2625
-15.959           -0.323826             20.4419
-33.094             6.30846            -1.14929
29.3538            -4.07451             -2.6997
2.64707             2.71195             13.1759
-180.282             1.04592             4.93889
-24.2413            -1.06918            -2.35637
-66.449             5.52141             7.28219
-52.8692             12.2753             9.79981
0.957323           -0.993016             1.80317
-19.7007             -7.2713             15.4887
-22.5059            -2.09127             5.42958
17.1047             7.09924           -0.183772
-38.2488             15.2939            -4.67374
-76.6156             6.80305            -16.9079
13.8378           -0.370613            -38.8655
11.0166              8.1464            -114.386
-116.633             -11.648            -3.66231
-63.9652            -7.39895            -84.8032
-82.6838             3.14718            -3.40425
-78.5             11.5527             10.3891
-116.168             5.00783           -0.361955
-116.721            -3.62432             2.48632
-108.587            -5.06294             14.3036
-63.5753             -2.2303           -0.612817
-18.1156             5.33701             9.70318
-61.7025            -3.15169             3.81282
-99.0482             11.7427             13.6869
-6.89769              9.0671             3.00076
-6.02921           -0.507139            -4.40854
-56.0412             10.4221              5.5937
-111.842             3.06811             4.09397
-22.4723             11.4838             7.72227
-39.0718            -6.84613             2.24141
-30.8144           -0.865938             7.24265
-41.5909             11.4521             6.63282
-9.25061             7.01312             -5.2163
-150.029            -0.90622             7.73161
-90.7348             4.45908             14.9358
-74.3801             8.18158              13.588
-41.985             4.46471             8.60328
-151.549             6.57984             10.6801
-38.5154            -7.11697             11.6366
-46.1598             12.2098             3.19206
-36.4246              2.4208             6.60778
-93.8638             4.73367            -38.7169
-41.0011            -9.50526            -6.18039
-77.1685             15.1152            -81.7796
-3.25551            -4.13381             -104.81
-128.573           -0.642435             2.92692
-75.7026            -2.89817            -107.451
-106.141             13.0443             12.4374
-81.0185            -3.16461             26.2862
-30.7987             6.51418            -1.11966
-86.8754             9.96771             14.0598
-67.4144             5.32367             13.3411
-18.0436            -2.30944             17.4036
-10.5107             12.0623             5.55363
-13.3034             0.94467            -2.29918
-70.9869             8.33211             3.08788
-30.896             9.19157             3.45612
-137.175             5.83361             16.1277
-59.6347             1.80909             8.42988
-80.4499             4.52721             5.55298
-76.3376            0.578183             3.39482
-116.504            0.555805            -4.85721
-80.1429             9.08492            -3.71648
-77.6333            -2.15842             10.3003
-67.8018             6.72267              4.2142
-113.709            -3.40555             -5.3134
-109.483             -7.1865             7.58353
-83.3685             3.77085            0.250397
-70.1666            -5.00348             12.9061
-136.73            -4.58022             -3.5586
-101.139            -7.19475               9.225
-113.052             11.4141             -1.9742
-76.6657             9.81572             1.58186
-25.9379             7.74919             7.30904
-85.6248           -0.618997             -0.7472
8.44205             13.7645               -41.1
5.05927             -36.532            -90.2564
-101.559            -12.7701           -0.297671
-76.7138             2.23513            -109.652
-68.1096             7.47802             18.4273
-97.6405             7.71917             12.4436
-94.9116            -33.4235             2.50784
-59.2659            -5.53239             8.40465
-60.6308             2.86837             15.0992
-42.9045            -4.91664             4.40662
-93.9742            -10.5338             11.7157
-53.2513             1.73198             4.12365
-82.5945             6.72625            -1.20585
-47.6331            -12.9764             4.68429
17.4143            -5.93453             3.67922
-35.0094             2.48695            0.442603
-83.1741            0.231055            -6.48912
-22.6434             1.97432           -0.118332
-82.0704            -23.7533            -1.96357
-106.453             14.7048             5.70498
-84.243            0.315034             8.10161
-89.3186             -7.6121             1.84485
-80.004            -33.4345               8.049
-103.117             14.2248           -0.978847
-70.7628            -2.88959             8.58408
-78.9979            -4.86764             13.1863
-112.617            -30.9106             13.4896
-110.668             1.79411             16.0198
-58.3385             -4.1072             1.34757
-30.3886            -8.06562             10.6753
-42.2945            -8.97225            -3.10282
-42.4701             8.22817            -9.56019
26.1818             -81.439            -109.196
-3.16714            -4.34812            -127.879
24.3662             6.81345            -73.7614
8.01505            -102.425             2.16347
19.2121            -63.3838             5.69008
0.241686            -74.9274             25.2676
12.507            -26.7778             9.80477
13.2006            -97.9866           -0.204362
13.9613            -113.175             9.40806
10.3147            -61.0006             7.96578
13.0871            -71.6216             13.1721
6.26987            -3.29706             8.20884
17.6401            -103.602              10.735
1.51116            -37.7213             17.1798
7.86817            -76.2738            0.539774
5.25299             -42.996             8.97956
13.3851              -71.76            -1.98078
11.9341            -33.5087              8.5323
27.6718            -85.6545            -4.57197
10.9764            -98.4429             -1.6881
16.8898            -80.6515             10.9925
4.79709            -69.3202             14.1117
7.88322            -75.6709            -4.07122
6.06172            -100.301            -3.72557
10.3265            -87.3862             1.31803
5.07743             -64.417             3.17391
24.6011            -68.5761             14.1543
9.45584             -61.568              8.0026
15.7157            -65.7458             8.64617
15.2531            -41.9848             11.2528
10.1325            -81.8738             1.98462
8.72324            -77.4168            -69.1898
13.8257             7.57199            -65.9367
-2.79764             9.46961            -179.134
21.5719            -4.20119            -111.319
11.4419              9.8448             -105.13
26.2847             12.5396             25.0583
6.17218             6.69315             22.4898
31.4698            -2.22291             12.6874
10.46             17.6004             14.9493
14.8705             16.9608             8.25979
3.39389             6.50221             3.06348
5.14625             6.39533             16.8615
18.1995             10.6899             13.3335
12.9973             14.9752             12.0924
7.26678             3.67473             5.48426
18.7229             4.64815             3.80143
18.8127             3.60534             1.70729
19.5392             24.2876              13.066
6.1975             12.4707             12.1322
17.7585            -3.13547              2.6777
12.1597             20.7293             15.9323
15.0422             25.0039             6.50729
14.3407            -1.12096             17.1831
5.84489             3.56696             9.18684
18.785             19.0478             0.87273
16.7566             28.5868             6.61477
16.039            0.637265             4.69662
15.4674             1.31269             7.97136
17.3739             8.78996            -2.08365
24.1014             12.0432             11.7775
9.84932             12.0511             20.3994
24.5501             7.30535           -0.949834
10.0114             11.0848            -8.23518
5.79787             4.90443             -66.078
-3.81312            -2.25765            -156.573
6.64921            -5.02718            -71.4231
5.7963             2.43322            -111.618
15.6487             5.09037              18.495
4.69547             16.2536              23.981
23.5004             4.43298             1.18281
7.38092             6.72109             6.46334
7.40051            -1.20787             13.9942
7.4638             7.42539             14.7634
25.7224             1.38113             14.4236
8.84727          -0.0981936             3.47046
20.3376           -0.471129            -2.05075
1.48714           -0.770466           -0.503303
18.292             2.05883             14.4814
4.33583             10.2161             13.8859
12.4936            0.221068              1.6985
-1.90957             11.3036            -1.27528
16.9162            -1.38457             10.2052
15.2401             3.18577             14.1934
13.3466             12.5001             6.77602
12.3798             9.42649             11.4278
20.6908            -7.83028            -2.33102
15.8792             9.69052             12.6091
0.0260205             16.5071             16.8922
8.51395             12.0494             3.74083
17.2947             3.43158             11.0949
16.5105            -6.10177            0.527888
19.0992             16.0968              9.0961
12.6454             8.88126             10.1897
11.5216              10.843             7.68453
13.3571             5.21964            -10.8827
10.2645             16.8397            -103.605
9.72616            0.897587            -1.65469
11.1125             9.16724            -65.9417
5.42729             3.48154            -67.2095
13.9427              -1.492             27.5156
14.55             8.53429            0.572146
22.7521            -5.58145             9.57189
6.24562             8.27658             10.0453
22.5988              11.262             14.6806
8.24094             12.5435             13.8268
14.3431             -6.3399             14.1302
18.0996            -3.38559             10.6433
22.893             16.8502             4.83939
8.78639             9.02588             1.64695
27.8028             12.2622             2.43775
6.1452            -6.62473             2.38216
28.1616             10.1357             7.54955
6.50336             5.36489             6.77573
4.98056            -1.46577             11.5667
13.7922             7.03469            0.919764
19.623             6.39589             1.68142
6.62342             9.91441             8.34056
7.36701             11.8114             1.52982
22.3287            -7.25982             11.3375
21.6064             11.4973             11.2041
5.16965            -2.22025             2.63593
9.83347             9.84428             -2.1499
15.8899             11.1013             10.3855
11.8593               16.41              13.467
-0.112971             7.12235             6.77529
16.3354             3.27642             -20.819
10.9077             1.18967            -6.14679
17.8773             18.0752            -80.6758
3.89738             11.5011            -161.633
24.9286            -6.40259            -43.4041
18.7498             5.99467            -52.0736
14.5498             3.98794             3.24193
-2.85657             10.2638             23.7115
31.6939              7.9954             12.8725
2.54839            -0.62043             13.2026
20.2698             10.0717             15.7442
2.91326             14.8944             11.5226
17.7445             10.5838             11.6777
3.81878            0.698397             5.46779
6.75099            0.239716              9.0549
8.28776            0.367931             5.59096
16.7173            -6.44403             11.0695
22.32             5.43634             14.8072
22.5618             10.1969            0.848958
16.0919             17.3532             16.4036
12.6455             3.29755           -0.934785
14.2949             8.20133             11.2032
9.41076           -0.647075             11.4864
1.0394             -2.0875             16.9133
30.3972            -4.43421             16.1039
4.92571             5.94141             7.79086
14.3984            -1.85958             5.37874
13.5909             13.9033             6.79025
20.7787             10.2642             17.0344
7.37762             4.31807           -0.365625
4.16334             5.24754             7.96076
-0.361191             2.83146             8.66329
9.26132             11.7447            -13.5872
9.11422            -1.17277            -1.52602
10.0107             3.10272            -120.561
-6.96214             6.91739              17.191
33.9461             8.82712            -45.4006
9.41472             7.97797            -64.6504
22.2993              10.266             22.7263
8.84498             15.6951             14.8359
21.6411             6.38078             9.18043
9.04561            -3.63283             8.34879
16.3505             9.03767             16.1443
6.40356             2.72107              13.336
18.7706            -4.93998             15.6456
13.5437            -3.85046             6.36526
21.2379             8.52661             10.1671
1.53233             16.4297             4.88623
13.7508             6.94408             2.91277
13.2262            -7.25934           -0.194123
27.9787             8.58057           0.0879632
15.0528              9.5582             -0.5893
8.95928             -6.7612             13.6159
11.7806             5.76896             13.0179
3.77341            -1.37985             4.61117
6.02205             10.0152             12.5485
33.3376            -6.97494             9.71502
10.9439           -0.140608             0.53618
14.9598             8.10745             3.43369
16.4912             1.96381             16.0835
21.7196             10.8018             13.6382
10.6264             1.73899             9.76305
9.6203             1.71295             7.43314
-2.66039              15.705             14.8538
19.561             9.12696             2.45904
26.604            -1.19357            -6.20269
20.6862             15.0225            -106.099
10.1441             3.94755            -12.7625
15.6392            -2.75247            -78.9917
21.33             2.54282            -24.6713
26.8136             7.76017             23.0237
16.6068             4.32047             17.2792
20.8824             3.13852             4.04932
13.7216             8.75721              3.0941
13.5057             12.5358             6.20813
9.76138             -1.4102             6.09207
15.3769            -6.06893             11.6776
4.51322             8.96189             4.81265
24.5751             13.5742            0.440008
3.64445             6.52171             4.40103
28.0946            -6.95867             3.15643
5.65115            -1.17418             3.26544
24.0216             15.3024             13.1023
5.22249             16.2927              10.505
32.2779            -2.96345            -1.22538
9.39734              2.7077              7.0002
14.562              1.8773              12.458
8.3808             4.21303             2.61581
19.6251             8.17541             1.04632
14.2748             5.27581             11.3471
13.3504             3.70775             3.76757
15.1904             7.76324             8.21779
28.0317             2.62409             5.96968
17.0625             9.97532             7.44942
15.8255             9.79764             3.25701
2.26528             1.93476             2.09357
10.9665              7.3992             4.50331
14.7272            -12.0557            -25.8531
17.7708             15.4915            -98.4003
14.2493            -5.83218            -75.2054
22.807           -0.859485            -93.1982
6.62279             5.20441            -29.5355
22.7789             12.7391             16.8838
5.38717            -41.1965             10.2979
17.1231            -16.0156             1.52584
5.11496             2.47298             17.7304
22.8655             18.4433             7.75918
10.9899            -11.8107             5.51953
16.2281            -7.86029            -2.76781
18.8971             -2.1255             8.10212
15.3587             9.99796               15.04
3.19279              -49.85              14.297
18.8586            -7.52919             2.34084
22.859             12.0864             3.63711
11.2413              6.7775           -0.432169
12.4901             -29.125            -1.57059
22.0012            -18.2936            0.612482
9.68348             2.42363             16.4038
23.6884             18.5863              10.362
20.9649            -8.53141             10.4472
12.3239            -3.84061             12.4958
13.4408             9.41748             15.5099
11.4782             9.31611             1.04293
14.0484            -30.5346             5.79307
16.1669            -13.4997             14.9827
10.1508             6.93898             2.17915
18.1112             17.1118             4.43589
14.6418            -40.2876             7.97964
13.522             1.47058             7.32364
15.9648            -7.72584            -38.2849
12.7193            -71.5297            -29.2068
-8.83274             5.70986            -153.989
9.52683            -85.7044             -80.655
9.13737            -35.6916            -30.9289
2.12542            -94.4635              3.8694
12.4342            -5.60822             18.8141
17.5848            -41.5053            0.436371
13.7632             4.81847            -2.85186
14.2792            -94.7139             8.66557
8.74078            -23.8436             10.8852
12.0318            -34.7951             4.77039
-4.01889            -44.4092             9.85477
11.7185            -16.5846             8.18311
9.83554             3.39108            -3.11693
18.747             10.0646             11.5117
7.90735            -145.281             -6.2012
8.14307            -103.515             3.87656
7.99752            -39.3144             11.2094
13.2698            -50.9489             2.42495
4.3728             20.6943             7.80806
17.1841            -70.9274             9.28289
3.85041            -17.7111             9.74451
9.10895            -66.0219            -2.57923
-1.96733            -88.5667             8.89661
17.9563            -103.984             8.72332
5.50262            -54.0808             12.6504
3.72358            -40.4013            -1.00746
8.98706             7.61283             4.68735
6.95204            -72.9208            -1.18674
7.82034             9.15116            0.280288
4.6552            -39.8927            -14.8167
1.98952            -38.3275            -55.6085
5.05775             23.4238            -100.613
-4.56608            0.858102            -188.994
3.9301            -3.97045            -96.1551
1.73468             13.4405            -90.5923
14.5554             15.8362             7.84553
4.93348              7.9215             11.6906
11.0275           -0.733909             3.41053
18.2192             5.01848             5.78072
0.0790037              15.095            -2.23119
3.47736             8.90422             6.84303
7.27145            -4.93683             5.79325
13.8253             9.98619            -1.12644
3.85158             1.51933            -1.71631
10.1985             1.35596             15.2492
11.4859             6.70009             12.8483
12.2812             22.1588              16.866
10.2068              3.0123             13.6062
2.38531             14.6127             3.92359
9.87209            -2.72758            0.601411
7.95767             1.65889             14.7124
10.8472             15.5607             6.08557
2.57939             0.87004             10.4004
10.4627            -1.00071              4.4007
11.6714             11.8798             1.04986
6.93189             12.1695             9.20055
-0.780758             17.3135             8.91063
21.5754             3.11036             12.9233
2.71528             9.66078             3.04906
6.12393             13.8555             15.5033
7.61787             16.0272             9.70052
4.62005             10.4711            -18.6229
24.9941             13.3004            -9.43584
8.63855             10.5748             -123.78
1.20602            -3.64965             8.62946
8.24235            -2.69787            -68.5539
21.0819             11.2203            -54.9665
0.128302             6.45543              25.245
7.19562             5.44255              8.2191
8.55822            0.780162           -0.844371
12.7264             3.83003            0.108213
14.1845             5.46984             11.5538
8.24478             14.8101             8.30636
11.4735              5.0466             3.70273
7.99008            -3.10132             11.2456
3.04913             3.74353             6.54225
4.73826           0.0357436           -0.698583
13.5769            -1.67975             12.8181
13.2315            -5.82056              7.7774
9.6471             4.12412            -2.10625
3.72948             -1.5425            -1.85262
6.67297             8.66369             9.63763
12.4813              1.1402             12.5264
3.99767             13.0327             3.26736
5.51498              13.643            -2.26684
15.5795            -2.23305           -0.474953
22.3542             5.12411            0.346837
16.2661             13.6024             6.60556
13.7077             6.18788             17.1498
4.65669             9.84385             4.15386
7.84294            -5.48618             12.3341
3.23078             7.54176             5.61428
8.04661              6.8346             7.69281
16.5441             13.8338            -9.76584
18.5457            -6.86668            -18.6443
2.33009              5.8886            -76.2613
-2.66795             4.97187            -175.671
8.46645            -9.17663            -51.1642
18.3342            0.490477            -49.0608
4.92246             14.8038             12.0467
-2.22301             3.66544             25.2268
21.7115             7.25365             13.4586
13.4686            -4.77241             10.4699
8.87952              13.212             4.90368
12.5423             10.1364             13.3902
17.5332             9.13072             15.8963
12.208             6.85964             1.82363
10.8671           0.0159059             7.82038
10.1392             11.9767            -1.64709
8.67893            -3.53571              15.039
15.5438             5.40488             3.01378
7.92529            -1.43706             9.61903
6.04793             1.69987           -0.731764
18.0418             2.00066             9.25919
21.5914             9.76651             11.1267
5.3984             14.8958           -0.434521
6.62747             7.68643             13.5971
18.8471             2.45162              17.055
14.9456             11.7133             13.0346
7.1758             5.34407             13.3744
5.84141             12.7086             5.14923
5.15911           -0.718941             2.32874
18.3863             6.13119            0.548457
1.44127             14.9931             15.2455
-0.56814             10.1925             2.18768
-5.18979             11.8052             10.6375
20.5529             2.40659            -8.54389
14.2168             7.33658            -101.821
0.935878             -8.6545            -10.1042
16.4932                5.44            -74.0715
14.3262             5.03341            -84.1984
10.4789             9.87116              10.388
14.6586             10.7808             14.6054
20.1112             3.67952             17.3132
8.31804             6.92172             13.2655
6.69625            0.926894             4.56426
14.0133              9.9047            -1.58094
13.5705           -0.014952              11.826
13.0751             1.67036            0.997278
11.7015             1.66079             15.3647
8.01019              3.8588            -2.56958
13.0477            -7.34844              8.9176
21.5429            -4.03404             6.90698
15.2028              8.0307             2.27359
10.1602            -2.32275             9.56061
8.63537            -1.35074             15.1678
13.2842             2.38383             9.35623
9.36207             16.0142             4.84946
0.813027              8.3748             10.4512
20.4957             1.85275            -1.61263
10.1585            -6.20637             4.61188
11.9304            0.264016             15.0414
7.08749            -1.77243             13.1724
18.7079             10.4746             1.91858
20.0612             9.35108             5.12369
15.2971             3.91455             17.6832
10.1079             6.48008             10.0404
7.55786             10.6465            -18.2853
25.7753              4.9985             -27.303
6.0776             11.6551            -98.2739
4.49125             13.3839            -9.53344
7.26859             6.25146            -19.8078
13.5472             -3.8814            -23.6579
2.14866            0.939141             17.5994
13.9187             16.0301             5.24749
13.5427             1.03879            -2.02714
14.1901             2.98567             14.4395
4.19944             9.49245          -0.0687353
-0.298766            0.937323             15.7075
10.4775             9.36669             8.46306
8.84156             3.42726             15.7483
2.75002             9.93613             5.71387
17.3042             8.27567            -2.22764
11.3566             8.81868             7.51511
16.4264            -5.18735             2.88046
12.7789             10.5644             5.57232
2.95909             14.9484            0.672064
9.39131             3.33818             10.0313
9.31889            0.450829            -1.61281
5.96513             4.94559           -0.740198
7.71073             8.02482            -2.68061
5.06223             6.78543             10.1185
3.91868           -0.603247             11.2328
9.14591             6.61128             16.5247
6.72946             12.1652            -2.62586
13.4934             2.51249              16.173
7.70373             5.35876             13.0816
12.7902             15.8723             3.07517
5.62676             5.28694             16.6907
16.0765             15.1007            -33.3694
19.0559            -6.36493             9.45763
0.835196             14.7219            -58.3061
5.69756             4.10577             4.60157
20.4266            -2.81201           -0.303928
4.0732             5.13065             2.22713
-0.923444              11.619             6.87656
-0.305917              14.404             4.00174
7.22115             6.01982             16.4117
20.1196             9.49038            0.687409
17.1369             6.83536             7.91723
10.5898            -1.87797             13.7178
3.89388            -7.33146             15.0579
21.8762             9.11982             14.4495
14.8842             12.0227            0.598271
7.92408             10.6363             2.59522
15.0644             11.8447             10.6758
4.67697             7.55688             15.0242
3.02192             7.93743           -0.910938
12.6198              5.1347             8.28204
13.9929            -3.53029             7.66053
17.2004             9.02214              13.603
11.0938             2.34208             17.0713
8.2606             4.51726             12.5056
5.58057             7.11318             10.9083
14.699             7.37534             9.10181
8.8181             16.3151             1.23744
4.53839             7.47477            -1.61846
18.1169             7.60175            -1.83348
11.5094             10.1431             5.56809
-1.99271              13.849             18.5771
16.4955             9.79683             4.81196
2.7993             14.1398            -37.6093
8.54827            0.458809            -26.2187
17.2572             22.1604            -56.8225
-5.5184            -7.17129            -38.4192
18.0639            -8.59703           0.0369073
13.3153             5.51954            -2.64267
7.52147             3.81956             7.06822
17.3891            -38.6367             4.88265
19.5296            -10.8819             12.8491
12.1132             8.98926             8.14611
8.04428              1.9603            -1.65554
21.1117            -20.3904            -2.29472
7.09601            -14.1952             5.95269
17.904             5.69675            -1.06513
10.1216              12.541              14.914
19.7906             -22.404             1.84435
6.3526             -1.9258            0.809278
8.30306             11.3028            -1.78571
1.86543             14.4284             11.6985
6.20368            -37.0968             19.0576
14.8676            -11.3564              1.0172
13.2456             7.69345             14.2278
-0.286674             18.8867             9.95521
10.6858            -4.10693            -1.50935
6.35078            -15.2253             2.24389
3.34186             9.59229             12.3214
3.29453            0.862138           -0.178653
19.3405             5.95502             7.96566
11.3767            -1.92394             9.95266
3.80473             6.70483           -0.730184
0.951068             14.8371             15.7972
6.13858            -11.7024            -1.31174
11.4189            -9.54379            -3.71729
15.8307            -6.97603             2.77549
9.85988            -103.259            -103.008
10.079             -28.443             9.94702
14.8373            -43.9339            -39.7241
-0.227083            -74.7606            -9.24147
9.40231             -50.187             20.9161
-1.18155            -26.9742             13.3035
13.4247            0.444257             6.70388
9.16014            -90.1281             3.77256
14.6092            -89.6919              10.419
4.5082            -43.0464            -1.34555
13.9979            -12.5711             5.69012
-3.3905            -7.77962             16.2236
15.0129            -87.3962              9.6414
3.75103             -3.6535             17.2062
4.32061            -49.2949           -0.106134
5.97446           -0.824978             2.46885
13.779            -76.5904             9.50495
8.46045            -5.61786             15.9579
4.29383            -1.82151            -4.89128
13.596            -5.39337            0.205822
1.79241             -117.38             8.45193
11.0614            -35.4523             7.18697
5.81989            -65.9392             11.6761
-2.98048            -24.1088             17.8621
10.542            -65.7773          -0.0501284
6.89689            -39.1437             3.80918
12.1234            -21.9352             1.58451
15.8176            -108.732             3.17556
0.65473            -78.5336             13.8422
9.34023            -69.8182             2.42257
2.65416            -86.2952            -4.05163
-1.2517            -29.9795            -60.3303
14.8613             16.6375            -79.0168
9.06942             4.59205            -183.732
5.83481            -7.98491            -118.755
17.9233             5.72508             -68.041
16.0131             6.76762             9.55399
15.0289             3.19809             24.7275
14.4512            -6.94777             14.9062
6.60174             21.4652             2.15652
14.4439             8.99855            0.143238
16.1244             9.64614           -0.314673
19.6247             1.28201             15.2443
8.11208             10.8906             8.83754
15.3103             5.21454           -0.201051
11.3651             17.6542            -1.71933
6.39111             8.87715             9.50513
13.5238              3.2272             2.56597
13.4024             12.0557             2.99588
13.5896             4.57808             6.35471
15.9324            -4.33932            -1.95733
21.5293             3.83021             13.7395
3.72682             18.5074             1.46574
6.33212             13.7611             4.81037
17.4905             6.12388             8.06476
4.28556             2.94366            0.447606
5.16551             22.2214             5.98086
10.2187             10.1413             10.3986
10.6456             2.99945           -0.039247
16.3281             8.83284            0.596331
9.5526             18.4461             15.2399
4.64202              12.129             4.34782
1.71093             9.70689            -30.9547
16.6952             7.95607             2.91596
1.16685             1.49561            -111.596
-4.6195           -0.946011            -151.869
20.5703             5.35403            -43.3919
3.02385            -3.40986            -77.6703
12.0076             16.3004             6.76845
12.7059            -2.14783             15.2642
11.9377             10.5746             3.19271
5.98369              1.6201             8.50766
12.3514             10.0691             2.34787
4.72461           -0.767883             13.0146
20.6698             11.0163             13.8685
3.39775            0.278577             10.7599
10.6404             11.3336             3.86632
12.9304             12.0108             1.97905
15.2565             5.16778             9.63063
21.196              8.9418             16.1815
-2.1092             1.56136             5.61096
0.740237             14.6201             10.1414
11.9217             11.8699             15.7817
21.2253             5.22571             16.6184
-2.17026             10.0696              2.5682
7.31486             4.38339           -0.600677
20.8454             11.1007             6.06916
15.1749              8.4563             14.2325
17.0546             11.5882             12.8945
10.1296             6.52148           -0.743596
20.4984            -4.37987              6.6702
12.2277             10.6589             6.44458
16.9562             13.2155             9.95604
-1.45419           -0.407155             18.5736
4.25932             7.48024            -14.8678
16.9037            -5.36281            -3.95991
6.01174             9.41027            -124.176
-2.47262            -3.68281             14.1698
6.0301             1.64867            -63.4922
14.4904            -1.78105            -60.4092
13.47             12.4211             24.6112
5.44252              9.3638           -0.279794
12.3135             3.14546             6.33528
13.861             8.16114             16.6845
8.79376             14.7796             13.2368
1.82394               15.68             12.0322
17.604            0.111203             15.0811
6.23221            -5.17257             16.2567
15.5137             11.2808            0.871923
-0.810365             5.70584             8.62991
18.2347           -0.520463             4.71684
8.32208             10.9964             9.19081
12.4458           -0.670535             4.68773
-2.62568             6.47252             10.5878
4.8427             6.67248             9.37294
12.7424            -4.64858             4.38204
13.129              7.6561             16.5129
1.82905             9.27376             8.11589
15.4758            0.166206            0.688738
18.0586            -2.56035             3.29151
2.4447             10.2257             13.5286
-0.403221             15.0797             8.57049
9.89196            -1.57261              7.2192
2.92546            -7.46385             16.5744
-1.50791              2.3813             1.66762
-2.11771             17.2093             10.2941
2.44482              8.9582            -25.3496
18.269             4.46062             9.47776
16.2909             10.1361            -85.0561
0.761528             10.7471            -171.767
4.11886             2.31247            -48.6082
14.5159             11.9237            -42.3348
1.40465             -2.3244             8.70194
14.7565             6.06915             18.7812
10.1042             8.30665             2.46241
3.55501           -0.887881            -1.32536
0.208717             6.04262             6.55304
7.33856              16.122             5.30728
16.9443            -3.10494              5.0147
3.11992              5.4099             5.87868
15.5123             15.3846             8.15104
5.32415             7.66331             15.9493
19.3104            -5.04785             2.74013
15.107           -0.554632             11.6254
0.8574             14.8826             5.98928
12.555             16.6494            0.571665
12.8281            0.577833              12.701
17.0241             8.44156            0.123736
14.5442             11.6829              10.377
4.00309             0.15578             10.7645
19.8183            -3.71958             9.41823
10.2292            -2.91588             7.45789
8.12841             7.14498            0.672804
1.17441             6.23681               6.482
21.3802            -4.18357             5.38247
4.73891            -1.02027             1.20934
4.75208           -0.805356             9.92747
13.9285             15.4725             1.94395
2.69312              8.5989             5.21177
25.5165            -14.0828            -22.5631
15.4167             13.4502            -108.093
-3.36568           -0.486093            -18.8212
22.2945            -5.14816            -24.1832
13.7341             8.40442            -70.3572
5.16961            0.173173             18.8219
-0.669702             14.5664             11.5044
15.7195             8.86254             13.6083
16.4595             11.0465             11.8724
1.93786             12.9179              11.602
9.18554             4.55496           -0.788343
10.9636             1.96243             10.1736
13.4367             11.4919           0.0915614
11.0377             9.11376             12.0349
10.9273             16.8844            -1.17244
11.2914             1.55874             2.20771
12.022             3.47224             12.0584
14.2191             5.81807             11.2239
8.15668             6.33526             8.40214
13.5267             -5.8152             3.77243
15.4402            -3.92734              2.4103
2.6007             7.67504              14.345
-2.1099             12.0557           -0.420878
15.9224           -0.130815             2.76216
17.0092            -1.35792             3.45729
15.2            0.647706             10.1551
17.1448             15.1033             7.78258
17.0726             6.30539             4.61444
15.7141             8.53518           -0.832683
-1.24675             15.6162             17.2312
8.29828             4.72502           -0.262351
-1.69684             9.42367            -35.7887
13.8745           -0.582314             -2.3183
0.148068              2.9867            -59.8999
7.59247            -3.23969            -153.819
14.1639             1.61183            -34.6809
18.5973            0.596247            -29.4238
-1.06899             2.45633             1.16372
12.4596             7.30621             21.0125
3.33117            -3.95895             5.03387
10.3916            -6.50631           -0.936609
-1.00681             6.87625             10.0676
13.6873           -0.563452               15.46
13.548             7.97821              8.6819
11.5047             2.20468             10.5388
7.0075              12.889             15.2437
2.31024             15.2137             6.58323
6.56953            -6.66302             12.9475
11.0832             7.57729             15.3892
7.02929             1.36547             -1.0428
-0.449206             9.89006            -1.27166
10.977            -5.52976             4.47485
16.8207              6.1645             7.35526
2.81138             15.5283             8.11563
10.837            -1.82104             2.29877
7.18013            -3.89671            -2.47783
7.08124               6.064             7.33156
7.9279             9.95345             5.17592
8.536           0.0109616             13.8896
19.4609             6.53885            -2.72955
3.00588             11.1101             10.9453
9.46985             9.33041             13.1626
14.9614             9.73787             14.1116
12.3155             6.13649             10.8902
16.7524            -1.34944             -21.088
6.27362             15.9477            -97.8374
2.32029            -6.57364            -82.1227
10.5532            -13.5777            -78.6201
12.777            0.844464            -72.5201
10.4624             4.63916              19.719
19.2272            -19.3355            0.145819
3.07039            -15.3671             11.0593
19.1767             11.1618              15.316
-1.31156             4.89865             13.5792
8.51972              2.9533             10.8336
6.34441             2.56878            -1.67837
14.2668             2.83296              15.355
7.29854             7.32748             1.74491
4.94749              4.7934             11.9693
12.0656             -13.492             5.75535
13.8239           -0.429066             11.8081
7.58842             14.8812           -0.131884
1.98085             3.46102             12.6887
8.99589            -4.04865             14.8415
3.85766             4.56042           -0.188136
15.6603             8.92124             7.73936
15.6033            -8.40616             13.2919
9.29387            -6.51464             14.3429
7.86683            -5.14909             7.82015
7.71527              4.6187             13.6558
16.6826            -31.5733            -4.73888
5.73528            0.098206             8.11691
8.85888             9.18599             6.26837
7.20741             20.3853             17.4101
3.12291            0.475669           -0.351434
10.9088            -8.22541            -1.03225
11.2935             7.15301            -3.76686
16.4266            -77.3028            -69.5829
-7.0478            -11.4411            -111.283
15.7579            -64.5196            -46.8342
14.2262            -116.238            -3.88837
10.3816            -107.834             17.0699
9.54111            -57.5619             23.1584
7.3665            -58.6082             3.55343
10.5378            -1.62331            -2.54178
1.07465            -69.5814             13.4717
7.90145            -34.8262            -4.13369
7.58778             -38.467             5.45877
5.01768            -114.267             8.49177
-3.01172            -68.7512             7.33151
7.42162            -69.1117             13.1569
8.54816             -27.475            -4.05384
-3.97391            -89.5273             7.54941
7.51238             -76.857           -0.932378
-2.27853            -80.9486              3.5225
3.28895            -26.3139             4.31984
2.54413            -87.5233             9.69571
2.83614            -102.827             4.28049
6.89164            -77.2534             16.4009
21.6625            -38.7341             8.56572
3.43271            -25.1878             6.15453
9.09096            -56.2941            -4.97157
3.26529             2.94941             9.81469
18.7034            -41.5255             1.45321
12.5197            -137.171              1.4951
18.6309            -98.5438             16.9033
13.4481            -64.1881             3.55946
-5.01845            -97.0085            -1.04539
13.7267            -31.5869            -28.1293
15.1285             17.6965            -75.9649
0.230494              10.683            -135.087
10.5878              3.6248            -117.015
7.56049             4.81598            -113.502
-1.37037             20.7246             21.6327
8.02182            -2.56219              25.417
7.6563             7.90046             3.19819
20.6102            -1.46904             9.62838
11.8448             24.9889             5.03437
9.82302             5.70278            -1.92394
12.981            -6.50148           -0.193986
3.53116             17.9727             15.0073
15.9161             22.1874            -2.05862
14.2425             2.72118            -1.77565
12.0106            -1.52877             4.47186
15.0116             4.99659            0.919829
-1.0916             11.2739             16.5171
-1.34555             5.86805             8.33106
15.3797            -1.48049               6.223
18.9209             5.69304             7.41496
14.9297             11.1324             3.71993
16.4471             13.9334              5.1116
16.0868             11.4406              10.647
13.6718            -5.30886             9.30574
1.19614             3.99471            -1.04661
0.136094             3.66675             8.93801
11.774            -1.82729             13.4431
3.39272             10.8153             7.07586
2.05103             22.3093             1.44407
4.02406             5.49646             1.87645
10.5492             6.32772             1.59521
19.5976             3.21208            0.309847
10.351             14.9666            -110.139
-2.37261             3.21488            -21.4974
18.5519              3.4338             -64.214
11.2279            -4.72038            -75.1394
3.51001             6.55802             27.0137
8.3883             7.46982            -1.21883
11.8819            -4.95345             9.05978
4.31711             11.3445              1.5951
0.876498             2.60078             15.5024
16.7131             6.07172             3.88882
3.32582          -0.0163503              3.7382
14.6203             3.41591             14.3522
0.704315             10.3312             14.0993
14.9798            -1.39607             10.5417
20.6169             4.50495             1.13045
19.1787            -1.23049            0.749129
14.6153             15.3907             17.0929
7.61054            0.665619             4.57557
11.3631             8.75568             17.2595
15.485             7.32377             3.82101
10.4889             7.17104             7.92607
3.93706             9.01525             11.0632
21.7508            -5.41016           -0.637039
7.57664            -3.51682            -1.94253
-1.86206             1.01699             9.33532
3.54302              4.8381             10.0184
18.2162            0.592085             14.0769
17.9567            -6.86885             16.0661
13.1783            -1.92965             2.97365
10.661             4.80698               5.961
7.66309                6.06           -0.708239
11.4144             3.21432            -1.64131
18.6962             7.78123            -95.5878
-2.46208            -4.14344            -34.7605
12.6929            -6.22206            -24.2822
21.0847             8.29341            -31.1337
1.79408             2.86698             14.9849
16.0688             2.92605            0.528948
8.18408            -6.53941             14.1548
11.6242             4.62823             2.99867
7.62923             5.46885             13.8279
13.4975            -2.38269             14.0951
14.1094            -5.01254             5.68835
20.0006             4.26381            0.863955
1.62634             4.11845             5.80701
6.13965             5.27329             13.0028
7.1227            -2.71063             15.9181
17.2435             6.25389             6.60248
5.92865             11.5149             16.5735
7.81318              13.575             16.7926
15.7078             1.53874             3.57794
21.0582            0.471531            0.410236
17.0764             5.71414             15.4058
14.6729             13.2188             16.2328
17.5558            -6.59973            0.888781
15.2766             5.33758              5.2524
12.1731            -2.29859             10.7597
10.9144             2.39016              1.6915
21.2706            -1.78423             11.8503
22.0719            -2.70946             11.2519
8.06479              2.7944             10.5059
11.8189            -2.56094             3.88606
16.6915             7.13626            -16.4309
12.5516             -12.988            -16.4795
-1.0185             10.7949            -88.4207
-6.04389             3.48319            -155.256
15.0724             3.26212             -90.422
14.767             3.19826            -48.8991
15.4402            -1.01087             4.70374
12.4872             11.6252             9.96651
13.4109             5.33553            -1.27411
20.2547             7.62666            -1.54743
-2.20558             6.28896              6.5198
16.8954             2.42477             14.8323
5.41956            0.641717             14.3853
12.2808             9.81517             9.58946
3.85674             13.8144           -0.660842
-2.03222             1.21633             6.42675
5.80468             7.48403             10.0747
16.4015             3.33743             9.82439
15.5214             15.8618             3.93685
7.42944           0.0233603             14.0557
6.37844            -7.17938             8.32009
5.78711          -0.0854812             4.55339
13.8926             15.2094              4.7284
5.71398           0.0487763             3.71814
14.725             8.45512               2.065
12.1669            -0.29738             13.1221
15.0631             8.59887             15.0629
-0.388685              4.6863             6.37803
8.23024            -4.41282            -1.07088
13.5205             10.4316              10.017
12.1504            -1.96673             9.02165
9.72406             12.1075             18.9969
7.09943             13.8109             7.30452
22.5178            -7.88927            -18.8775
1.66841             12.1321            -94.5267
-4.6665             1.84908            -52.1394
13.362             10.3351            -33.1366
3.917             9.99603            -72.9003
10.1858             16.3143             23.7638
16.5941             9.69416              17.413
5.23386            -3.21633             7.74987
16.2568            -6.71665             14.0012
-2.0226             1.62704          -0.0303168
13.6647             4.94983            -2.70083
9.31572              11.363             4.34167
6.6488             12.0733             9.25153
9.80959                5.38             7.08999
6.52508             10.3185             4.14316
3.35336             2.92172             15.4076
7.8387             11.5468              4.8233
10.1512             7.70129             9.40772
7.46704             9.55435             2.35287
6.13297            0.270871           -0.951873
14.6668             7.38271            0.115807
1.12914             1.21505            -1.18307
9.53607             10.4409             10.0995
16.9689             7.81296             1.28268
9.96995           -0.124746            -2.66329
5.56056             4.66477             9.96447
6.81589             10.9805             12.1934
16.3793           -0.648964             15.3552
2.86117            -7.01822             11.2331
-1.65181             15.9845             10.4399
-2.26833             16.5667              15.237
9.29581             14.0144            -21.5229
19.4276            -1.25232             2.64023
2.36349             6.61713            -104.415
4.32871             5.94003             7.06161
3.54265            -9.35806            -50.6926
9.89993             7.70367            -15.0087
12.9084             13.0416              12.449
1.97137             6.43626            0.377122
18.0433            0.426495             9.04663
3.11122            -7.33708              5.0478
12.3512            -0.61594             13.7142
0.888442             10.3902             6.50096
6.38362            0.515101             11.2992
4.26975            -2.83269             12.9019
8.87783             6.08689           -0.670842
8.63056             10.8361             3.13871
9.49601            -7.15018             16.2467
14.1226           -0.316222             15.5183
8.70115             15.4817             2.90659
3.43921            -1.12621             17.8165
20.0627             7.25318             12.7787
6.86897             3.07646             2.09363
0.186177           -0.982769             13.1243
10.5375             8.70506            -2.26076
3.90663            -1.47228             11.8033
6.56606            -5.94624             9.99027
4.72749             14.8346             17.0024
1.31646             7.14156            0.810978
6.57073             3.67918             5.08157
16.5799             11.3009             16.0481
-2.57507             4.87887            0.343425
3.18457             12.0244           0.0293948
18.9116             15.6953            -2.35052
24.6248            -4.10998             2.19121
18.6878             20.2561            -91.2672
10.1093            -14.3353             -74.163
5.27634            -10.2481            -69.4989
4.49877           -0.683134             -47.796
0.841256             12.7436             12.9194
17.1808             -38.262             4.24253
2.9362            0.589598           -0.199943
21.3645            0.622962             13.6072
8.37452             9.99613             7.55376
2.51945            -33.1627             3.17122
-4.10552             -15.273             2.51115
22.4065             3.52067             11.7678
12.1514             9.91126              8.8266
10.8025            -7.40255             12.9083
5.54515            -18.3808             3.27174
9.18796             6.78076             4.56884
6.77055             10.6943            0.510568
19.6524            -15.7601            -1.93173
3.92345            -7.94648             6.64628
13.0857              2.5791             1.58096
11.0234             11.5073             12.3897
9.9299            -28.5288             15.9968
2.03063             3.46858             5.52389
10.9079             9.95068             15.6979
1.39315             3.07941             9.04279
12.1413            -34.2471            -4.26173
-1.60599            -18.5504             7.41454
10.9316             1.88029             15.3012
15.3032             7.53943             15.8216
13.6861            -39.1173             20.7397
6.32191            -5.30811             3.80599
24.8433            -3.20889            -34.9916
5.89843            -73.2613            -2.58948
0.812383            -37.1321              19.768
3.40396            -82.8615            -40.3757
-7.79766            -120.937             8.36868
12.8935            -100.245             10.1209
-0.503271            -47.5829             16.6511
3.34891            -14.1988             1.19485
-1.30413             3.34923             13.9273
4.86094            -65.0636             7.06145
16.0788             7.79385             12.6242
11.6371            -38.9265             3.54253
5.69049            -102.692             6.10144
10.3789             -88.167            0.862829
3.37551            -55.8972            -3.80023
17.8907            -60.8657             14.5392
7.21048            -82.3752             11.1356
2.2555            -66.3297           -0.638976
9.3093            -71.4883             11.1864
15.4775            -73.8967             3.74284
10.004            -104.122              12.271
12.7991            -82.2745             8.37689
-3.66756             -57.394            0.227577
16.0644            -12.7462             8.43188
0.451026            -112.035            -3.50448
1.85731            -99.2799            -1.87872
0.116518            -26.6515             14.2626
1.9359             -53.429            -1.16529
-6.18793            -96.3049             9.66299
12.0279            -107.636             5.06146
2.22254            -48.7939             16.5173
9.33537             -17.974            -4.76824
3.44416             4.47582             6.05987
5.91568              6.1035            -105.901
3.26154             1.24271            -37.2682
15.8368            -2.61342            -74.3824
3.73531             19.8108            -45.1498
0.395691             15.8306             11.0912
1.52999            0.769831              13.565
13.5268            -4.91732             10.5831
7.74907             3.67963             1.61952
-0.0407408             3.21689             10.9671
-1.94305            -1.70301             17.0277
7.70686             6.62639            -2.17787
21.3838             23.9527              8.3078
3.84446             11.1753             10.6713
12.175              16.787             4.87859
10.0712             10.2686             12.6139
4.97714             12.5223             14.3413
-2.00231             22.3055             7.55965
1.53856             9.26753          -0.0821216
21.8534             2.38947             6.36481
13.7429             15.0298             9.14907
3.6953             14.0359             4.09819
4.68624             1.33627             13.4361
6.13848            0.390924             7.44001
9.15414             11.7528              1.9331
8.84433             3.43071             8.49991
2.52485             9.09856             7.76138
7.80863            -2.09374             16.5602
13.191              15.933             16.6878
-2.10316              9.1591             16.6801
13.7709            -2.50881             11.5663
6.67646              10.584            -2.47404
21.343             2.75114             9.65827
9.51187             14.6807             -67.033
4.1219            -4.05065            -158.223
4.64877            -3.74354            -88.6107
3.87483             4.64953            -85.4417
2.15448             16.2005             14.7529
5.80031             3.98104             10.3007
15.5595             1.46436              7.4839
3.05476            -4.62093              12.995
7.29302             9.41943             4.98365
11.3694             1.49531            -2.01764
8.60467            -4.26928             3.69836
19.1767             0.69124             15.8632
11.0054             3.07955              16.668
3.6867             15.3722             1.71728
6.48128            -2.76162             13.9733
19.9928             7.95887            0.947688
3.84486             11.0506             10.8615
-2.5298             14.1413             3.87801
5.86215             3.06654             1.96192
18.4096             8.92382             6.23313
9.24995             5.75427             7.42667
12.8175             7.59034            -2.33993
8.11893             6.40374             14.6217
10.5598              12.049             15.4639
0.609313            0.182823             16.9196
3.89405             2.50393             14.6782
11.5865            -4.78798           -0.789102
15.3501             10.0779             5.14437
9.91589             12.5381             16.3974
15.0518             10.9903             12.3289
7.12429            -2.35478            -12.9399
21.4748            -5.03752            -5.78266
7.29317              14.422            -101.257
2.32035             11.2199            -2.05969
8.16167            -2.60215            -21.0802
2.00679              9.5344            -44.7815
7.19133             7.04942              7.2827
9.60358             7.64466              16.819
12.1031             3.80104             5.15069
16.8779             7.40089             9.27351
0.331889             4.06467             9.71087
7.60212             1.89501             12.8617
17.33               8.347             8.14924
18.7765               10.61             4.90756
12.5057              16.349               4.999
1.66205             3.98157             1.17045
15.8646             7.75177             11.3714
19.8418             10.6542             12.1953
15.4592             8.24564             8.46383
0.116586             7.82569            -2.47468
13.5038            0.140095             1.61197
19.8493            -7.83503            -2.78245
4.10969            0.109245             10.5848
8.70387             8.72153             11.6446
11.3993              5.5324             14.9838
20.0605            -2.24316             2.01697
-1.02126             14.4328             1.01411
3.9758             1.05502            -1.28539
8.31926            -4.59922             1.71528
20.6576             10.9297             11.8942
6.27523             6.43873            0.488188
15.0439             9.84791             4.92885
11.1134             4.07673             -7.7122
7.77819            -2.83284             2.53557
0.875613             9.80892            -104.492
12.4307            -5.19138             9.14107
17.0925            -1.74467             -40.669
20.6954             8.26656            -21.3798
-1.50135             4.73455             11.5763
4.59587             5.73149            0.819746
13.607             8.24223             7.01165
16.0991             4.54463            -1.80633
13.9246             16.2632             6.57638
15.5576            -1.53171            -1.86471
4.37575             6.99212            0.624496
6.76667           -0.807666             6.38072
-1.10213             14.0465             17.0675
13.9047            -2.58791             5.56611
21.7881            -6.02159             3.83149
5.89381             2.78062            -1.66474
8.53873             13.4684             6.54059
6.25054             4.65569             2.18113
14.6562             1.93325             9.61898
11.0854            -4.95102             3.94073
16.282             11.8365             9.23882
12.099            -2.63806             15.5832
13.6297            -3.32127             16.2575
13.4187            -7.58247             10.9347
11.9755              11.067             16.7011
16.7237             9.57963            -2.20709
14.4915            -0.86853             10.3785
3.1407         -0.00292325             1.99677
11.7102             6.38568              5.0412
11.7982            -2.82996             13.8919
4.95328             3.32396            -7.64606
14.9239             2.39818            -24.5765
12.2138             14.2628            -64.6677
10.6898            -2.00743            -187.376
5.53271            -8.30119            -82.9521
7.28874            -5.50768             -83.433
1.63054             2.26231             10.6035
10.9022             9.98878             24.3836
16.6318             2.93409             8.38323
18.2139            -7.87072            -0.40786
11.591             1.96025             13.4931
13.3947             3.19512             14.0197
6.98913            -5.89555             16.1219
9.58265             3.02231             12.8997
6.69754           -0.227119            0.475456
1.10938             7.27452             15.2926
7.60528             1.14043           -0.668848
22.3216             3.21668             9.19989
7.90241             4.90939             11.6885
1.16054             16.8262             4.76775
3.76144             -4.9172             1.86144
18.101             -6.3457             16.4733
11.5268              10.813             6.52394
10.2831             1.93209             16.1425
21.9632             10.2501             2.67446
4.97748            -5.37238             13.6993
5.55527               5.017            -0.72272
1.62721             8.60231            0.382599
19.4501             2.22577              9.9318
21.9181            -7.67654            0.452314
12.3939             11.5258             4.85329
5.37591             17.5035            0.274857
-2.92134             1.10131            -2.62415
11.4991            -3.32589            -13.6649
-2.63137             18.7542             -95.773
-8.28652           -0.860034            -12.9391
2.61442             9.92442            -40.8258
11.9288            -1.10067            -60.7929
-0.600107             7.45526             10.2227
9.27268             16.1275             11.3737
15.6525            -2.30077             13.5046
15.3783            -6.45925             4.27509
14.987           -0.534773             6.96402
0.753363             11.0826           -0.433501
17.5534             2.01143             3.49013
9.15543             2.46646           0.0672268
7.78678             1.12263             14.7138
10.3267             16.3119            -1.81557
10.356              6.8577             4.67471
14.5579             7.48531             10.6109
13.0802             8.55893             13.1315
14.8099             16.7848             -1.5009
5.74365            0.196455             1.09764
9.05502             8.92497             1.35241
-2.26532             16.5372             2.23098
10.3062               -1.26             8.17325
18.4857             1.42541             1.64158
5.40163            -4.87274             10.9284
14.4067             15.1806            0.551556
9.10113            -1.25947             10.6367
14.7875             2.51121             12.9402
4.89767            -4.76327             6.26799
5.49203              9.1692             6.21067
5.0929             14.0233             4.92687
14.312             15.9666            -26.2497
20.393            -3.49425            -16.0682
4.53137             21.3873            -60.0995
1.22197             2.88171             4.33742
15.218            -6.41026            -7.64327
7.99217           -0.966185             11.1061
16.8631             13.8132             10.8143
13.158            -42.4265             4.21953
11.2014            -9.76707             5.34078
14.2419            -2.56623            -1.78535
12.9071             10.2539            -1.26913
8.43991            -34.3472             -1.6539
6.0606            -9.10669             15.2088
15.935             2.62872             6.44244
2.01179             12.7329             5.00894
11.0154             -5.9159            -2.32275
0.953412            -11.0773             6.19804
7.16596            -1.46634             16.0731
12.9343             8.63247             8.37369
10.1845            -15.2962              12.605
8.53602            -1.30506             14.5587
2.96916             12.9539             3.11947
4.6844             9.89973              1.5035
17.9041            -15.4569             7.16243
8.53817            -10.4329             13.8553
16.1329             10.3927             9.37197
-1.90852             5.05196             5.22745
5.87108            -10.2051             3.59501
13.8531            -6.89879               12.86
7.41604             6.38536             4.25216
15.9342             9.71886             10.1336
8.79617            -7.00989             12.2164
-3.50272            -7.01459             2.89199
13.3675             3.14243             8.32944
-0.536635            -164.169            -124.041
5.37564            -26.2419            -149.215
7.8596            -86.2185            -76.6473
7.24938            -27.8704            -72.4346
-1.39193            -60.7694             27.2331
10.7095            -4.23763             17.1401
5.33826            -9.93695             4.65836
6.37335            -143.471            -2.41785
14.5813            -113.336             15.3123
-2.57774            -47.9682             7.54614
3.85293             -42.473             7.32427
3.98087             9.89119             7.43154
20.0195            -71.1198             3.59268
4.45193            -19.0949             1.59978
15.7057            -77.5092            -3.41754
9.80621            -131.511             7.92828
19.5472            -79.8574             14.6516
6.49899            -63.2102            -2.07653
13.6177            -71.8248             10.4547
12.399            -68.8421            -2.02861
15.8309            -79.9778             7.05594
2.37414             -58.154             3.40607
3.3599            -74.9695             10.1731
8.14499            -79.0951             9.63798
4.34924            -73.7063             6.85133
-1.91466             -62.467            -4.81624
17.9434            -84.3999             9.81472
4.2085            -71.9802            -4.71477
13.328            -105.118              7.9115
-1.48955            -82.2191             7.47684
12.3579             -72.008            -4.45079
15.009            -57.2383            -28.5789
5.74528             20.3011            -103.922
-5.58042            -4.08751            -54.9124
22.0611             5.56114            -36.1119
7.73889            -6.64323            -87.0055
5.14869             2.44122             11.9455
1.189             4.32608             15.3283
19.7867             9.16709             10.2989
12.3795             14.3131             17.1704
2.29861             3.38075             16.7922
5.00224              5.0987             6.04126
3.72387           -0.291152              9.4204
5.92021            -3.12708             2.06707
5.67272             21.1717           -0.340274
9.9681             5.65897               5.595
13.9663            -2.71343             16.6908
12.19             6.97329             8.00402
14.1695             13.1011             12.2699
5.64505             10.0604             3.33044
10.6145             2.19063             14.8258
19.7589             16.3144             2.09741
6.4878             17.4215              3.9147
13.3863             10.2448             14.8724
15.2902            -2.88023            -1.99137
21.7167             10.6444             7.73977
14.5708             11.4415             16.1574
16.4627             1.92141             11.0239
10.3305            -2.57535            0.246278
10.7815             19.8673             14.1938
3.48988             18.1632              15.807
12.4397              13.399             8.54052
2.94816             9.29132             10.2947
18.1408              5.9017             7.58674
4.80526              6.1021            -70.3428
9.85518           -0.695359            -162.149
14.7993             8.23846            -116.822
4.45977              3.5458            -81.0527
13.7802             15.4711             12.5702
6.9698             15.2435             12.0816
6.94994             -1.2858             15.0447
9.29321            0.426553             10.5745
2.94372             14.9971             1.48571
7.00671             7.54724             13.5201
13.7775            -3.36009             13.1743
18.9788             3.69762             9.01369
6.05971             9.26612             7.61367
0.0687445             5.59794             14.0045
18.4059            -1.95609             6.14835
17.6849            -1.35822             5.13462
15.482            0.698822             6.25797
15.6825             2.16306             16.2573
7.38795            -4.22679               10.99
11.2135              8.1844             1.53531
12.5868             8.19277             10.7433
16.8615             15.1692            -2.84779
9.40327           -0.423513           -0.983491
6.73624            -5.70454            0.435242
7.30352             7.90574             14.1048
1.69801             1.49678             12.1388
10.84             7.96291             2.41435
18.8802             6.74825             2.57192
14.4543             13.8913             7.72635
1.48451             16.9929             3.34659
15.5089             8.35126           -0.828364
22.2528            -6.32003           -0.680966
16.718             3.33255            -95.0416
3.65757          -0.0623601            -13.8299
3.85581             3.28904            -33.5237
13.7668             -5.0874            -85.9187
15.7613             1.95096             27.6676
15.2326             15.7427             0.86775
19.9124             6.53135             12.7978
17.2997             5.41566             13.5722
9.15806             12.4124              11.075
5.24018             2.66214             3.09535
14.598            -1.01746             5.20777
5.21787             6.43416             7.86846
11.9572             2.37615             15.9426
1.38339             1.54296              15.003
5.88035             11.6445           -0.272095
6.2264            -7.62184             15.8501
11.3639             8.43688              13.987
4.14762             5.68946             -1.7521
21.7906           -0.718535             14.0732
12.7295             3.36823             1.58716
2.49631             -1.8858             11.5234
6.63467             14.4541             8.38519
11.6336             2.49975           -0.863214
8.80297             8.27043             1.52286
11.9385            -0.85728               10.97
6.15211             6.54603             2.88752
20.6979            -4.31239             10.3617
22.9221            -7.79812             2.42111
-1.23524             1.14749             4.74243
4.66087             1.10141             8.29661
15.9019             9.28283            -29.9595
24.3267            -1.43607            -19.3124
4.13745             9.46276            -65.0864
6.00572             13.0755                3.56
16.2826            -8.77965             9.51802
11.0929            -2.43375              2.2553
14.8682             1.76872             4.24386
12.839             4.76918             1.86259
13.8274            -6.98253             -1.4146
11.8997             3.29553             11.9148
13.3085             16.5981             7.00182
16.9032             7.21726             7.82719
6.50799             -6.2834             8.02953
12.0685             10.2118             10.1589
4.16595             6.43849             11.2376
13.7558             17.1595             2.85022
10.0128            -6.85405            0.672841
18.5608             1.99995           -0.462391
11.2436             11.7671             5.32947
10.0762             12.1732            0.373258
6.93961            -6.54823             16.4236
15.5409            -7.49489             5.12292
4.4506             14.1838           -0.657166
1.82053              11.155             8.18735
15.4813            -5.18948             7.06185
19.8105            -3.45474           -0.064349
-2.01639             9.20325             17.1454
3.78057             15.2367            -1.92685
22.3584            -6.91435             2.83305
4.72714             4.79116           -0.961143
-1.84392             13.6567             5.69098
1.30172             9.28865             7.92366
13.9396             4.40832            -7.25619
16.0275             4.25053             7.56966
3.96514             3.22339            -82.1203
-0.26742            -6.25598            -202.565
4.7099            -3.48284            -97.1728
10.1374            -3.03052            -60.6289
-2.16345            -2.23111              6.8839
1.38802           -0.579771             21.1256
13.2577              8.2958             14.3551
15.1879             2.60528             7.96354
14.5777            -2.46396            -1.74442
3.18141             14.0482             10.0293
5.50237             2.41326             7.29537
6.95744            0.413783             5.53388
1.69243             5.66542             3.41371
4.81897             17.6003             12.8991
6.43467             6.95639             10.4166
2.95514            -2.50937             13.4953
-2.43256             9.52022             8.42824
9.6983             6.40091             13.8943
18.6607             9.74758             3.69079
19.687             6.20608             12.4709
14.6274             1.13226             11.0758
2.32275            -2.46724              16.495
5.63215            -1.43351             5.93121
10.337            -7.14573            0.907538
2.03405            -1.43338             14.8801
-2.82657            -1.02107             17.4411
9.40911             1.72458             12.0839
7.31519            -5.50005            -2.58102
12.2277          -0.0990663             12.4139
9.9771             3.44333             16.6162
2.24024             11.0378            -24.5335
20.1704            -11.4585            -28.7175
-0.737306             3.07809            -109.504
-6.44499              5.3019            -152.211
10.3655            -4.71238            -48.2457
12.2717             4.62294            -95.4201
2.38912             5.18863             13.4595
-2.40572             8.57079             26.9828
11.7196             9.66595             3.09473
18.3305             6.52792             3.15341
1.70439             11.2456             3.58439
6.75512             -1.6929             10.7286
17.5469            -3.34661             7.23784
11.3221            -3.21252             5.05569
12.3931              2.8777             11.4619
11.4238             10.2686            -1.88968
10.5446             11.4001             1.41709
18.7965           -0.239975             1.43715
9.89906           -0.445557            -2.58413
9.01184             3.86993             15.9774
3.13802            0.448303              2.9852
11.6793             12.0264             13.8631
8.68051             2.32805             13.6939
-0.151215             16.5871             3.62026
6.67218             3.43351             10.3843
15.0631            -7.05227             13.4176
4.99726            0.220266             11.0511
6.16937             7.65369             7.30511
9.46778             7.18453           -0.778243
17.5264             3.77935              11.975
0.927318             11.2962             17.4249
13.6483             15.4689             7.83638
5.37159             7.87424             2.11956
8.43527             4.19094             6.41316
-0.434612             15.4588            -90.7451
12.9786            -13.9625             -115.54
13.7398            -4.55956            -104.739
18.9509             7.97137             -86.084
8.32236             11.8842             18.3512
12.7729             -27.524             6.34893
4.63742           -0.318114             6.94358
20.5802              1.7836             8.07811
8.96905             17.4225             8.92425
15.5976             -43.601             18.8002
18.0697            -13.6344             5.20689
18.4719             6.63655             8.60283
8.2703             12.1125           -0.961421
5.05966            -27.4444             3.74082
-0.469046            -5.77089             16.1091
12.498             14.7382             13.2421
11.6576             15.3407              15.484
3.19564            -36.4289             2.02394
10.3085            -20.5381             11.9704
13.0657             10.0386             15.5787
11.3654             6.84009             8.77254
5.38256            -2.50691             4.12977
3.17946            -8.85541             4.93767
16.1914            0.357697             1.78535
7.2065             8.10356            0.993764
20.8771            -4.82501             16.0294
8.78808            -16.3134             16.3921
21.6783             10.5368            -2.43787
6.95493             7.11333             12.4843
5.79503            -3.44719             4.63728
2.01621           -0.645144            -1.35682
27.2342            -2.76423              5.9405
1.92319            -35.0479            -15.3708
-12.149             2.07021            -66.8395
4.59214            -39.2018            -73.9647
-0.245039            -51.9149             2.50895
20.0715            -89.6573            0.643069
-2.14627            -85.1959             12.0198
23.279            -48.9383            -2.40749
-2.484            -59.5494             8.34921
4.3621            -67.9958              7.8063
-5.84933            -13.7145             14.2064
13.8955            -1.50386             8.62913
-13.1368            -62.6658             9.28906
16.6043            -93.4662             12.5173
-12.0427            -33.5026             11.3575
7.14014            -42.8746             3.18641
-15.3707            -58.9375             2.97813
6.67629            -101.577           -0.326029
-17.9164            -56.2284             -3.8551
22.2426            -40.2843            -3.29271
-7.78231             -29.914             10.8602
22.6104            -104.302             3.72498
-12.1549            -75.3288             12.2063
22.262            -69.2617             2.84836
1.63927            -52.7523             16.4549
3.4701            -88.9645            -3.31919
-9.8919            -35.8294             11.6612
5.88506            -77.2087             1.02246
-13.7684            -46.7928             9.26294
19.871            -85.1341             11.9073
-5.72821            -62.6792              7.2008
9.19035            -59.5402             3.65448
-9.8885            -4.50616            -2.25568
3.5599             8.88357            -101.426
-8.86966            -3.08507            -69.3021
4.68213            0.110486            -50.8923
-6.77764             17.1494            -77.6239
8.32249             15.8647             12.9036
-4.11074           -0.655993              7.3405
19.5293            -7.38561             9.72641
-10.0759             9.77934             2.01593
15.4129             9.66683            -1.86219
0.766163             8.01077            0.717287
16.3852             7.71921             2.83297
10.3743             14.8264             12.2873
7.55962             13.7079             9.20394
-1.00201             3.48432             9.05188
19.0853            -4.59436             4.53642
5.89802             19.3732             6.09581
10.4428             8.04441             9.84435
1.62728             9.86081             10.9383
24.0851             9.04422             16.9234
-9.87969             10.9193             5.97302
1.81868             14.2791             4.16955
-4.98045            0.299884             18.1664
12.7563             6.05909            -2.49473
0.689368             6.27621             4.65909
12.0499              23.191             7.39799
-6.94625             5.46062             12.2627
12.5529             2.12982              14.599
3.04678             5.41432           -0.593071
17.3826             13.0333             15.5474
-6.64144             16.8531            -1.47964
16.4089             8.80578            -4.35452
9.02719             14.2502            -6.39849
8.75057            -0.56154             -91.316
-8.28675            -1.33075            -72.6375
21.4313           -0.695059            -72.5692
-2.06604             3.93834            -62.6579
17.5249             5.87909             23.0666
-5.52353             8.79941             15.4338
7.78218            -6.22319             3.45311
-8.88214              5.3769             5.98499
17.5655             0.97214             15.6689
-7.84641             8.84926           -0.728637
24.7353             5.24294           -0.851821
-7.59423            0.211586             5.50016
10.3453             16.2434            0.223855
-8.54458             16.2251            0.741546
9.09127             7.01714             16.8482
1.75247             6.67469           -0.320281
20.225             5.90713              5.7075
-0.93181             9.17438              2.7301
9.88523             8.65223             3.47733
-6.09962            -2.30182             8.18117
11.1099             9.19595             14.7273
-19.4402             7.91987           -0.912538
12.0454             8.72462             16.4264
-0.783195             7.88996             16.9814
17.7743            -2.01403             4.66815
-13.109          -0.0901272            -1.96721
8.625              4.0381             12.6861
7.8624            -7.74325             4.86853
1.58239           0.0981929              17.846
-9.53284             18.8335             13.4234
2.43385             14.9663            -21.7849
-0.114785            -4.89886             13.5981
9.3182             8.60036             -74.593
-6.48342            -0.15584            -105.938
13.7784             6.06457            -52.8333
5.65468             4.26917            -93.1792
-0.449053             2.74317             7.67488
-15.0986             13.3295             19.9864
12.9091             2.35099             12.7443
-10.2242            -2.37308             5.03542
11.8668             6.25425             15.0135
-16.2275             13.8969             17.1078
16.7674             3.70983             1.94857
-0.865024            -4.46187             3.53995
7.3236             12.8653            -1.39337
-3.80925             2.35429             7.58602
21.0961            -7.26405           -0.641995
-10.0635            -7.80833               11.48
3.37933            -1.68101             2.54958
-12.572             17.1169             10.7402
7.37855            -4.16727              2.1391
-6.09892            0.630155           -0.508312
7.24665             10.0007             16.3886
-13.6715             11.2962             4.79622
11.9739            -1.17906             15.0587
1.52674             -3.4448           -0.996609
12.1651           0.0397525             2.79046
-5.49105             15.8568            0.621814
22.9317            -4.63474             2.42239
6.30577            -2.14688             18.1886
11.1101              13.073             2.58604
-7.73388             16.8187            -1.93764
11.712             9.09471             7.90629
1.16954            -2.90189            -6.36209
19.0642             8.63906            -87.4655
-16.285             14.9187            -84.3264
8.25029           -0.987234            -49.0379
-8.81899            -3.82496             -122.48
7.383             9.09328             12.7476
-5.32147             10.7582             2.22349
15.3294            -3.59051             4.83699
-8.77045             1.29338            -1.58955
17.7818             13.2573           -0.925974
-20.0745          -0.0624613             12.8445
5.98553             9.02848           -0.212822
4.25723            -1.25185             9.95261
4.22085             10.4957            -2.23598
-5.71358             1.40437             9.74025
21.8664             0.62735             7.79498
-1.1738            -5.82499             2.98865
16.1998           0.0291235             12.8766
-2.40642              8.4434             14.6671
7.81756            -5.01133            -2.03275
-2.61334             10.6671             7.83608
1.46157            -2.13165             8.38622
3.03724             13.5637             9.09168
21.9108             7.78416            -2.12938
-3.43049              7.6996             5.48648
6.95802            -2.04632            -1.19861
-11.4428             16.3374             15.1339
7.32134             -6.5592             4.72723
2.19092            -6.33062              13.681
-0.41881             7.29172             5.78503
-3.8706             16.7572             10.6957
5.73346             14.0053            -31.2738
7.5519            -5.14245              6.3227
5.66568             7.79434            -102.803
-6.10066             -7.7774            -38.3945
13.8833            -3.91044            -46.3109
-7.48312            -6.70247              -22.72
13.8104             13.3717             13.6023
-3.57205             12.7868            -2.39224
10.043             8.23462              14.119
-16.3262              11.502             7.56978
19.1581             6.12944             12.6766
-12.6533            0.346089             11.2717
7.9143             1.44985             13.0135
3.90137             4.19451             4.13607
17.0396             15.3725            -1.59444
-2.38403             5.05522             8.43056
12.0911            -3.74112              10.065
-10.3801            -4.57218            -2.87449
19.5981             4.10588              17.043
-3.74202             1.16961             5.62721
22.366            -4.49488             9.38965
-0.219096             2.90769             17.6286
4.8312            -1.40328             2.45221
-6.34675             10.3547             12.0832
21.8292             8.02333             4.13792
-2.20718            -2.75426             11.3345
6.3819             14.5439             6.99188
-17.1188             1.80041          -0.0175178
16.5786             9.33191             2.55487
-2.09772            -1.39703            0.151379
17.4964             10.8465             18.5949
-6.0826             14.6275             16.7887
14.4149           -0.472869             10.8476
-2.16684            -12.2034            -1.83718
23.1561             4.64949            -66.6726
-12.186            0.968962            -119.667
10.8898           -0.530255            -101.171
3.46149            -1.83532            -88.7883
16.3701             2.11118             24.7674
-9.7162            0.525098             30.9811
21.9187             7.87808             2.44779
-1.43566            -2.10359           -0.236746
17.4802             16.0475             2.74282
-7.59516             14.2984              8.1903
8.84875             3.17176             5.73302
4.42096            -5.51938              10.543
5.85144             16.7037            0.790221
-0.641591             4.27205             12.7164
14.4587            -4.71834             1.18567
-12.249             2.02605             6.97798
11.0417             10.2535             1.13522
-11.8301             16.7286             3.91491
12.7477             10.3912                15.7
-6.25637             8.69502             16.2607
9.89706             16.3687            -1.25741
-21.8619             6.60476             8.75546
22.8479             11.2044             11.8197
-13.3344             5.27045             11.7899
17.2453            -1.52939             15.6151
-20.8042             11.8426             6.08164
8.20391            -7.05709            -1.14963
-15.3963            0.421083             4.32135
13.364              5.2357             1.91466
-17.3897             17.2364             4.70676
17.742             10.8823            -8.84839
10.4112            -6.45572             1.70501
16.0692             19.6598            -73.1244
-11.8782            -6.65786            -74.3122
15.4519             1.44041            -97.4693
-6.10706            -3.21045            -119.805
18.4846              8.5706             13.8825
1.79008            -9.18338             23.0382
17.8822             2.54752            -1.24264
-0.389146              -1.835             3.33118
17.1133             2.95902            0.560492
-5.4728            -7.03895             7.20354
0.983008            -9.36987             15.5511
-0.913639              1.2791           -0.355968
19.2718             10.9986           -0.109761
-6.79878            -9.36082               7.723
12.677            -10.9649               15.72
-0.87426             1.15965            -1.48367
6.22845             11.5551             14.4544
-4.95012           -0.185607           -0.433944
10.008            -6.24363             10.8331
-12.9674             1.09786             7.49097
17.1531             6.23309              7.7896
4.11044            -1.36405             1.06419
18.1133            -11.2582             9.37286
-0.912479            0.650303             4.69497
16.7332             15.8521             10.7492
0.0572842             3.45963             13.8528
9.70939            -18.6435             5.15757
-10.7375             8.99817             8.03473
6.70615             3.37397             18.3437
6.76941            -1.90788             7.32861
-4.15109            -3.26073             10.9227
-3.24124            -8.47032            -1.44453
