-4.19947             3.44253             2.20096
-0.55614             6.59534            -22.1452
-15.7508            0.030371             6.97852
-1.33546             9.18835            -4.56749
-21.7065            -24.8484            -5.82834
-6.49045            0.763985             7.21336
0.812875             4.48986            -0.40543
-14.286            -0.26566            -8.47103
8.92591             9.71336             3.40509
-3.04193             4.84129            -4.88912
3.39279              2.5331            -8.28428
1.71426            -20.4057             -5.8671
-12.0174             2.59377            -1.29693
-0.528441            -1.50953             2.43998
1.82597            -2.29625             6.42439
-7.67325            -14.7344            -1.48196
-14.3315              1.6664            -4.23851
-1.40736            -12.9707              4.9369
-22.8477            -5.73004            -1.23232
4.87401            -22.1707            -2.14018
-3.559            -3.04973             10.1857
-4.03218             2.00339             10.1799
3.04863            -5.21889             9.02465
0.991855            -19.5172            -2.75345
4.49211             1.30631            -8.86282
9.81203            -4.37072           -0.440553
-27.8234              3.1984             9.30836
-5.81451            -23.8291             4.26966
1.17774            0.659929            -8.02939
1.49205            -14.1705            -6.00783
3.87593             2.98149            -6.24611
10.5095            -12.7484            -2.29796
2.46745             10.7086            -15.7396
-8.12843             2.66308            -34.8307
12.1711             -5.0244            -19.3501
-4.11384            -4.48071            -24.0662
-16.2741            -4.06431            -7.64712
-4.54236             6.33334           -0.867734
-33.0668              -8.632            -1.30526
-7.0763             8.35655             9.17288
-0.181939            -7.11323             2.45683
1.75373             2.95054            -4.46737
7.33704            -7.65372             4.41774
5.47423             7.57543             9.95596
7.40761              2.7915             7.08764
3.29907            -4.15087            -6.72669
3.38952            -7.07674            -7.29366
-2.34806             3.22981              10.627
-24.6207             6.62398              4.6324
-3.3896             9.32858             2.09451
-1.76657             3.82864            -3.01841
-12.0234            -7.72411             7.30536
3.3933             -8.4603             7.28699
-2.03979            -1.88812            -7.87979
10.1379             7.13296             9.49772
-7.25888             9.89207             4.97697
-4.85182            -1.31334             10.9813
2.01118             4.74737            -2.20991
7.60718             7.05004            -4.66708
-7.57214             8.60582             8.88205
-12.7887             8.70201             4.95041
1.46713            -4.29394             -7.1301
-18.0522             9.42177            -17.1891
-0.372222             7.16097            -2.43678
0.980029            -5.50672            -2.44808
9.76326           -0.588598             6.31804
6.05563            -5.32674             1.71911
2.08753             9.78301            -13.8669
-13.7405             9.73778             3.11692
-12.329             2.94951             1.32894
-33.4983            -6.48817            -6.86166
-7.23758             10.1487            -6.62208
-4.70186             10.4203            -3.27952
2.71745             8.74257            -8.84541
-19.5529             8.03738             7.30343
-7.08892             -3.6521           -0.501084
-20.3279             3.65043             2.36684
-8.56015            -7.75842          -0.0919868
0.37504             9.07679            -7.45319
-11.7665            -7.91029            -2.81863
-13.9216             3.87457             1.06834
-12.7134             2.73989            -6.76446
-29.3934            -5.65011             2.28554
-13.1955             4.25741             1.62473
2.65958            -6.61696             5.69692
1.37542              2.5795            -7.09767
-24.8333            -2.22344             -7.5351
5.19411             1.22644            -7.81227
2.73737            -8.87393            -2.17283
-0.642252             2.57053            -4.96414
-27.1347            -3.63304            -4.03652
-7.78598             1.30736             3.50347
-16.1762             8.73312            -1.95294
-18.9855             3.82331             2.05843
-1.19296             7.61692             5.37437
-2.13402            -9.22244             1.39888
-22.946             4.07733             -20.367
-4.58302             5.40336            -31.8729
-3.33339             5.27594            -0.40183
0.0833311             4.42815            -12.2738
7.30132             6.28729             6.38927
0.51083            -4.96574             10.6673
-22.0203             4.28896              2.2794
-5.26666            -5.41498            -2.37403
-22.1533             -6.5353             2.67808
-0.825381            -4.98178            -1.63446
-1.17361            -2.30126             -1.0841
-1.93937             1.32773            -7.08738
-16.6644             8.37239             6.37192
-4.60865            -2.77687             7.90833
-23.1704            -1.46183             6.28842
-10.9083             7.20806            -8.72985
-17.568            -4.87034             6.65673
-15.4671             1.34433            -5.10804
3.48291            -0.52123             1.50482
-11.9916           -0.263142             7.64181
-16.3482             -4.9579            -3.57192
-3.92621             10.8373             3.43702
0.721338             -4.7668             7.41085
-13.7612            -5.38735            -4.92075
-13.7071            -3.59763            -1.26159
-10.554             2.86102            -3.98385
0.192817             4.28721             6.26069
-18.7394            -6.10087            -2.62337
4.42569             6.01924             2.81861
5.3486              5.1646             10.7779
-24.4274             7.32024            -6.70721
-18.9565              5.0287             5.78347
-22.4822             4.62779            -30.8714
-4.91758            -5.22843           -0.324114
-30.7088             4.01433            -8.07311
-1.95985             2.32318            -13.9877
-7.3561             8.93563          -0.0476299
-5.79767            0.537255             7.55536
-17.4472             -4.9242             3.10298
-7.99569             8.05493             6.01682
-17.206             6.63055             9.36929
-10.4244            -3.39512            -3.55097
-32.1177             1.01165            -3.03769
-8.97375             7.32719            -4.21198
-2.6213            -7.54966             -2.7329
5.3321             3.01544            0.202854
-20.888           -0.883021             3.03449
-8.67079             5.44055           -0.981783
-18.162           -0.989625             8.29038
-9.94902             2.09256             4.74222
5.69545            0.791376             11.0074
-8.1472             4.70816            -7.62369
12.2304             -8.8085            -7.90287
-7.90101            -2.89649             8.91165
-32.5452            0.249195             1.99585
-0.295154            -2.84272            -7.45341
-3.93938             2.62849             1.48242
-5.63497             6.63232             3.71621
7.16339            -2.81168            -5.16844
-6.17291             -9.1113             9.04684
4.85788             -8.6567            -3.40918
8.32317             1.23142            -7.50683
-0.129943             8.17416              -5.154
-13.715             7.57307                2.83
3.74536            -3.17183            -8.27304
2.54849             6.01453            -20.1617
-18.3964            -8.75913             -9.0621
-5.56384            -9.08793            -13.1392
-16.9325            -1.40269            -8.81082
-18.5007             7.51181            -4.20345
-19.2275             3.06166            -4.08391
-22.091             -5.6486            -1.51552
-21.4918            -9.23208             10.3765
-2.69585            -7.08747            -6.42306
0.204113             5.25012             5.90706
-1.12262            -4.79665           -0.817728
-9.49146             4.59913             9.33548
9.06431             5.09713            -3.24029
3.43353            -1.43118            -8.68169
-11.3625             8.82605             1.42045
-22.7644           -0.915698           -0.494991
1.53813             7.36017             1.63361
1.22658            -6.34903            -4.91098
-5.27956            -2.81224             1.47878
-1.92133             6.19936             3.51234
-6.45148             2.70976            -9.10037
-29.4092            -1.19068             4.06887
-19.9187             2.44831             9.47405
-7.05826             4.19812             8.45921
-4.78637            0.143373               4.586
-26.5744             4.63577             7.72819
-3.04223            -9.27963              5.8328
-2.0037             7.61136            -2.99643
-3.6233            -1.79943           0.0426791
-17.9714             1.04356            -2.43838
-7.46346            -4.94267             4.17124
-3.30684             8.03431            -8.32345
6.23371            -5.55659            -15.6354
-27.0818             1.14156             8.53866
-3.76451            -4.83198            -7.25867
-18.8389             8.97668             3.07912
-16.8722            -7.93465             9.29607
-0.467946             4.65351            -5.80745
-19.1297             8.35911             8.78635
-2.50569            0.239504             7.35383
0.812208            -6.84132             10.7114
2.96694             9.03552           -0.673166
-2.33401           -0.819961            -6.40685
-11.9667              5.7249            0.595185
-5.61472             3.72605           -0.549316
-29.9499             2.55916              10.418
-4.29278           -0.270908             4.43067
-12.1649             4.68222              1.4609
-14.9203            -3.40295           -0.781826
-17.5784            -2.44792            -8.63669
-16.3289             7.31548            -7.92149
-11.4446            -5.15409             8.33057
-9.16508             2.71668            0.151344
-17.1126            -5.26181            -9.15488
-15.0497            -9.08005             3.58564
-18.3969            -1.15938            -3.76876
-11.303            -8.77455             8.74914
-20.9307            -6.40588            -7.62996
-9.35146            -8.97961             5.16501
-21.0584             6.56727            -8.09221
-12.7183             3.85162            -7.18495
5.56492            0.491907             8.38737
-14.8173             2.22039            0.980324
0.568456             8.26635             -11.223
-4.91683            -5.21255            -17.0979
-23.0922            -4.67656            -3.43157
-15.7937           -0.609856            -9.83739
-7.10665             1.27164             7.94184
-15.9956             9.36868            -1.98185
-21.6371           -0.191746            -2.74155
-7.52355            -9.15826             3.74408
-6.17583          -0.0787111              10.246
3.63694              4.5801             2.52481
-16.9156            -7.48978              8.0707
-3.85216            -3.11058            -1.31029
-6.08471             1.03283            -6.64718
-5.36777            -9.34081            -1.81559
12.0352            -2.08011            -1.90193
-0.180784            -1.81876             -3.6821
-20.4201            -7.30027            -8.97623
-1.09578             5.90324            -4.26179
-15.2245            -2.12572            -6.48671
-13.8592             10.0948             1.72667
-18.0663            -5.79152              4.1054
-15.6292            -2.91011            -2.43247
-12.5221            -8.42392             3.09327
-9.52317             10.0719            -5.29689
-13.456            -8.27895              4.7029
-18.8602            -0.86831             9.24533
-17.7437            -11.9725             9.55562
-14.9712            -2.86337             10.2051
-2.16378             -9.0593            -5.85996
3.56762            -3.90373             3.76885
-8.66226             -3.1282            -2.40541
-12.9059             8.46091            -8.29108
9.63522             -4.4988            -7.59254
-1.01753            -2.16411            -24.0421
4.88831             10.6973            -1.68617
4.25227            -17.0441             7.64651
3.89648            -13.1346            -2.01595
-5.15979            -12.4937             10.1459
3.11965             5.17738              5.3901
7.89796             -21.058            -3.97775
5.2398            -15.2165             5.98397
6.10702            -7.45847             1.70283
2.32245            -12.5151             9.18918
-0.370767                5.94             1.48234
5.327              -23.08             8.47957
-4.60684            -9.59627             10.9341
-3.05645            -10.1835            -3.45241
-3.07855           -0.896277             3.61277
1.56392            -18.0824            -4.22214
6.46727            -1.93405             4.41816
8.73525            -20.3526            -8.75634
6.83098            -21.0601            -6.42984
3.06661            -18.6036             6.80807
0.867056            -11.1508             9.88603
-0.443833            -10.5719            -8.20763
2.00003            -19.2048            -7.53452
0.557093            -18.8808            -2.46796
-0.382273            -4.08627            -1.91091
4.32815            -6.53185             10.1541
3.21192            -2.58432             3.27768
3.75929            -15.1164              3.9098
9.22625             1.97341             4.34549
6.25711            -7.46456             2.07613
1.84299             -15.682            -3.77679
5.21563            -5.34323            -11.1588
-4.31618             7.49793            -32.7946
11.1139            -3.80803            -15.0371
2.16827            -2.86774            -9.15531
9.47329            -5.09131             8.07583
-0.176311            0.415453             5.25393
9.81732             -3.9934             6.19127
-0.489459             4.91706             8.19203
6.98359             2.17798             1.68992
-3.10134          0.00717402            -3.40995
-6.04595             4.32863             10.7103
7.28099             8.90649             6.77647
6.68547            -2.30937             5.64774
0.925284            -2.70082           -0.918328
8.0724             2.66315             -2.6356
7.84625           -0.216921            -4.56366
2.40208             7.23403             6.74045
-0.0548743             6.02797             5.72693
3.63107            -4.86712            -3.73642
1.38113              8.1837             9.36517
8.62661             8.08637           0.0622571
7.81369            -7.22347             10.5914
-5.00003             1.99589             2.98819
7.82977             6.55476            -5.66458
4.6157             11.7205            0.105226
9.45347            -5.43048            -1.63955
4.62157           -0.615676             1.79681
6.39797             1.27741            -8.31303
6.96922            -5.21744             2.73342
3.4859             5.86221              11.132
7.5097            0.994931            0.574289
-5.64981             3.01346             1.25645
-2.78666            -6.19878            -11.5864
-6.87743            -3.85592            -30.8942
-4.36387            -4.57455            -10.2312
-3.3448            0.762786             -13.444
-1.51825             -1.2192             1.42546
-1.25996             9.91027             6.74533
1.83696             2.47398             -4.7906
-3.55853             4.88275            0.294728
-2.35012            -7.80378             7.91102
1.34027             1.19631             8.23048
4.02852           -0.246115             7.98682
-1.99657             -1.8609            -3.09879
3.34527            -6.96156            -8.57239
-4.94597            -7.14228            -6.86071
6.07603            0.500166             8.05078
-6.53128             8.41496              7.3969
-4.4126              -6.261            -4.67348
-8.18933             4.51951            -7.55685
-4.69505             -3.0359             4.07246
4.54685             1.30674             7.74934
6.53603             6.34169            0.357794
5.92234             3.13502             4.94134
-1.00832            -9.64315            -8.72565
4.92851              7.9756              6.3074
-7.14163             10.4258             10.6515
2.15574             5.46949              -2.397
-4.20754             1.64339             4.70952
5.58132             -7.9892            -5.71455
1.931             9.92598         -0.00677717
6.12955             2.72631             1.28126
3.83869             4.37437             7.06635
-2.16964             8.06892            -1.60891
-7.16011             10.4403            -22.0227
9.33683           -0.576481             4.46995
-4.17851             8.28864            -4.84576
-3.64197             1.79291            -7.34352
7.88909            -8.17853             10.7216
8.11476             2.37147            -5.45729
0.877443            -7.24613             3.27278
-4.64054             6.59027             3.48852
5.396             4.98811             8.38153
1.92385             5.96501             7.52775
-1.16188            -8.22367             7.48223
7.20325            -5.24434             4.26537
5.76177             10.8861            -1.83014
2.39552             2.48943            -4.50392
6.32054             10.2194            -3.90353
-4.67889            -8.63107            -3.82169
11.4853             3.55486              1.0473
0.101362           -0.881369            0.648446
-5.74629            -3.09404              5.2108
2.77041             5.52939            -5.56684
2.62795           0.0887928            -4.70636
0.499839             3.53715             2.16084
-4.39966             9.75068            -4.68685
11.6645            -9.38516             5.16749
4.53641             5.03748             5.09556
-1.26077            -8.52375            -3.80499
-2.26321             7.92405            -8.42582
4.87222             9.33297             3.93308
5.68964             10.0939             4.30235
-6.42704             0.68531           -0.991184
-3.25528            -3.27876            -1.90293
-4.82587              1.4557             2.79519
-1.56171             10.8495            -9.02522
2.26124             9.22572            -35.4827
3.12427            -6.46524              3.4863
10.1227             4.19029            -11.5639
2.98937            -2.21607            -8.16762
-8.82101             3.79924             6.32744
10.0641             6.15595              6.5534
-8.03543            -2.33482             6.84571
3.11126             3.84287             9.38616
-3.35667             8.27252             5.13248
-4.11289             8.66025             5.57347
-6.89381            -1.27749           -0.973077
-2.12466            -6.30893             3.03822
1.90481            -6.00945           -0.720726
-4.94839            -8.25116             4.66906
11.3297             3.60705             8.59146
5.74868             4.10302            -5.79322
9.92794             10.9081             10.0555
2.00947             1.38344            -7.35838
3.53098             6.39747             4.79535
3.08151            -7.49718             5.50328
-5.22597            -8.27233             10.2235
8.88413            -6.18085             9.58867
-5.83822             4.35694             1.21384
2.1531             -8.2296           -0.989368
7.30577             7.50559            0.352343
9.72926             8.65416             10.7594
-3.45313             2.68731            -6.58421
-2.32381            -1.14061           -0.467162
-6.50443            -3.46767           -0.757354
3.3865              6.5719            -4.50396
-5.11839             4.10371            -3.63044
2.59558             -5.1541            -18.0727
-8.82514             6.08263             12.7924
12.6667             9.50687             1.97123
0.225445              6.6201            -13.0728
5.42274             3.75829             8.95446
2.47869              9.1681             8.45971
0.293482             4.48357             3.05041
-2.03204            -5.70707             2.00004
-0.837317              2.5902             10.0521
0.123029            -3.30294             6.80091
6.67815            -6.65743             9.09845
2.58077            -5.60605             -0.1143
8.04151             2.21019             3.49753
-4.70402             9.90233            -1.50034
2.94881             5.11101            -3.49479
2.45868            -9.09931            -6.45135
11.25             2.20684            -6.30873
8.38446             3.16993            -6.52516
-3.00589            -8.44668              7.3441
0.872364             3.93283             6.44637
-5.70163            -7.59269            -1.97684
-0.157349             3.72254             6.02614
12.1222            -8.57605             3.31984
0.106535            -1.88134            -5.71198
4.50833             1.91538            -2.99759
9.93321            -4.01403             9.78746
0.0118277             9.09216             7.37982
-0.279278           -0.105676             3.38967
0.730948            -4.93964            -1.27956
-8.75776              9.1799             6.97137
0.202089             3.28823             0.90133
11.7901           -0.887752             1.24226
5.24564             8.09492            -23.2192
6.71618             4.16707             4.99324
-5.68633             -2.3956            -14.9809
10.6521            0.614262             1.33909
10.0068             1.17008             5.75484
10.2791            -1.74312             10.8042
7.74832             1.39666            -2.41044
2.69007             7.03709            -3.53715
0.945162             6.37507           -0.285734
3.15017            -7.74477           -0.262363
4.33902             -7.5147             5.02555
-6.38898             7.21653            -1.79626
7.5972             7.10334             -6.3331
-2.71449           0.0350311            -1.87594
6.683            -8.65625            -3.38668
-5.27309            -2.88159            -3.16481
6.80539             8.99946             6.46235
-0.981924             9.88628             4.09155
10.9582            -4.91468            -7.71598
-1.52805             1.02883            0.663655
-2.43135            -4.59903             6.34616
2.01942            -2.10222            -3.58003
-1.75385             6.28379            -5.24911
3.29913              3.4729             4.90411
-3.7767            -2.52094            -2.43275
8.61864             1.50842              1.9268
6.39606            0.971741            -0.49224
6.23787             8.18436            0.986483
-1.19123             3.32608            -6.03321
-4.23152            -4.51639            -5.87281
2.48141            0.798812             3.87849
-0.916326            -9.49403             1.79059
6.96783             7.26417            -21.4791
9.37972            0.485019           -0.610676
8.39869             6.05991            -11.6023
-3.59385            0.643948             3.29937
10.4879             3.51155           -0.361596
-5.4299            -9.20214             2.12727
2.04992            -7.89568            -5.54271
-5.73112            -2.14869             11.0049
8.96168             9.78984             1.09149
0.401061            -8.82608            -3.22399
-3.27592           -0.177003             -8.8619
7.98924            -5.38388             1.87327
4.37449            0.663973             8.95499
-7.49333            -14.0331             8.01265
11.0262             1.40869            -4.35654
11.6915              8.9251              -2.826
-5.78023            -2.25342            -6.70551
1.4753            -1.08519            -6.03932
4.91255            -7.67382            -5.90633
-1.1189            -2.35891             10.1254
6.73025             9.67845             4.15018
9.66941            -2.43289             4.20075
-4.8798             7.06424             6.25236
2.42994             4.81815             9.07536
-5.51969            0.425109            -5.41853
3.09702            -3.19604            -1.63954
-2.25215            -3.70178             8.83719
-0.606797             3.03528            -4.24668
9.4338             8.35957            -5.00151
3.43613            -5.11944              1.1035
-1.17181             6.01729             5.41149
0.338091            -7.34447            -10.8751
2.35077            -17.8798             4.90117
-5.93917            0.091757              -35.62
-0.42247            -14.0255            -17.5019
5.10031            -1.63885            -13.7791
-6.62142            -5.21957            -2.77484
6.88182             4.05996             1.77406
6.91561            -2.05322            -3.77098
5.78084              1.9206            -6.21171
5.36587            -16.8023             3.59675
3.86678             1.95298             4.75586
1.47327            -2.46091            -1.79902
-8.38096            0.669001             1.76002
5.00392             6.28675             3.58717
4.21012            -2.95309            -7.15709
10.1324             10.4885             5.91417
5.02611            -31.7061            -8.67469
-0.296341            -8.08622            -2.60906
2.16621            -1.84938             4.76349
2.46162            -8.03067            -1.70998
-1.61009             12.6193             4.02846
6.11653            -17.2031             6.51468
0.00119564             4.88599             5.49548
0.636879            -1.13391            -8.03133
-5.96185            -22.8544             3.26299
8.52795            -8.02052             3.06733
1.36348            -13.7045             6.21865
-7.19002            -8.34989            -6.95526
5.35075             6.35022            -2.86199
-1.37927           -0.357553            -6.39282
3.73562             2.63481            -6.45588
0.759423             -5.4614            -7.62387
-2.46427            -6.41706            -10.6362
-3.26342             11.7549            -19.4428
-6.01681           -0.570439            -35.4952
-6.89961            -3.69405            -7.35789
-6.94957             8.67928            -4.08584
8.5648             6.83843            -7.20823
-1.20547             1.45989            -5.49579
0.178756            -2.61186            -2.92513
7.29058             3.15897           -0.599368
-6.36625            -2.05604            -8.68432
-2.5316              2.5799            0.487537
-3.70068            -6.75563           -0.433935
3.02451             7.08612            -7.53239
-2.53894            -4.60625             -7.9921
3.94846            -4.83695             8.78161
0.530719             4.72047             6.55705
1.53379             9.63321             10.4172
4.05588            -7.49288             7.18314
-3.9039             7.78173            -2.35006
-1.04435            -4.52672            -5.82408
-2.87075           -0.243049             8.18869
4.47305            -1.74895           -0.277288
-3.66185            -5.40271             3.84328
-0.519824            -2.73244            -2.06531
0.700183           -0.499176            -5.44904
0.240337             1.98062              2.9708
-6.77785             10.9128             2.40505
10.5378             1.39421             6.29418
-8.10026             8.12017            -3.22598
-0.235535             5.81041             6.81547
1.32705             9.51583            0.516429
-1.70317             4.30556            -10.0335
9.93962             5.23019            -3.18465
-0.0299752             1.78379            -20.6449
-1.1985            -4.38897             8.02234
-2.2108            -2.83705            -13.9449
11.0799             9.80065            -3.12443
-6.39053          -0.0663534             10.7944
1.0053           -0.712961             1.73236
-2.21652            -1.18563            -7.27165
1.92965             2.18474            -6.24934
8.0205           -0.967172             5.34116
2.14708             8.28402             2.25472
0.51653             3.25526            -2.77822
-2.63038            -4.96607               4.697
-3.27318            -2.56526            0.279735
-1.53098            -6.23045            -6.93195
2.68456            -3.39732             6.42974
2.31831            -7.77714             1.35463
3.57636            -2.39146            -8.65983
-2.74578            -7.78892            -8.02006
-4.20399             6.90951               3.553
1.77054            -0.76527             6.12032
-2.42677             6.90953            -3.23839
-0.867302             7.30144            -8.35715
4.71668            -3.87469            -6.91518
11.506             3.49005            -5.64005
9.97559              7.2607            0.228442
7.35951           -0.152485             10.7388
-6.15314              7.9767             -1.9659
-2.89632            -7.60278             5.94276
-3.06674             1.10167            -3.10883
1.67876            0.552697           0.0246123
8.03768             7.79485            -1.37267
3.50062            -6.67736             3.27511
-5.60297            -2.57504            -12.2958
-5.07256             2.39202            -35.9734
-2.64863            -8.55132           -0.566622
9.10336            -1.47554            0.386034
-1.58434             8.76255            -2.21575
-8.38134            -2.65644              7.7963
11.1105             5.40919             6.81777
2.6212            -6.52588             4.31484
2.60163              7.0832            -1.42242
6.07929             3.78995             6.94276
6.51148             7.26864             9.57441
1.28067             5.09757            -4.62754
4.67075            -6.31045             1.44021
3.7436             5.53483            -7.82091
-2.35547            -5.19018             8.84086
4.65567             3.64301            -3.33126
1.65478            -7.91951             3.56474
-0.245962            -4.69459             -7.0811
7.20531            0.336709             2.85229
10.6748             8.07484             4.99655
-0.955981             8.70422            -6.86452
0.259041             1.31189              6.9947
7.88247             0.67869             10.5725
4.06927             10.1038             6.67184
0.627762            -1.01468              7.1044
-0.464386              6.1848            -1.31984
-5.7168            -2.65793            -3.98459
7.19656             4.17375            -5.79462
-5.20462             8.71093             6.73239
-6.93936             3.60516            -6.74357
-9.01661             5.87312              9.3661
5.59068             7.45456             1.95092
7.11663            0.282081            -17.7213
-0.876614             -7.3902            0.895441
6.02299             5.27658            -12.4156
4.29826             3.79402            -19.7217
4.35727             3.58072            -6.84682
8.20875             4.51315             8.07028
9.27749             2.03635             10.9213
-2.5755             5.06438              6.7414
0.576955            -5.52929            -1.95779
7.3655             3.56083            -7.72866
2.51695            -1.65224             5.56198
2.08262           -0.415042            -5.19556
5.39845            -4.94793             9.11034
1.52559            -2.53743            -8.76426
2.06555            -9.10468             2.47955
10.5922            -5.91427            0.535103
8.9076             1.74509            -4.36007
3.62378            -8.44164             3.11505
-2.44137            -3.07704             8.51721
2.35096            0.752411             3.06112
2.92098             9.87814            -1.93549
-5.33212             1.87145             3.93695
9.80563            -0.14183            -7.99985
-0.806567            -8.15867            -1.71537
5.76406            -6.47743             8.96379
0.887215            -7.77432             6.65396
8.00777             8.40825            -4.37195
9.11192             7.70307            -1.36795
9.21737            -2.73327             8.88078
3.7861            0.167807             2.13069
-1.14156             4.28013             -10.445
10.1373             5.54887            -6.43349
-3.01125             3.05367            -13.8695
5.13319             10.2368             8.76869
-3.62377             4.74238            -1.01934
4.85863              -5.617            -5.83644
-4.03661            -5.41747             3.27931
7.63476             9.63788           -0.826919
2.87963           -0.654946            -8.50591
3.32395             1.00327               8.169
-2.22157             3.22188            -6.54079
-6.50438            -5.26129             9.12915
-0.202336             7.58666             2.07312
-1.79909             1.45869             9.47543
-3.54338             3.78187           -0.671352
10.6708             1.91387            -8.24206
0.378484             6.92959             1.26166
5.71858            -7.03801            -3.20649
6.30753             4.33769           -0.876285
-3.35703             8.38933            -5.41008
-1.52093             1.67803              3.5909
-1.5545            -1.38793             -7.9758
-0.26527            -1.33487             -7.1475
1.29563             1.63475            -8.68403
-6.0179             4.97159             4.06405
-6.74725            -2.68859             4.96886
2.70635            0.216349             10.4889
0.422224              5.6142            -8.69121
2.53003             1.06355             9.59443
-3.00794             3.38866             6.60621
6.69372             9.64787            -5.90825
-0.898051           -0.904841             8.44798
9.82377              9.1625            -7.12809
3.93913             -3.7052             5.87784
-7.65772             6.58371           -0.899325
5.12944             4.14436             2.56748
9.48362            -4.30345             -2.3706
-6.23059             3.23175           -0.264192
-7.61315             5.49326            -1.25775
-6.57841             7.93288            -2.38382
-3.85202             4.10037             10.0135
9.10309             7.68125            -5.74979
10.98            0.463778              1.6838
3.91617            -8.08463             7.23701
-7.17724            -8.73618             8.64118
10.955             7.31784             8.04999
8.73329             5.88384            -5.99601
1.43899             4.08489            -3.74177
4.23318             10.1987             4.49185
-6.18941             5.49997             8.66597
-3.03589             1.49702            -7.41611
6.0802           -0.958536             1.85308
3.1262            -5.19731             1.47231
6.34586             7.13138             7.31667
4.78593            -4.20256               10.95
1.68303            -1.54319             5.97824
-5.50421             5.24515             4.42976
3.78366             5.41291             2.68257
2.3445             10.1586            -5.45078
-1.80449            0.893028            -8.01427
7.21604             5.60299            -8.09675
0.639371             8.50079           -0.704167
-8.69938             7.48589             10.8478
10.1757             3.59011            -2.90894
-3.6606             9.67847            -12.2482
-5.05813             3.09334            -4.79116
7.35451             11.6156            0.120826
-8.91522            -2.09556          -0.0405064
10.1485            -1.21073             6.91133
4.55771             1.89672            -2.34199
1.32585            -4.35059             -0.8055
8.07897            -12.2671            -3.78306
10.7936            -3.95658             8.31279
1.14522             5.92517             1.48163
1.79521            -7.01059            -8.40198
9.79058            -4.35588            -8.45069
1.00617            -10.2365            -2.67909
6.81927             2.58465             -7.1626
3.52044             4.88627             8.66926
11.0644            0.808665            -2.28051
1.81923             2.96116            -4.68814
-2.81814             6.80225            -8.28228
-4.78724             6.17937             5.30025
-2.94228            -7.44282             10.2693
6.28432            -4.56099             -4.1532
2.46898             4.61784             7.75867
-6.98207             10.0514             3.49884
-0.440471           -0.632234            -5.50437
-0.134133            -6.04512            -5.80786
-7.28408             5.02153             5.94136
-3.0172            -7.45943            -6.68749
9.73307             8.36709           -0.648071
3.58736             2.20549             3.22184
-7.08037             3.48245            -6.96401
-5.77838             6.89067             8.14672
-3.02675            -10.0914            -7.10917
9.72671            -5.83685            -8.70974
2.18106            -6.65364            -2.06149
0.179063            -17.0686            -5.35857
9.55146              1.6369             12.5447
5.70314            -2.93753             4.32319
-3.90765            -6.66131             2.93272
2.49128            -1.71372              9.3074
-5.79415            -4.91504              8.8849
4.81835             3.61964             1.43876
5.09026            -20.8068            0.833957
7.81852            -8.54798             5.12738
0.464589             3.98336            -7.41271
3.07796             8.36625            0.362096
-7.59414             3.98485              10.837
4.55276            -7.26545             5.87867
-0.14072             1.48874             10.4477
-6.26587            -2.00375            -5.88048
2.19826             5.61182            -3.49441
4.13087            -3.10419             2.60078
4.38906            -7.07094             9.34692
-6.4639             1.10979             -9.0581
8.10694             4.29387            -4.09963
-6.87588            -23.3844             7.99425
7.01269            -10.8655             1.11828
-5.16091            -1.87625             7.72501
-8.6901             3.43554             10.5852
0.997737            -13.2219            -3.96905
1.14636            -12.5533           -0.518143
3.47871             5.04704            -2.38485
10.3457            -17.0824            -2.04995
-7.32385            -18.5587             9.95301
5.22356            -11.1012            -2.98042
-3.8936            -2.21516            -0.59834
-8.87345            -4.11141            -18.2406
4.29998             1.77845            -14.1042
7.3442             1.77466            -29.9091
-4.84663             -9.0635            -23.2254
9.3533            -3.25368            -12.3004
9.8038            -2.82141            -6.19406
8.53485            -2.74853             7.55186
3.42266            -8.46959              8.4322
-4.36918             8.95308            -4.36449
8.35105            -3.99721            -6.39539
9.3928             3.20768            -6.51324
8.48955           -0.351506             8.87987
-2.69661             9.10328             2.27295
9.40351             -5.7059            -6.78669
4.85584             11.0233            -7.81487
-4.68028             7.21351             3.28138
2.79595             1.36967            -3.97831
7.26917             3.17445            -3.48757
7.20124            -1.56253            0.123545
5.3346            -6.11143            -8.40033
10.4759             2.18092             7.52737
-2.86708              1.6111            -4.95391
0.194505             7.29463            -1.39779
6.70929             4.56365             1.70779
-6.39481             1.10739             -5.9827
-1.06965             5.05472            -0.43441
3.84432             3.74588             4.07851
-0.11816             1.12499            -6.31444
5.27556            -3.89495            -5.67158
3.11701             1.10061             6.63223
-1.67656             5.66798            -4.51846
-4.92607             3.51893            -7.03808
1.53893              2.2129              1.9309
-6.20326            -6.95084            -11.8877
-6.08009            -1.35403            -32.8845
9.5375             5.21518            -4.34973
-5.34213            -5.09864            -5.03863
5.52944             10.4025            -3.78078
6.02908            -8.26148            -1.87389
1.01312             8.78957            -2.99529
-4.82682           -0.251106             2.11827
6.17306             3.79492            -4.15522
-1.73115            -6.98654              6.4474
9.77263             9.20622             7.43165
-7.43547            -1.73155             4.44016
4.58452             5.07329            -2.57454
6.25984             5.46486            -4.05463
4.40711             3.37835             3.28757
10.3553             7.13878             10.1441
-8.53914            -4.68764            -0.48683
-5.18164              7.9776             3.59953
0.956592             10.0921             9.62353
10.4979             3.18487             10.4804
-8.6389             3.99537             -3.5502
0.923993            -2.09641            -6.93253
10.0167             9.10825           -0.122702
4.33403             6.53641             7.81033
10.8092             5.04535             6.44191
3.65142           0.0714772            -7.14854
9.46484            -6.21267           0.0105996
1.19404             8.91962         -0.00138363
10.6077             6.71434             1.58355
-7.70621            -6.83774             9.17934
0.527242             2.46477            -5.58161
2.81439            -2.61985            -4.10686
-1.68603             1.75058            -18.7798
-2.0028            -7.12951             9.76539
-4.44516            0.629617            -12.5877
5.7406            -3.43879            -11.3474
6.98755             5.91988             11.2286
-0.882038              2.8684            -6.37736
1.43039              1.1456          -0.0435336
2.90446             6.31725             10.3731
2.26434             8.50582              6.9243
-4.4593             8.95469             5.67629
6.54153            -1.61223             8.47969
-4.71428            -7.26177             9.89081
9.43398             4.92757            -5.92178
-7.04633           -0.662443             1.99015
7.27009            -2.15205            -1.70895
-2.54754             9.20032             2.75229
6.37531            -7.24379            -1.69085
-8.89653            0.150127             4.16741
-6.01139             4.86908             3.15835
1.80418            -6.60872            -1.76687
6.68041            0.923373             10.1438
-4.16361             2.89625             1.61939
4.58554            -1.90374            -5.87872
6.94054            -4.49116            -2.78533
-4.26457             3.83071             7.33311
-6.23683              8.3746             2.35559
-1.09519            -3.47675            0.644889
-7.71832            -9.32942             10.2809
-7.69238            -3.92991            -6.97444
-7.99296             10.5136             2.56571
-6.35055             3.23895            -5.03085
3.66518             4.76164             8.22452
8.96923             2.08798            -8.96683
-1.07051             8.62764            -33.4897
-6.90601             2.77601            -8.52582
4.67362             9.96124            -2.04349
-4.82298            -8.65405            -1.80937
8.64013          -0.0290453             1.57135
-0.923951             6.55299            -3.61157
-7.21482             -2.6398            -7.70835
-6.30821           -0.329078            0.216715
1.04721             9.76472           -0.938561
6.13118            -4.69617            -1.34107
-7.77804             3.52111            -0.58705
9.25755             8.96522             1.60268
-1.0516             1.39762             9.36907
8.60726            -6.81514            -3.85567
4.11286            -2.31254             5.27962
-5.64582             8.94291           -0.429679
6.07187              10.047            -5.57692
1.82621              -1.189             6.33087
6.09814             6.56739            -6.19791
8.18396             5.14252             3.93629
-2.52545            -6.21022             4.20219
9.14704            -5.48427             2.78139
-0.484593              -4.753             1.04289
1.75371            0.838322             -5.8758
-5.00492           -0.272453           -0.125618
10.5819            -5.97328            -0.97207
-6.13534            -2.90272             -5.1088
-1.44607            -7.24127             1.92653
7.49059             9.08149             -6.8408
-1.43257             3.35879             3.21989
11.4564            -9.29123            -3.54542
10.7239             3.67605            -23.3764
-2.64191            -3.94332             2.56264
11.4614            -6.30133             3.13969
5.14511              7.1136            -9.03588
-1.21472            -6.22994             1.92574
-6.8278             8.07518             4.73422
4.79749             7.09051              7.1103
5.35189              9.0547             5.48514
-4.63994             6.61499              5.1888
2.47074            -1.71905            -7.13328
-0.196387            0.232008             4.01211
2.47494             9.88892            -6.34064
4.64769              2.8646             5.78111
4.5044             10.2959            -7.16729
0.488147            -0.46487            -4.14149
1.10058              1.4169              5.7705
8.08617           -0.700795             4.86727
1.74807          -0.0247048             2.06584
2.7412            -7.54775            -2.60983
4.21686            -5.72133            -4.00319
-3.84608             1.33173             8.10662
-8.36805             5.54538             -6.6554
5.28726            -2.01189            -3.54942
6.04917            -3.07765            -2.71495
9.24594             -5.8299             3.84973
10.8694              8.9164             1.58707
6.31438             4.48111            -1.71347
4.50771             6.67804            -7.13351
-8.02747             9.37874             8.32491
1.62079            -1.59441            -7.92328
-8.10976              2.8217            -12.4602
-1.81273           -0.274358            -2.91562
-6.66973            -4.38081            -3.32426
6.05745            -4.38391            -28.8614
3.25638             2.08204            -1.15114
8.95338            -1.44442             5.19437
-7.43247            -4.04971            -8.02637
6.09997             1.08588             4.01873
-7.44087            -5.75348            -1.04299
-0.459949            -8.43586            -7.07742
-7.60838            0.748745             3.84194
7.37958            -6.51877             9.10694
2.46839             5.93684              2.3252
0.54307            0.451491             4.33134
0.570001             6.41541             8.85077
-3.93292             8.55646            0.455102
-4.47449            -8.38213             6.39302
0.205714             5.68404             8.81939
0.812803            -4.92849            -7.64564
-6.72605             3.28592             -7.4577
0.00556855            -7.22755            -2.03378
5.97588             4.34276             1.09728
-3.81251             9.29079             1.63658
4.38113            -8.05279            -4.17866
-3.815             -5.8926            -8.82169
-3.8268             4.22334             1.02697
1.50836             3.57697            -1.27448
2.11755            -6.19543             7.36735
8.77004              4.5934            -8.80753
-7.96533             9.29555             4.34393
3.17355             2.97703             5.19691
8.46485             3.57454             4.96304
8.40267             1.47096             8.44554
2.93163             4.02409            -8.95997
0.536278              4.2772              -15.96
-2.20932           -0.273433            -4.16028
5.18134            -7.32257            -11.0854
4.0702            -3.14812            -1.96372
4.18723            -3.45886             2.59035
9.59068            -4.38495            -8.69852
-1.40936            -9.79856             5.65207
8.28206             6.72233             9.01791
-7.96252            -3.44685             7.59539
-1.57798             5.68822             1.97315
-0.184403             6.48375            -8.57931
3.41524           -0.598726             9.16426
1.08286            -1.08117            -4.74394
-4.55159             4.75222             5.60126
3.40241            -8.21301            -1.42539
3.01565            -3.69671             5.51607
1.28452              7.0836            -6.75013
-7.13855             3.08692             6.19333
2.55105            0.347785             10.4343
-6.81977             1.56738            -6.63753
9.41237          -0.0862879             1.24489
4.40307            -7.03851             6.91078
0.602348             2.03437             8.23684
-3.01605            -8.20178             1.37165
1.36743            -4.46953             7.63569
5.53921            -1.68444            -8.73076
1.58003             8.56385             1.80528
-2.20117             4.46852         -0.00991162
0.54591             11.3883             8.38569
-7.8533             6.43754            -8.55453
9.781            -3.00202            -4.19659
-4.34531             5.52576            -3.88042
8.09057            -6.81391            -3.55368
-6.79102            0.302648            -23.6403
7.1737            -10.0017           -0.724709
9.47194            -24.7003               8.197
1.16084            -13.8931              6.2117
3.73359            -5.90105             5.74111
-3.47632            -3.21765           -0.476434
3.29744             3.64599            -7.99292
-8.19935            -15.4918             8.87859
2.25408            -10.4072            -7.93213
-0.848051            -9.66837             1.40995
-0.455947            -21.5265             3.09711
-7.99116            -9.75201             3.22684
3.17778            -10.3182             8.98166
-0.107148             1.26198             -8.3235
-9.1025            -18.2204             3.25481
2.43068            -15.7546            -5.00192
-6.29817             -18.931            -0.55569
-5.55209            0.552196            0.429633
-2.70618            -15.4182             5.54043
-1.37862            -20.3099            0.207343
2.03965            -14.3654             9.83611
10.9244            -6.75152             2.67804
-3.12896              3.1153            -1.51231
2.08954             -3.2194            -8.78233
-2.36727             3.28053             5.44641
10.209            -3.72087            -2.71776
9.76113            -27.0391             -2.0237
9.80945            -21.4974             9.64104
7.45743            -3.34934            -4.42276
-8.21401            -11.7057            -3.01995
6.02174            -1.93403            -9.54407
8.39496             4.85351            -18.1801
-1.41526             8.61806            -22.2657
-0.137283              4.0159            -18.2133
-1.12385              -7.833            -15.8191
-8.0499             7.22318              4.7982
1.73883            -8.43767             8.24074
-3.30924             5.86042            -3.13705
9.75381            -3.34429             3.23958
5.49069             7.92247            -1.48581
3.28975           -0.616958            -8.14825
2.00263            -8.23468             -6.5198
-7.15741             5.46208             8.45372
9.84483             5.05203            -8.72751
7.59863            -3.74809            -7.99136
1.07999            -3.34468            -1.59041
3.94398            -7.70312            -5.28459
-7.757             -6.0488             10.6525
-7.47376           -0.325303             2.04287
4.61169            -3.35915           -0.217001
8.03506            -6.82084             1.17009
8.82815            -6.03903            -2.72633
9.97565             7.47705            -1.16412
5.19379             9.53791             4.41736
2.80399             -7.6774              3.0907
-5.10273              -5.448            -7.28257
-6.13808            -2.66514              2.5216
0.761672            -3.54187             6.89444
-7.39655            -2.02441            0.620112
-4.26655             5.48362            -7.85943
-2.41887            -1.00324            -6.97392
4.1936           -0.190241             3.42458
3.98376              2.0268             2.09149
0.712979             6.15323             -22.515
-4.08419             2.72897            0.168212
7.9915             4.00463            -1.83547
2.49603            -6.54411            -9.15239
-3.16814            0.221615             10.1479
1.90223             1.29019            -8.65899
0.959769            -6.64103             2.72741
-6.65524             9.58526            -4.80517
-5.55459            -3.80943             9.34345
10.0816           -0.226836            -2.38833
-7.58716            -1.83446            -2.36185
3.75612             1.52633              8.1969
-5.97698             4.09834             7.98873
8.68706            -7.36576             4.03339
9.97899             2.46084             -5.2945
7.98248             -2.8685            -5.49772
8.10881             8.94619             10.8987
0.870454            -5.48081             -1.8022
0.250497             6.91531              11.027
4.4874             5.48259            -2.53935
3.94107            0.715692             1.35899
-2.22584             2.53428             4.46417
11.0088            -7.30628             -7.0556
-3.58423            -5.23519            -8.30001
-8.41159            -5.42713               3.151
-2.68755            -1.47688             3.69623
7.52098            -1.29898             7.62555
7.10598            -8.86695             9.96419
7.08184            -8.43058            -6.32457
4.18254            -1.60208            -2.01398
-0.971112           -0.472827            -1.05873
-4.25126             3.87554            -2.08053
9.80866            -1.18639            -15.2513
-2.66166            -6.59939             1.63111
1.80925            -7.00709             4.85858
11.5764             6.41231             1.15817
-4.50495            -3.35148            -2.35144
9.40239            -3.41254            -6.52219
-2.69329            -8.18069             7.98066
0.775902             2.94209            -3.29963
1.29743           -0.906561             7.41801
7.06487            -8.09105             7.51015
3.54465            -6.78549           -0.798736
8.94919             2.87167             -5.4668
-4.94255            -2.19897           -0.365623
-0.197135           -0.801976             6.57864
-3.74373            -4.26041             9.55458
6.34835             4.63923            0.417809
-0.580223             5.27557             10.3513
1.66469             7.16055             10.1931
5.13487           -0.401235            -2.82909
9.91361            -1.10094            -5.81051
10.8939            -1.02893             9.11854
8.51018             7.02984             9.81639
6.82232            -8.38499            -5.62938
4.0211             3.66233             -1.3691
6.18585            -8.89227             4.55003
4.34377            -3.81716            -4.44658
10.7067            -3.52725             5.41141
10.8947            -4.75709             4.90619
1.82526             -3.6302             1.36381
5.34297            -8.78624            -4.00704
10.52            0.741479             1.63377
-2.95747            -10.4053            -8.73365
-8.52405             4.44093            -9.84077
-6.17921             1.75231            -32.2424
4.29947             3.62957            -13.7212
5.35133             1.35988            -6.13801
9.29073            -7.39654            -6.41161
5.99177             5.28844            -7.08291
2.66306             3.44033            -7.49989
9.23481             6.15375            -7.69825
-8.7053           0.0848455             0.47966
10.2996            -3.55951             8.52597
-5.54204           -0.946826             7.90095
1.56491             8.10616             3.03869
-2.45623              7.8853            -7.14904
-8.41341             -5.1156          -0.0282264
-5.15265             5.72573             3.82824
5.62325             1.53063             3.54722
9.18971             9.51848             -2.7159
1.04272            -6.16374             7.42548
-4.61218            -8.88329             1.69463
-4.97599            -1.95655            -2.08169
7.6269             9.06959            -1.86039
-0.616905            -6.29108             -2.6621
3.88153             6.51583            -4.31177
1.41959            -2.28107             6.69617
8.76406             2.04988             8.77573
-6.65861            -1.74942           -0.116335
-2.61294              -6.331             -7.2548
2.5334             8.79906             3.60351
5.98375            -8.37529            0.969089
3.41491             5.79791             9.83664
0.907896             8.63408             7.74343
8.28181            -3.06812            -6.74113
-4.83125            0.400144            -20.7585
-5.34401            0.785152            -1.28479
2.46821             10.0762             3.63684
-4.66711             8.17908            -2.46334
3.94915             9.94241             6.70441
10.0236              3.2036              7.7009
-5.92428            -5.18105             1.35238
5.3965            -8.61934              7.6813
-8.6482             -4.4454            -6.41337
7.32808            -1.41929             -8.7639
-1.90451             9.31682            -1.63355
-4.13816             10.2934             2.79224
3.663            -1.10778            0.746865
0.0237979             3.76196            -2.03489
-7.7654             1.28542             9.17319
-2.87026             9.75455            -1.69319
3.63622             1.29176             2.86876
1.05408             3.10156            -4.02861
-4.74618            -1.53829            -7.32773
3.69111             5.66792            -6.19744
-5.21892             -5.1033            -7.39718
3.41201             4.18267             3.72129
6.2279             5.82873            -4.64709
-0.88416            -1.74393            -8.89589
-0.882104            -1.74392             3.85559
0.734649             4.77975             6.05518
5.48046            -2.44676             8.77479
-7.829            -8.75004             4.96764
-8.25581             9.95256             1.35863
-8.35615             10.0236             6.78756
3.85553             7.52872            -9.46691
3.8863           -0.461967             2.60736
-6.52546           -0.465081            -12.7412
2.85471             4.16634             5.47207
-7.52595            -8.81622            -3.06387
1.28597             5.82851             5.68941
6.38968             6.79839           -0.792305
-4.28262           0.0358361             -5.8312
7.21495            -1.31409              2.5377
-7.65168            -9.25412            -1.23668
6.08139            -7.14949             7.58834
-5.26877             3.84333            0.345782
-4.62819            -1.10481             4.82883
-6.36678            -4.78022             6.51802
2.85697           -0.305033            -7.36556
2.26603              4.2126            -3.00749
-1.51992            -8.70276             9.86662
3.39455             -2.2014             9.41045
2.24867             9.28151            -3.80383
-2.91516            -7.31272             10.9048
9.24038              5.3645             6.46548
-4.16347             1.42325            -4.42347
-6.30558            -7.36605              7.0947
3.89861             2.47752            -8.22981
-7.18457            -3.20243             5.49799
-4.30849            -8.06567             3.75711
-1.80752             8.55607             10.6827
-4.97528            0.620532            -5.39754
-4.47966             1.71813            -1.34523
5.81542             9.30103              9.5099
-8.88186            -1.46619            -8.03614
-2.84756             5.32808            -7.55969
10.3324             10.0883             -4.0265
10.073            -2.22544            -1.22606
9.28548             9.52516            -13.8109
3.42559             -7.9267            -1.68566
-0.33497            -1.21056            -1.89676
-5.87708            -5.08213            -8.93484
-5.63937             4.36572            -4.27997
6.92221            -10.1361            -7.16475
-5.89552             8.13803            -5.84684
10.6163            -2.83162              7.3944
2.07399            0.620254             1.16758
-8.2121            -7.42356           -0.902829
-8.11617            -7.25257            -4.06066
11.5631            -1.07208             5.46965
5.85908            0.730377             2.19706
-0.12518             5.23329             6.60998
1.5799            -10.0363            -3.38298
-1.74412             2.38252            -2.02367
0.457122             1.72383            -6.06983
8.47592             -9.9595            -8.28482
-0.0609722            0.452034            0.514902
2.11243            -1.98949            -4.71166
4.71751             2.40794             6.13459
-0.986062            -6.95593             7.41828
-4.31911             7.97693            -2.50172
0.141095             6.64876             9.11674
-4.89488            -5.20553             2.88293
2.76095             -7.0063            -8.13897
-8.2782            -9.79974             2.95506
0.248669            -2.77579             9.20297
9.19083             -1.9705             6.76533
2.741             -9.2691             11.0201
3.20896            -1.97404            0.910716
9.03647            -1.81503            -7.96528
-5.11221            -10.4068             10.2752
-0.0890974            -5.01614             3.27584
-4.90347            -11.6971            -14.0249
-9.34002            -22.4504            0.778987
4.82899            -6.65009             3.47926
-6.31809            -9.07269             9.98411
-7.65883            -6.87659            -4.34636
-8.64256             5.30287             7.49641
-2.21133            -5.59864              3.9979
10.6531             9.24107             8.57409
3.32856             1.91727           -0.938323
3.14003            -20.0318             1.96912
1.96431            -15.6674            -3.92778
-0.787815            -2.72555            -7.67812
9.3411            -6.21658              10.544
3.6203            -16.7989             7.48577
-6.20668            -11.3097            -4.83899
5.27439            -12.0913             6.93956
7.0549            -9.37005            -1.57913
6.17819            -21.9338             8.18862
5.63133            -10.1664              3.2533
-7.77029            -13.0294            -3.95862
7.5014           0.0690911             2.55754
-3.84107            -24.1704            -6.26372
-5.58852            -7.70094            -5.26682
-3.70082             4.58555             10.2722
-6.51986            -11.4348             -6.7429
-8.2726            -15.6596             7.00406
2.39639             -6.7026            -2.04613
-1.69131            -11.2732             8.65789
0.740879            0.677779            -8.04419
-1.32832              4.0212             2.80465
-5.06887            -1.63133             -20.382
3.26081            0.107186             -0.2192
5.0991            -1.83412            -7.88788
-4.65758             7.60158             -12.899
-6.23164             6.59135            -6.08194
-4.60895            -5.19618             5.18197
2.52314            -6.76834             4.11538
-2.93991             2.18951             -4.7087
-6.49003            -7.35436             4.77819
-8.00312            -7.74083             10.2728
-3.03121             4.76821            -8.33564
10.163             11.3635             1.91959
-2.5911            -3.98175             4.63646
5.90526             10.1473            -1.01932
-0.914528             8.60217             6.38993
-5.60861           -0.366893             8.02077
-8.44361             5.38205             1.24241
-4.67801             2.80768            -6.39477
11.1523            0.627386          -0.0256903
2.88237             2.38642             2.84846
-2.79328              2.3843            -2.34623
-1.69594            -4.71646             6.90058
-4.71121            -1.34634             1.05066
-1.62775           -0.756322            -4.30017
2.70835            -6.43396             2.23302
-3.62569             2.66155             1.45729
-3.11433            -3.60024              10.502
2.47627             3.08671             10.2131
-8.65022           -0.305539              7.9731
7.33155            -8.47946             3.36539
-1.61009             4.05402            -2.85535
5.8146             5.88333             6.92271
0.890262             5.65555            -10.7606
0.972653            -6.67821            -28.4742
-6.34939            -3.87639            -20.2317
-4.65119             2.92321            -15.6525
-4.36452             10.1796            -2.51494
-0.391853            -2.35092            -6.62834
4.68041           -0.256355             1.09981
-7.6439            -6.56876             6.40338
1.13167             3.07735            -1.35521
4.68084             -4.6903            -8.04332
-2.37279             -6.0783              -2.538
8.21942            -1.27174             9.72208
4.52193            -3.38631             10.5619
-2.62275             8.96126             -4.4143
-4.61021            -4.35881             7.45147
8.90085             6.06764            -5.26033
-2.69178             4.76613             4.56428
-8.5041             7.39102            -2.63177
-5.09348              1.1295            -4.43606
7.45945             7.04293           -0.166474
2.88215            -0.66483             1.25867
6.12846             1.00237            -8.42865
-2.88712             4.62453             8.56674
-0.179245             10.1305             9.16762
-5.70858            -6.35196             10.7639
-2.38078            -3.54204             7.91139
0.866581            -6.41009            -7.29983
4.39765             8.58358            -1.27887
3.36117             6.26992             7.22738
8.62328             4.56395             3.27228
2.85944            -8.85179            -2.99952
5.86239           -0.123972            -6.35723
0.984779             5.75071            -12.4363
1.83505             8.98713              3.7471
-2.84182            -2.88808            -1.68584
-6.36147             7.94969             3.61416
0.857564            0.999559            -6.90343
3.45683             1.38518             10.2248
1.31212             2.03963            -1.08622
6.02101               5.756             3.06977
-6.39076            -2.20257             3.69598
1.39276            -4.08095             6.16931
6.35188             6.54218             1.59228
8.00775             8.92103            -1.35527
6.17799             10.1735            -1.33929
-4.87294            -2.56049            -5.35233
4.80831               5.841             4.89535
9.11336             8.74813             5.87509
9.22991             1.61152             2.09424
-6.11671             1.23012            -8.87596
2.69144            -1.88628             -4.7523
8.72874            -9.65155            -8.83839
-2.3832            -6.24192               4.615
2.45948             2.48634              5.3323
0.21564             3.82149             8.56332
9.0457            -4.01466            -4.19236
-7.65002             8.30111            -5.42434
-2.34888            -5.43657             -7.5321
-2.64157            -6.53332             -4.6157
9.76334             9.22362              5.4949
-0.183791            0.468802            -8.39615
8.64315             3.42877             -2.6103
4.60849            -1.47323             2.89327
-6.92073            -2.47827             1.16678
-8.16465             3.32401            -13.8653
10.1531            -5.25407             11.6932
6.26454            -1.45217             3.80922
10.1863              6.7614            -8.91236
-8.24279            -1.49722            -1.11537
-1.85564           -0.743166            -5.67646
2.56447             6.43455            0.716645
5.25638             2.64704            -8.32518
7.43491             10.0847              0.1263
8.8259            -7.79639            -8.02839
-6.6125             4.76101            -5.66651
-4.2016            -2.94718          0.00201244
-7.85829             7.63741             10.7916
7.36406            -8.67419           -0.775828
11.1079            -7.82009            -2.79379
-5.32549             1.13824            -8.02973
2.0456             7.15631          -0.0120242
-0.208104            -1.77295            -4.08223
3.84703            0.106748             3.29856
0.160199            -6.87877            -2.43707
10.0064             5.48772             2.85346
5.40882            -8.78439             9.32839
2.74086            -5.19886             9.71553
2.42309            -9.51877             4.50229
5.57068             4.72995             10.1802
9.9336             3.01348            -8.28425
3.53494            -2.64685             4.01542
-7.78658            -1.79997            -4.36449
5.42809           0.0993411            -3.68326
5.33656            -8.76795             6.00147
-3.93668             -2.1478            -9.48655
0.376183             5.22819            -1.24337
2.7023             5.74529             -9.9897
7.31515            -4.94401            -33.1245
-5.38361            -7.91396            -9.82055
-2.44004            -7.46631            -19.4052
-4.76839             -4.0614            -6.59629
4.71433             3.77069             7.35286
5.76322             1.06257             2.08058
7.2536            -9.66666            -6.45944
5.09262            -4.56184             7.29313
6.96346            -3.12087             7.70902
-4.06588             -7.5915             9.82139
-1.21395             1.37517             6.32624
0.608532            -6.44349            -6.04933
-5.02623             1.00599              8.6987
-3.19381           -0.753244            -6.83201
11.3588             1.43722             3.03659
1.63332            -1.51048              5.6665
-5.03108             10.1252            -1.28827
-6.96873            -6.82364            -4.41541
7.32494            -8.21957             10.3592
5.18745             4.69186           0.0409232
3.98913            -4.26702             9.48731
11.1429             8.35642            -3.96656
-5.6968            -7.42314             7.28058
-0.48172            -1.27067            -7.22053
-4.69465             1.95744            -5.84571
8.7408            0.505079              3.2641
10.9848            -9.52243            -5.57295
6.10781             5.16261            -4.34571
-1.10536             10.7724            -8.44226
-7.884             -5.2338            -2.74851
-3.93817             1.78489             1.55636
-8.22646             9.47823            -18.3689
-8.53281            -1.10604             5.47731
-8.21956             8.40855            -12.8679
2.35172            -2.70967            -1.19884
-6.99422             1.24967            -6.95989
3.17635             9.56188             5.16483
4.83213            -3.93486             7.03802
4.40941             -8.2905            -2.01318
8.88512            -7.04045             0.39539
-5.44207             4.67992             -6.7497
6.72146            0.340243            -2.80506
-1.81033             0.83302            -6.25041
1.57577            -5.48629             8.66588
3.96131             9.80698            -7.89706
-0.553773             4.90043            -1.62606
3.64356             5.59543             4.26517
6.80044             2.10475             6.74748
8.40408             10.1201            -7.57509
-5.34533             -1.5782            -5.19868
-1.80443             7.14413            -5.20775
-8.9016             10.4749            -4.08433
3.94412            -7.37043             1.78836
7.93587           -0.289652            -4.89117
-5.41291            -6.90978             4.56951
8.24931             8.87091            -6.17502
2.45849            -7.48229             4.18245
3.78764            0.714022             6.59111
-5.98012            -6.64947           0.0356315
-0.80113             2.92535            -2.96367
-1.20174             7.53488            -2.67739
8.05689              9.5402            0.293885
4.83746            -3.13168             2.57893
-5.36626             11.1874            -1.15855
-1.50239             8.95246             5.24641
9.11774             2.96735            -1.23211
-0.486844            -5.72676              7.4462
10.6535             5.70358             2.27039
3.68363            -10.9127            -4.65618
4.80936            -6.89782            -1.12028
3.20529            -5.78438            -8.27932
6.61661             1.99796            -7.81478
-1.2181            -11.2158            -5.63395
-0.428162           -0.146254             10.0902
5.00569            -2.13007            0.192777
-4.48909             3.96475            -1.40205
0.324592            -0.40466            -8.69245
-5.61778            -0.95936            0.481817
-3.45968            -6.33402             9.89485
6.61367           -0.413803             2.00078
-0.726495            -9.23104             6.18331
2.31265             8.51351             7.20643
-7.88084             8.60534            -3.59751
-1.66165             1.64579            -4.87342
7.86491            -10.5167            0.697531
4.24559            -4.62941             7.12722
5.09903             6.00191             2.91108
-8.53903            -2.80082            -1.16189
-3.46526            -5.91869            -2.96103
7.59614            0.896119             6.56567
-3.42087             1.87728            -2.11296
9.59891              1.3703             2.05132
-0.761276            -4.96375             2.07509
-7.05409            -6.97531            -2.32284
-0.474408             4.50425             3.10527
-7.96725            -28.5457            -24.6402
4.47281            0.303191            -28.5901
-2.59433            -16.9339            -16.0112
2.50166            0.988023            -14.6023
-8.49517            -1.51933             11.8355
5.58149            -5.80359             2.44021
-3.3051            -8.96221           -0.859181
2.89652            -33.7904             -5.6135
6.69752            -10.6989             9.72295
-8.15032            -6.44368             1.19737
-7.28227             2.28573              3.2918
-4.72093             5.50831             2.14069
8.83149            -16.8516             0.89009
-0.948705             5.36197            -2.55487
7.40589            -12.8628            -7.62078
5.64405            -29.6045             2.51986
10.8402             -16.201             10.6056
1.42784            -2.98156            -6.28941
4.62902            -7.65939             6.32859
7.66306            -7.56534            -5.90439
5.84908            -19.1747             3.40721
-1.68323            -5.50332           -0.729743
-5.13632            -11.4399             6.10783
4.06131            -17.2928             5.14479
-5.20391            -13.3799             2.81812
-5.94288            -2.75223            -8.82376
9.60152            -20.0902             5.63702
0.142166            -11.9017            -8.50914
5.72978             -24.704            -1.10729
-5.49892            -19.7018           -0.607178
9.69837            -9.25442            -5.29802
6.03148            -7.85837            -9.66878
0.942029              1.1537            -23.5418
-5.93943            -5.20858            -1.22424
11.3475             6.01065             4.49008
-0.842043            -9.11071            -13.7432
-1.04509            -5.67835            -4.94998
-5.02217              -1.773             5.65734
9.07654             7.34164             3.87105
1.65949             1.66211             10.8485
-4.27715            -7.76353             10.8529
-1.39655            -1.20336           -0.346088
-7.41277            -1.92718             3.05072
-4.74941            -4.95278            -4.35316
-0.540675             4.12694            -7.02712
3.58155           -0.581897           -0.591862
2.99881            -4.40085             10.2809
1.33257            -5.75451             1.81164
8.045            -4.09773             6.01493
-0.509317             3.60616            -2.89704
-0.176245            0.469266             8.64108
8.76792             5.91965             -4.2298
0.255074            0.464233            -2.56631
7.04119             3.95318              8.1943
4.68574             -4.9297            -8.25801
10.8503            -2.00145             1.63378
8.50232            -6.11614             9.91218
10.0383            -4.17252             4.65695
-0.478983            -4.41528            -5.97075
-0.0337061             7.43412              7.7313
-2.97876             1.31943             6.93848
5.98366             6.76844            0.581694
-3.26933             2.76977             8.25384
2.6111             1.51068             7.72866
-3.61392            0.931599            -14.0072
8.02119            -3.51325            -25.2964
4.03716              8.6736            -19.4958
-4.02225             1.78485            -8.61216
7.81253             9.19362             -4.7953
0.597603              8.5131            -4.86115
-3.96306             -2.8166             8.91004
-1.499             -1.7268             4.36764
-3.37457             9.08394             -5.1371
0.721074             1.17947             7.11184
2.89062            -5.09734             6.73254
8.11785             2.12288             2.76379
-0.582665             2.92757             1.13559
-5.95802           -0.734318             7.25619
7.7246             -4.0003           -0.160242
6.87632            -3.13489            -1.11799
9.39554             -5.9043           -0.196648
8.99985            -4.10264             9.85239
-3.78653            -5.88549             4.82183
0.379088             6.58467            -5.03892
6.32102             1.89268             4.14525
10.3615             8.62739            -8.82888
-1.52727            -2.41156            -7.21021
-4.23427            -7.59151            -5.85215
0.67611             1.57338              8.0142
-4.41535            -4.83508             5.56424
-0.108172             5.86075             -4.0509
7.9858             5.06122            -3.90561
8.11982             7.72328            -1.31723
-4.78235             10.3187            -5.48665
9.30137             1.72911            0.588334
6.58962            -1.99435           -0.742966
9.88812            -7.57247            -17.6614
2.85754            0.228495             3.58227
-6.99845             1.92688            -6.87907
3.56072            -6.82622            -20.6298
9.63484            -4.49809             10.9076
8.96108             9.30582            -4.98396
8.86213             4.72199             6.37606
6.37002             3.51894             7.23082
2.58673             6.12602             4.58461
-1.22123            -3.62488            -3.30448
3.63808            -2.85421            -1.22391
-5.68884             4.71293             1.30509
5.6383            -4.30223             9.71706
-4.85494            -4.76913             8.34041
-4.93466             9.49372            -6.47512
-4.62132            -9.62688             9.18685
4.85938             2.03047             7.72151
-2.18013            -0.77195            -8.16492
10.9505            -2.49763             7.68067
1.57637             1.64547            -4.57183
-4.03388             -8.4122             5.42091
0.272231             8.01152             1.93245
0.633388            0.805893            -7.17217
-2.22118              6.6341            -4.91566
5.71512            -7.47033             4.92449
-0.23793            0.074558            -3.31731
9.86646            -6.27328             4.05161
11.6911            -9.67918            -3.72258
-7.72692            -5.29806             -4.3256
-1.63315            -4.89459             0.44324
9.80853             3.02265            -6.04784
8.72892           -0.990958             4.05334
-5.04194              1.0687            -3.01642
5.13666             9.40874             3.98335
5.12236            -9.38802             9.18771
2.41865            -4.36141            0.828886
8.75509            -4.67373            -5.01999
6.29607            -1.41221            -4.44513
2.90389            -8.71507            -7.71311
0.951279             1.39399             5.48631
7.04769             10.4715            0.355437
10.3675            0.809601              1.4656
-4.52805            -8.06528             1.70796
1.13354             8.59366             3.59085
-2.213            0.186661             5.01636
7.45889             10.7883            -3.26432
-0.994112             -8.6181            -5.77176
7.68688           0.0952807            -6.63615
5.0158             5.62252            -1.05361
3.57903             5.65997            -5.57654
-4.01157            -8.00717             9.94849
4.47584            -9.48691           -0.982801
-1.98809             8.08779            -7.28508
-4.38059             4.50383             1.72056
4.48602            -7.08855            0.625178
8.64833            -5.21187            -6.14382
-8.80318             3.05223             10.8843
-2.29008              8.6317            -8.32191
11.4096            -8.65126             -3.7835
-6.34401               2.996            -7.38768
-8.48409             7.61224            -2.24967
-4.90769             2.89852            0.056915
7.59966           -0.395503             3.70923
2.24895             7.06423             2.82917
-3.81298            -2.31485            -11.9263
-1.18544            -8.20374            -40.1425
-6.09745            -4.13813            -14.0552
-0.112885            -4.97264             -13.226
-8.6328            -8.57447            -5.17799
-4.70945            -6.49611             3.89194
2.33127             6.66538             8.04944
4.62643            0.913579             1.74146
8.49652            -8.71842            -8.26997
-3.02096             7.64227               3.619
-5.4163            0.723813            0.906288
-3.88884            -1.32983           -0.685292
-4.65844           -0.512282            -2.87908
-1.27489             10.9976             6.71063
-4.48771             4.99529             4.12456
-7.47201            -4.59658             7.30888
-8.80214             3.43753             2.09545
3.62987            0.188352             7.54201
8.11993             7.76698            -2.61061
8.87812             4.48252             6.12742
8.35054            -5.55718             4.60162
-3.82659              -8.663             9.75093
-5.22125            -3.35746           -0.376361
-0.63534            -8.93329            -5.38137
-4.65266            -8.12756             8.89607
-8.88807            -7.07326             10.9074
-1.32847           -0.052574              5.9802
-3.48717            -7.17707             -8.8716
6.15878             -6.6224             3.99906
3.66006            -2.57559                7.59
-4.0785             5.54591            -4.71252
5.56127            -6.37761            -4.65886
-8.07436            -6.25789            -14.9392
-7.91451              4.6968            -25.8135
-0.468703            -4.07592            -5.66889
3.71288             3.21431            -18.1219
-4.24147            -1.16537              2.2698
-8.28008             2.34196             9.59939
0.95639             7.93501            -3.28542
7.36994             4.87023            -3.14577
-4.80287             4.74512            -2.80245
0.419737            -7.79416             4.18006
6.77772            -5.06707            0.834234
0.404745            -5.00369            -1.43754
6.36839            -3.64877             5.24933
4.85428             4.08256            -7.95585
-0.317807             9.55416            -4.58184
7.82732            -2.20841            -4.99724
3.68328            -7.08732            -8.93912
2.76514            -2.12512             9.57432
-7.77669            -1.39751            -3.21763
0.933528             10.2332             7.22929
2.45981            -4.09689             7.51526
-6.24241             9.75439             -2.4497
-4.15792             1.51184             4.08072
4.42992            -8.89545             7.20861
-1.27521            -6.18256             4.87036
0.0278811             1.27471            0.851591
-1.16575              5.3525            -7.03913
6.45285             1.91426             5.69247
-5.59895             4.89822              9.3732
7.31785             8.98875            -1.10451
1.43723              2.5701            0.162505
-5.64376             6.97131             6.90358
-5.63505             3.20741            -23.5066
5.90145            -8.38535            -9.29781
5.44458             2.04504            -16.8809
10.5133             4.95075            -3.91825
1.77447             3.82223             1.48891
3.7828            -8.00474            -4.78722
0.868635             4.86504             1.22395
9.74815            -2.80781             1.65109
2.44467             9.27926             2.57673
6.13071            -13.3956             9.89996
9.45103             -6.6478          -0.0697781
7.48582             3.59647             2.14204
1.96772             3.11137            -7.40004
-5.98801           -0.430848           -0.120576
-6.94863             5.18196             9.96653
1.85173             10.0588             6.64898
5.04656             6.04233             9.11379
-7.96809               -15.8            -5.07683
3.19402            -10.4241             5.44353
2.11975             5.84398             9.20271
5.20337            -2.23259             2.42385
-5.60312               2.973             -1.8043
-3.15406             1.77003            -1.43887
5.35502            -4.15094            -4.44422
0.959058           -0.933508            -5.37061
9.85663             4.40555             9.82679
2.38312            -5.60789             10.2371
10.5687             6.04335            -8.68223
0.593782             -2.0155             3.62226
-5.25343             1.41854            -5.08673
2.91684             2.03579            -2.93519
11.5804            -3.17881             6.90822
-2.60826            -5.25251             8.34452
-3.90677            -2.97004            -14.4097
-6.81951            -2.72865            -10.9899
7.16146            -17.6148            -2.76068
9.29653            -10.2744            -3.64788
6.62371            -2.72871            -6.69007
11.8185            -1.31251            -8.39216
2.46273            -2.73928            -0.67489
-3.41304            -3.13388             3.14269
-3.87727            -5.97089             9.76258
4.07867            0.379333             2.98203
-6.72369            -12.0109             5.90157
7.97124            -8.16207             8.63703
-8.20887             2.31203             7.39716
-2.87163            -1.49322            -1.97263
-10.1321            -18.2504            0.154884
-3.91782            -14.6924             -6.1292
-9.43872            -8.01408            -6.98726
10.0073             1.74973            -7.41808
-1.70481            -3.09454             6.53567
11.4619            -23.0563            0.621529
-7.11256            -13.2836             4.25838
11.2546            -5.47451            -1.42413
5.25748             -6.6539             10.7107
-7.80874            -14.9769            -6.51178
-4.79475             3.80379             8.80974
-6.16659            -13.6524            -3.02407
-9.38396            -7.13144             4.57687
9.84862            -19.1314             6.04918
0.610453              -8.305            -2.29144
3.64373            -12.3177              3.0284
-7.38218           -0.171649            -4.07703
-4.96704            -2.75931            -22.1345
-3.61856            -3.10034            -3.74852
-7.43481            0.775937            -4.27194
-5.11033             2.22084            -2.17818
-0.733556             4.08894            -4.45288
4.3525            -6.92875           0.0498708
5.78728            -8.95379             3.24137
-8.15476             7.82328            -6.70606
7.82139             1.14478            -8.49492
5.63049             1.88167            -8.04558
4.17855             5.81355            -3.22806
7.66817             2.04779             5.73409
-0.124793             3.45118             2.96836
2.70652           -0.449224              2.5837
6.98535            -6.23569            -1.95768
5.26861              6.7522             2.12575
1.32884            -4.59078             3.74212
8.75123             3.53818             5.29465
11.3084             7.23868             10.6792
-7.84977             2.02448            -2.83886
-6.09055            -2.84701            -2.14419
-2.7032            -5.69654             10.8587
0.550773             4.09171            -8.93778
-1.24007           -0.212449           -0.598268
3.55422             7.01889            0.939399
-4.18391            -2.13888             5.85915
0.159669            0.217724             8.20189
6.02418            -5.19212            -6.05096
8.49085            -4.05034             6.46665
1.82231              10.492            -7.06103
7.2958              2.1826            -6.16165
6.09518             8.25193            -9.11922
-1.54011            -5.92919            -15.5407
-0.87213            -1.69019            -2.64754
9.32494            -1.52501            -2.32686
-2.7841             2.45785            -8.68958
8.60315           -0.532414             5.77481
0.689379            0.236131             8.81835
-5.88701            -8.03239            -2.87634
-4.36576             3.83282            -2.13342
9.5271            -5.63996             9.48628
1.50289             3.94424            -7.14816
11.1908             3.23427            -7.44057
-5.64843            0.692835            0.649029
1.21848             10.2071            -6.32291
0.0224456             9.73799            -7.58871
-3.59439             5.19718             10.5056
3.67177             5.18453            -6.81688
11.1853           -0.303014           -0.717073
7.85189             2.72466            -1.32835
-4.15898             6.71409            -2.66622
-3.84443            -2.67474           -0.553068
3.24112             2.57736             8.66781
-11.0679             3.50344            -7.30296
-1.65931             6.82439             9.98377
-1.19791             8.39205             10.4139
10.3522            -8.57174            -1.59939
-4.87427            -4.50827            -8.35877
-5.22243             2.20388             6.59961
9.6164            -7.38954             1.21781
-7.62802            -6.54847             9.22746
-2.57005             10.0359              4.1445
-7.7363              8.6558             2.05352
-2.1892            -4.18574             9.96298
-0.152862          -0.0979144             -6.2629
6.86246            -1.64955            -17.4113
0.793787              6.4017            -14.2599
5.78355             3.56065            -8.28269
-8.30995            -3.65125            -2.19691
-9.18665             7.98104             4.23179
-0.810334            0.551625             6.38496
-6.38246            -4.34673             1.20285
2.7544           -0.210499              8.7449
-6.82897             7.56324             9.32912
4.37191             1.84892            -4.71614
4.02081            -8.02763            -2.80811
-1.64638             6.66504            -8.01165
3.90993             -5.7513             2.59791
7.58189            -8.92248            -7.18498
-6.08617            -7.63624             5.27332
-5.73338            -8.23741            -3.92221
-3.94776             10.8212             2.16261
-4.88759             -5.9524            -4.13093
-2.31861            -3.67734            -6.77759
-2.07342             3.43012             10.2544
-9.84766             2.69638            -1.26686
-0.505684            -3.08436             8.53912
5.6282            -7.56381            -7.34394
3.32695            -6.40339            -3.53245
0.105845              8.4574             -5.5429
10.6683            -6.49467            -4.15133
8.33377            -6.27111             9.90294
3.43513             6.83376            -5.86558
-3.84134             10.2035            -8.81131
4.98382             4.07986             5.62386
0.547565             3.04719            -5.75303
10.9727            -1.00203            -18.5047
-8.2704             10.4782            -6.38424
-5.56876            -2.00679            -5.20358
-5.41776            -4.42282            -7.47026
-1.02826              2.7925            -4.71767
4.36897             5.61899            -8.88554
1.56013             -5.2093            -1.53235
-3.85986           -0.567669             -7.0001
8.85571             6.90397            -7.58213
-9.36585            -6.49141             6.39198
-7.60753             7.04475            -6.47945
7.70404            -1.77829             1.66023
-3.97508             4.40195            -8.59098
2.51337            -4.05666             3.29342
8.25173            -1.26792             1.48433
3.33855            -7.74633            -1.39539
7.33053            -6.60227             6.65004
6.22963             2.35448             5.96239
-4.3336            -6.90311            -8.28302
-3.53179             9.12248            -1.05684
-6.26014            -8.58897             2.27041
7.96877             8.02211             5.25429
8.29649             5.93359            -8.33024
-2.62638             8.29841            0.485939
-1.23406            -8.69254            -7.60455
-5.39503             9.45734             6.48504
-4.7724            -8.10749            -1.58137
0.691847            -8.76509             6.42574
-7.88619             1.16041            -3.15327
-1.30396             10.7858             2.78931
-1.2168             7.43272            -7.50705
5.24998            -6.18781             9.57541
-3.76598            -1.36662            -6.21671
1.03846             -7.8277             3.01908
0.640698            -3.40807            -9.56729
-3.48709            -8.82144            0.913383
4.76064             7.21795             4.20444
7.18428             6.29453            -8.96847
-3.91992             6.38179              7.9937
-10.5031             9.93932             0.97757
10.211           -0.585659             6.40894
-5.403            -7.13681             2.67009
-4.47947           -0.130739             6.49774
7.4166            0.315426            -3.43831
8.51324             9.13762            -8.42837
2.88746           -0.501216             1.94881
-0.205317            -5.37023             3.62004
-7.60875            -8.82939            -8.58696
10.5495            -2.52342             10.8353
2.43116             -5.1036           -0.362513
10.1213            -6.29547             2.76128
-0.159002             1.43315             9.66381
-3.24819            -7.70616            -3.79387
0.858893             5.74484             7.87323
8.33367             6.37545             -2.5312
1.05025            -4.94936             5.25764
-2.0269             8.21262            0.631701
-7.91053            -3.40004            -6.66159
3.06985             7.20693            -3.68376
-1.38969           -0.806003             -6.5842
9.50677             4.36562             10.8042
3.18798             10.0418             9.13472
3.0823             -5.3492             8.45756
-5.36159            -8.82113            -6.27315
9.82877            -2.89217            -10.4832
-5.33191            -3.28808            -23.9128
-2.59091           -0.232734            -6.02125
8.42766            -3.75914             -6.6598
7.36133            -4.43303             7.89634
-1.51875            -6.75524             11.7334
9.48061              5.9257            -4.18484
1.81572            -5.63128            -8.00866
9.0359             9.80743            -3.82416
-2.80751             8.07275             1.49171
-3.34585             1.35948           -0.597406
5.3543            -7.78256             5.48191
-3.49582             10.5963            -5.84262
6.63708            -3.38036             8.63069
0.881799            -6.42322            -5.34496
-8.50776             2.81616             0.46578
2.09202             4.26765            -5.38207
-0.910806              10.375            -2.35038
-1.22974             8.58051              9.2625
-2.07978              9.0715             9.99885
0.958037               10.25            -7.86305
-11.3858          -0.0180537              2.2248
9.24708             9.42346              5.5577
-7.22443             3.35534             5.45451
8.34747            -8.37851             9.24959
-10.2583             5.38177           -0.306174
-5.58752            -8.78012            -7.65408
-9.44821            -1.44211            -2.13788
4.56724            -1.10834            -7.56673
-10.7132             8.81274            -6.66003
10.1824             4.37153            -7.34402
8.5583            -4.07136            -0.28257
6.47365             8.76262            -15.4356
-6.33815            -1.06867             -16.775
8.76163             8.97278            -10.4244
-3.32276            -7.70012            -17.4389
10.022           0.0933814            -3.32559
8.51721            -4.86963             4.27589
7.24941             8.67495            -8.34492
2.29721            -3.70084            -2.98443
8.53855            -5.22993            -5.85723
-0.685068            -6.20123             2.53925
-6.11097            -4.32642              9.4653
1.02334           -0.803643            -7.81812
11.0291             2.85176            -6.83314
-5.40467            -5.85291             -1.0489
4.91242            -2.54077             10.0012
1.62605            -5.91701            -6.36626
-3.08496             3.19922             8.23976
-2.76238             1.49642            -5.64663
0.226885             1.93624             5.71176
-7.06352            -3.02452             1.02963
8.33558            -3.15977             1.31132
8.75598             0.88348            -5.56714
7.82734            -1.94564             2.97184
5.2138            -3.21894            -1.61176
7.60963             6.76351             4.26951
3.99666             4.91434             7.91206
-0.573479            -9.49419            -1.14555
-6.58703             5.29165            -0.19918
-1.30127            -5.95761             9.60443
9.05344              2.7695           -0.930166
-7.1791            -1.11561             9.79738
-8.56952            -6.41766           -0.343926
