-11.4713             4.10232             3.51574
0.306655             7.59896            -60.2178
-37.0879             1.63634             9.26303
-19.7343             8.79938            -14.1074
-56.2262            -69.0761            -4.92933
-24.9187            -7.24026             12.2437
-5.27297            -5.06367             2.10894
-23.4366            -11.3577            -6.01815
11.9906             13.1827             5.01156
-1.293             8.23231            -3.73346
3.62852             4.79403            -7.11285
3.96289            -38.5068            -5.67935
-29.4449             4.15777            -1.03514
-9.37674            -8.17975             3.58867
-8.416            -0.71615             7.35733
-6.14353            -30.6692            -1.60135
-23.229             3.25838            -3.87392
-9.03987            -20.5763             5.48214
-52.0755            -3.82317            0.230158
6.73183            -46.4023            -1.93934
-17.3346            -12.9494             11.2546
-17.1032            -6.22718             11.3559
1.95891            -5.64429             11.0735
0.935964            -48.6935             -2.1307
5.82561            -9.18921             -8.2962
12.2877            -11.4883           0.0596422
-57.9738             4.40818             10.2577
-4.29484            -51.2819              4.8287
-9.71969            -9.66034            -6.39977
-6.7374            -21.9679            -4.07442
5.99473             4.95036            -5.34098
12.7845            -31.4322            -12.4364
3.41893             12.9823            -32.8152
-6.60646             3.26808            -80.1742
16.268            -4.49215            -39.6439
-11.0869            -3.99725            -53.7264
-31.7245            0.282838            -6.08945
-11.267             7.50844             3.46585
-78.2655            -7.80446            0.258304
-24.2639             8.92402             11.0112
-7.98082            -5.19231             4.29441
-6.21288              4.7664            -2.63494
11.476            -7.48792             5.69524
9.02879             11.2905             11.8124
10.1937             5.04449             9.36486
6.24672            -2.89888            -4.88853
4.33587            -7.18651            -6.04785
1.87119             6.90207             11.8246
-50.0187             7.83259             4.89985
-10.7222             10.5694             3.86196
-12.3054             4.17216           -0.604258
-30.445            -3.97477             9.12218
-3.92588            -6.07048             9.25487
-0.872325          -0.0278922            -6.03373
11.4221              8.3044             11.1202
-3.4724              13.591             6.64024
-21.49            0.439215             12.5423
0.578237             6.62168           -0.350422
7.89601             8.00495            -3.74421
-17.5292             12.2947             10.0975
-32.0647             10.3146             6.81966
-5.59097            -3.08406            -5.13821
-45.058              11.056            -36.6466
-16.2714             9.51128            -2.88856
-8.96504            -2.58155            -19.7013
10.4355           -0.358206             11.6147
7.00714             -4.7594             4.17678
5.67725             10.2714            -22.1075
-27.0492              10.971             3.43369
-20.1322             4.80507             2.56976
-82.567            -5.98481            -5.27636
-34.6598             10.6453            -4.82789
-23.0476              11.887            -1.65871
-4.90172             9.99315            -7.73251
-42.6658              8.4083             7.90343
-14.0343            -3.08883            0.666398
-50.4217             3.91868             3.94776
-26.8742            -6.60933             1.76098
-6.14798             9.36127            -5.84146
-18.2295            -7.37979             -1.6268
-30.0963             4.48085             1.54152
-19.8039              3.9026            -5.59572
-65.544            -4.76083             3.85599
-31.8344             4.84377             3.48044
-6.09733            -5.01048             6.89016
-5.42525             3.79902            -5.93685
-60.7367            -1.92579            -7.04011
-1.48386             1.77339             -5.9793
-6.89557            -7.21727           -0.592474
-7.39053             3.74902            -3.80889
-60.5629            -3.38121            -3.52463
-14.0322             1.88165              4.6703
-41.274             9.25334            -0.67795
-37.8905             5.69033              4.1636
-8.65323             8.61595             4.42342
-20.2802            -9.31098             2.25579
-53.9102             5.74964            -56.0852
-12.5663             5.64384            -69.2942
-18.7758             5.46145            -15.7917
-9.5022             4.95899            -30.0872
0.561844             7.61548             11.1389
1.50795             -3.3513             15.0383
-55.335             4.17686              3.0929
-21.5748            -4.87185            -1.18749
-49.3635             -5.0268             4.24021
-18.4232            -3.86018           0.0483812
-11.969            -1.46102            0.924263
-20.87             1.82859            -5.90344
-33.0955             9.44474             7.72409
-14.5198            -1.00445             9.13427
-59.404           -0.525613             7.80262
-28.0578             7.70718            -7.52395
-47.37            -4.37254             7.19411
-33.8584             2.54627            -3.25661
0.182506            0.020733             3.38252
-28.6236            0.257105             8.80652
-42.5284            -2.75116            -3.03958
-11.9086              12.741             5.30768
-5.51875            -3.49574             8.34549
-30.7364            -4.86826            -3.76389
-38.3371            -1.38176           -0.749906
-18.5191             4.44491            -2.13174
-5.99528             4.56158             8.78652
-36.5019            -5.60776           -0.804265
1.78841             7.19968             4.81858
8.25072             7.02266             12.7521
-51.3077             8.89081            -7.36251
-36.9255             3.57996             6.05618
-53.6913             6.46288            -74.1258
-13.3867            -5.21414            -6.10101
-66.3403             4.23949            -16.0754
-20.8885             2.80622            -32.4423
-25.97             10.4678             4.52584
-15.7595             1.72449             8.72889
-46.9022            -4.90094             3.85691
-28.0983             8.56752             7.23798
-33.5655              7.3185             11.4036
-28.1107            -2.20067            -2.33418
-72.7559             1.87967            -1.91259
-28.7547             7.82429            -2.36866
-19.7198              -6.173            -1.15648
-1.87491             4.50875             1.34531
-48.7722           -0.989979              3.5755
-25.6516             5.96913            0.204927
-44.8652           -0.475324             10.5324
-27.9431              3.2438             6.62374
-0.650845            0.591867             13.8896
-15.3865             5.19134            -5.75048
18.1682            -7.54697             -6.4896
-4.9716            -1.10993             10.1398
-82.6413            0.515176               2.884
-6.71943             -2.3345            -5.87464
-18.907             3.64896                3.23
-18.1113              8.4052             5.51605
6.74038            -2.00725            -3.21997
-7.01714            -8.57755             10.9195
-1.96091            -6.75316           -0.754604
10.6343             3.07253            -5.32681
-7.29727             10.4083            -4.89363
-30.12             7.45512            -4.96633
8.51599            -2.56568            -16.5381
4.88189             6.83037            -49.1362
-47.2832             -9.5832            -7.50998
-22.6952            -8.57957            -32.0572
-36.0606            0.019295            -7.23513
-36.0211             8.70555           0.0775874
-48.3331              3.6181            -2.96577
-49.558            -5.07837           -0.346706
-47.2698            -8.02497              11.534
-20.8554            -5.54654            -4.63566
-2.90211             5.20997             6.99238
-17.9805            -4.29523            0.643979
-33.8462             6.83691             10.7477
6.85479             6.26772            -1.41469
1.9591            -1.16593            -7.48391
-23.0139             9.31645             2.63035
-49.2914            0.256832            0.898196
-5.75307             8.56059             3.47085
-8.55217            -6.69611            -2.68067
-12.0157            -2.25923             3.30281
-10.5843             7.79378             4.65531
-3.73434             3.94523            -7.94879
-67.1594            -1.26655             5.03156
-38.3153             3.01866             11.2118
-26.9082              5.6019              9.8071
-13.4786             1.38266              5.7684
-65.7866             5.03944              8.4283
-11.5041            -8.69126             7.67251
-12.9873             9.13174            -1.01991
-10.9228           -0.581756             1.97911
-42.491             2.00754            -13.4807
-13.3356            -6.38791            0.119611
-18.3549             9.98956            -24.0426
5.78368            -5.10425            -41.5961
-57.9448            0.485876             8.93492
-22.7348            -4.26282            -36.3936
-45.3443             10.1633             5.19559
-35.7467             -6.4088             14.3653
-4.32798             5.17635            -4.31882
-36.6062              8.8508             10.4166
-17.1273             1.90588             9.21021
-0.94941            -5.43083             12.6301
-0.182642             10.1198             1.20246
-2.42008           -0.302246            -5.21049
-28.5391             6.46184             1.32707
-13.1385             5.45789            0.622731
-63.8403             3.50454             12.0604
-20.686            0.302139             5.60208
-31.8454             4.57099             2.69305
-32.7452            -2.23451            0.429467
-46.5433            -1.53471            -7.50717
-33.7168             7.82964            -6.70845
-30.6642            -4.24977             8.84846
-26.4053             3.88987              1.3387
-45.5602            -4.72487             -8.0131
-42.5057            -8.53432             4.75483
-37.369             0.36162            -2.59584
-28.583            -7.64912             9.95556
-57.0665            -5.87529            -6.43977
-36.3029            -8.45736             6.34739
-47.3778             8.08647            -6.40552
-31.5819             5.72245            -4.60833
-1.0289             2.72795             7.95877
-32.9791             1.40566            0.521725
2.14468             9.85655            -19.1879
-2.02732            -16.6393            -40.3238
-47.5543            -7.03221             -2.5094
-33.7136             0.26735            -38.5689
-24.1458             3.00529             11.4428
-37.8405             9.00231             2.34939
-44.3815            -12.2585             -1.3105
-18.7256            -8.19016             5.17553
-20.7573            0.811596             11.5257
-9.10393             1.10519             3.00117
-41.7671            -8.44373              9.0432
-17.2004            -1.73482            0.412073
-25.5236             2.99518            -4.70172
-15.3126            -10.3952           0.0603882
15.8862            -3.17425           -0.297939
-8.35836           -0.537637            -2.48398
-38.9643            -5.09444            -8.15998
-7.61212               4.793            -3.06197
-34.5248            -10.1551            -5.02903
-40.8348             11.4331             2.88997
-37.2679            -4.11718             5.26778
-34.7249             -4.1011            -1.20493
-31.9489            -17.7649             4.38129
-36.6945             11.3172            -4.06435
-29.4362            -6.70696             5.84188
-36.3989            -1.94643             10.4041
-47.5979            -19.0074             10.7608
-42.9288            -1.51689              12.042
-17.6765            -7.49412            -3.81408
-3.45752            -5.00456             5.77337
-18.3111            -3.79581            -2.80502
-19.0558             8.41514            -8.65704
14.8671            -25.1184            -38.0235
-1.77922           -0.496211            -55.3873
10.5927             11.7248            -20.8468
5.21955             -43.771             8.03934
8.26269            -26.8817           -0.301818
-3.39731            -30.7623             14.5315
5.60816            -2.92517             6.74202
9.50024            -46.9556            -2.85213
7.71329            -43.7543             7.02019
7.32539            -22.4293             3.53051
5.47361            -28.9864             10.3572
1.49621             4.16772              3.3468
8.90133            -48.6625             9.15419
-2.80412            -17.9625             12.8528
0.057469            -29.6012            -2.28187
-0.268611            -9.11937             5.16904
5.13496            -33.0451            -3.70212
8.2241            -9.32691              5.6121
14.3277            -39.3343            -7.55178
8.03706              -46.29            -4.93533
6.45203             -36.603             8.01484
2.0237             -28.269             11.1033
2.02171            -29.5212            -7.00615
3.18694            -44.8406            -6.39846
3.4411            -40.0834            -1.33879
1.35656            -22.1282           -0.321522
10.3865            -25.0826             11.3219
5.23746            -18.3318             4.71365
7.06779            -29.4733             5.08937
11.0874            -9.37017             6.34133
7.41937            -26.7262              2.2477
3.69377            -35.4212            -24.4786
7.71597             -2.2445            -26.7143
-3.84403             8.05861            -77.6266
14.2132            -3.92691            -43.3268
4.90716            0.848436            -37.4505
14.4165           0.0184161             13.0644
1.68636             2.26104             10.2733
16.1545            -3.47741             8.06125
2.69083             8.62509             10.1192
8.80454             6.26382             3.58457
-1.22654             1.88208            -1.53958
-2.81309             4.90411             12.5174
10.4596             9.43377             8.66795
8.52387             2.74093             7.51214
2.77127              -0.851            0.939341
11.1953             3.22193           -0.776185
11.0339            0.298379            -2.73162
7.41289             12.2317             8.57429
1.77209             7.89159             7.58439
7.05231            -4.35611            -1.87737
4.53085             11.8623             11.2532
10.4427             13.0636             1.93231
9.69531            -5.42713             12.4853
-1.83967             2.47175             4.80143
11.0196             10.2242            -3.78012
7.59349              16.684              1.9802
11.3478            -3.64294            0.203821
7.78779          -0.0648438             3.60444
9.58755             2.97307            -6.48758
11.9779           -0.177304             5.36235
5.33468              7.6739             13.8019
12.5072             2.82315            0.166973
-1.12243              5.3864            -2.35009
-0.541059            -2.99723            -27.1418
-5.97144            -3.37064            -69.9912
-1.16729             -4.7104            -28.2097
-0.640079             1.27889             -42.214
3.49437            0.619961             6.42576
0.518198             11.7682             11.7674
8.17919             3.03239            -3.02331
-0.385741             5.41452             2.10333
-0.226166            -5.90601             9.70927
3.14264             3.01753             10.1131
10.3696            0.241359             9.84586
1.16086            -1.34378            -1.20685
8.32909            -5.09212            -6.69183
-3.08291            -5.29298              -5.013
9.26631            0.973812              9.9155
-3.3692             8.93909             9.27183
0.554278            -4.38755            -2.82629
-6.35546              6.4521            -5.72459
1.63106             -2.5403             5.87307
7.67197             1.84746             9.61593
8.37192              8.1486             2.22128
7.79232             4.96898             6.81454
5.3328            -9.11808            -6.87227
8.10679             8.48309             8.14605
-5.21764             12.2175             12.4768
4.00566             7.36157           -0.594174
2.09667              2.1634             6.55867
8.75598            -7.44643            -3.88822
6.95317              11.732             2.63489
8.00741              4.5325             3.88058
5.41442             6.23422             7.28289
2.32237             7.24687            -5.12171
-2.10263             12.2832             -45.034
9.37714          -0.0773549               2.645
-0.366691             8.67061              -23.12
-0.924841             2.31537            -25.2056
9.68334              -6.262             15.6718
9.98901             4.18771            -3.67246
7.25627            -6.74962             5.10029
-1.47688             7.09043             5.37649
10.4297             6.81661             10.2164
3.76385               7.856             9.36382
2.69728            -7.68129             9.39024
10.3702            -4.70925             6.11797
10.7794             12.6564           0.0805185
4.25109             4.37282            -2.69788
12.6236             10.7935            -2.06278
-1.52652            -8.06488            -2.00433
16.4115             5.44513             2.92409
1.9583            0.942563             2.44981
-2.597            -2.60127             7.06029
5.96281             5.99288             -3.6923
7.61658             1.92635            -2.85278
2.30086             5.38844             3.97356
-1.25253             10.3311            -2.86779
14.7844            -8.79614             6.97803
9.54004             6.90558             6.89193
0.602352            -6.68773            -1.93941
0.875665             8.47753            -6.59147
8.06291             9.84982             5.80188
7.51103             11.9363             6.95838
-4.58406             2.55026             1.25689
2.45008            -1.40307            -9.54202
-0.291136             1.35087           -0.845249
3.94603             12.9643            -31.4847
2.67489             9.72059            -75.1513
9.48829            -6.35715            -6.63192
12.6337             4.71251            -21.5207
5.78766           -0.398561            -5.50172
-7.04177              5.6755             11.3732
16.3991             6.68643             8.38849
-4.93276            -1.82748             8.69451
8.13739             5.66474             11.2333
-1.52557             10.1724             6.98614
2.26691             9.21086             7.37082
-3.76488           -0.717472            0.892769
-0.203827            -4.42064             4.81848
3.75925            -4.15771             1.11716
1.38872            -7.72239             6.52104
14.5156             4.13672              10.412
10.7033             5.89769            -3.88592
11.7369             12.7723             11.9015
5.13536             1.93195            -5.49219
6.67141             6.92201             6.65482
4.93048            -5.54559             7.27631
-3.39454            -6.45922             12.1384
15.1886            -5.66863              11.463
-2.69776             4.83836              3.1079
5.25456            -6.37905            0.862772
9.13906             9.36142              2.2165
12.9357             9.13825             12.5933
-0.298568             3.17724             -4.7622
-0.450266            0.709987             1.89331
-4.69896            -1.63294             1.94664
4.54464             7.92045            -8.06775
-1.1335             2.60234            -2.87033
4.72344            -2.72664            -49.4406
-8.10081             6.38221             15.1936
18.9406             9.33393            -11.2227
2.95989             7.07487            -27.2177
10.3916             5.63363             12.6513
4.33409             11.0546             10.3135
6.57176             5.02944             4.84931
1.16977            -5.12882             3.84567
4.19762             4.45588             11.8479
1.9549            -1.52337             8.68488
9.8525            -6.14434             10.9883
5.76079            -5.09207             1.75921
11.4717              4.0525             5.41072
-2.87891             11.7835            0.353988
6.10978             5.64117            -1.63891
5.60025            -8.56813            -4.62278
16.183              4.0607            -4.45253
10.2964             5.02254            -4.76164
0.183475            -7.94697             9.17695
4.04207             4.46401             8.33888
-3.64953            -5.77266          -0.0841141
1.6574             5.55666              7.9073
18.3683            -8.09297             5.17066
3.26085            -1.36934            -3.88427
6.88229             3.73197            -1.13164
11.8234             -2.2435             11.6222
6.35857             9.59404             9.20617
2.88978            0.428301             5.24305
2.64346            -3.03547             1.21046
-6.96316             11.0591             9.23969
5.85783             4.88216             1.43641
16.0045            -1.00099            -1.78147
9.04017             10.1255            -46.9724
7.92042             4.01604           -0.150126
0.598377            -2.50601            -33.5421
13.8608             1.16801            -6.59076
14.9657             3.06178             10.8012
12.1249           0.0506561               12.68
10.9448             1.91068           -0.539105
5.883             7.54407            -1.63393
4.07385              8.1884             1.59515
5.0507            -5.90126             1.58567
7.54042             -7.0638              6.9308
-3.21922             7.72954            0.103496
12.5748             8.97253            -4.40615
-0.865361             1.90889          -0.0443477
12.9686             -8.1491            -1.50545
-2.10064            -2.37588            -1.30167
11.84             10.8336             8.36647
0.836096             11.7434              5.9499
17.2309            -4.36055            -5.84328
1.64473             1.52908             2.50778
2.55806            -2.73182             8.14116
3.86909           -0.263528            -1.76553
4.53354             6.82778             -3.4153
6.4814             3.99739             6.76989
1.24501           -0.701243           -0.616921
10.5104              3.3349             3.76047
12.7374             1.46716             1.37477
9.38949             8.70662             2.85671
3.80391             5.19305            -3.34949
-2.35884            -2.64983            -3.58755
4.96324             2.68549             4.09316
3.60072            -10.2565            -7.99715
10.1108             9.54516            -45.3084
10.6319            -1.27577            -17.7489
12.6762             4.24211            -31.3214
-0.501959             1.96758            -4.82387
13.6494             6.17804             4.68262
-2.28475            -20.8495             3.98594
6.38585            -10.0879             -3.4561
-2.57566           -0.809686             12.9234
12.6945             12.2866             2.99985
3.40022            -9.65386           -0.700597
2.41155            -2.34057            -7.16422
11.1573            -4.44558             3.69277
6.88302             3.35428             10.7476
-4.37848            -24.5428             9.92518
13.4726            -1.01264            -2.44322
14.9126             9.79042            -0.96251
-0.788878            0.377952            -4.88185
4.65413            -11.5294            -4.86853
9.91736             -10.721            -4.02991
2.02692            -0.98837             11.9534
11.7184             12.2838             5.96548
12.9074            -4.17921             6.02491
0.15059             3.96314             8.07647
5.61749             6.14714             10.9349
-0.526107             3.02554             -3.5522
6.26196            -13.3937            0.616312
3.2195            -6.38557             10.6401
2.52936              4.1059            -2.39015
11.3212             10.9348            -2.28549
6.65573            -16.9652             2.92922
3.2067             4.88868              6.2709
4.85142            -7.35019            -20.1943
5.47039             -34.704            -3.78853
-6.76426             1.66832            -74.4457
2.67291            -34.9359              -35.88
6.46061             -10.044            -20.9368
-4.07492            -30.8864           -0.599782
8.67868             5.37195             6.75303
10.0471            -11.3587             -2.5556
8.35135             4.34793            -5.33369
7.9828            -40.4519             5.16449
5.39358            -5.87249             6.61072
4.63487            -12.0405           0.0929573
-6.98179            -10.5655             4.21414
6.89188             2.73397             4.82837
5.97292           0.0614261            -5.97395
12.6413             12.0611             7.69401
5.95335            -72.1357             -7.8506
2.16856             -36.041            -0.53225
4.00713            -10.9092             6.63218
5.61947            -18.2075           -0.507633
0.246858             17.3553             4.97797
9.31486            -32.2234              7.4044
1.14408            -1.83152             6.71416
3.12843            -20.2838            -6.30006
-4.78954            -44.5522             4.88687
11.3531            -35.6183             4.84128
2.56851            -23.0177             8.08076
-4.01425            -13.4083             -5.1022
6.28843             8.68053           -0.579747
0.884572            -21.6251            -4.76964
4.9309             6.18807            -4.49446
1.92013            -13.7017            -10.5518
-1.29302            -15.6703            -26.9172
-0.905447             15.2901            -45.7172
-5.65962           -0.216493            -84.8325
-3.73042            -3.69553            -32.7729
-4.35849             9.36977            -29.0026
10.3432             8.78441            -3.07382
0.614313             3.34085           -0.482191
3.33792            -2.07208              -1.085
10.4664             3.69998             1.25109
-4.50051             2.96197            -6.81786
-0.753919             4.42058             2.33581
-0.515978             -6.2277             1.38626
6.17663             7.57782             -5.6697
-0.681679            -2.79971            -6.15749
5.77578            -3.02125             10.6516
3.71132             5.28267             8.39074
4.67448             13.3015             12.2812
5.86171            -5.19179              9.0422
-2.06864             9.72431           -0.519078
2.12844            -4.00207            -3.96388
0.286128            0.308609             10.0729
6.32559             3.30259              1.5686
-1.8378            -3.57123             5.73152
2.66537            -2.22231           -0.196964
3.89358             3.14179            -3.57224
2.15818             4.27087             4.79746
-5.00223             12.7691             4.28276
13.7358              1.9022             8.19676
-4.94587             8.59314            -1.38914
1.61321              7.6379              9.3176
3.16032             11.3948             3.16806
0.138978             5.99881            -13.3008
14.2477             7.59022            -5.45332
2.47744             4.31714            -52.0388
-0.328844             -4.1729             9.07638
0.88916            -2.72438            -29.2965
14.1537             10.2697            -18.1263
-4.50693             1.81765             14.8163
2.82728              1.1019             3.60867
0.927635           -0.627876            -5.41148
5.07725             2.67653            -4.40077
9.82939            0.898211             7.16054
3.94378             10.1661             4.04158
3.69833             3.77881           -0.905885
0.481975            -4.42924             6.58563
-1.4322           -0.725831             2.10924
0.300243            -4.40098            -5.10846
5.85316            -2.88869             8.28311
5.48976            -7.22164             3.21788
5.36636           -0.510385            -6.77171
-0.872994            -5.96346            -6.21012
-1.03843             7.42536             5.34514
4.90112           -0.220011             7.98001
-0.565302              8.7114            -1.35987
0.986822             9.14621            -6.56247
7.87932            -3.38165            -5.05116
14.6643             3.98042            -3.86486
11.8101             9.10661             2.08111
9.20674             1.69205             12.5983
-3.00081              8.5155           -0.166133
0.239961            -7.01481             7.80008
-1.23554             2.96409           -0.597253
3.52946             2.38579             2.25064
10.5129             9.46812            -4.81317
7.79539            -6.76927            -5.45754
-3.35796           -0.155427            -32.1428
-4.41917             3.07566            -81.0604
0.563046            -8.71554            -14.5692
11.8809           -0.920891            -13.5667
0.294437             10.5474             1.64487
-6.56379           -0.805739             12.8556
14.2212             5.94209             8.72164
5.77881            -6.01066             6.12292
4.43369             8.88621            0.419913
7.94982             5.63574             8.80964
9.70627             7.80631             11.4145
4.45522             5.61381            -2.75855
6.48618            -4.46751             3.29352
5.60045             7.39995            -6.00944
0.84209            -4.69439             10.6559
7.82227             4.15914            -1.48374
3.4852            -6.04494             5.35214
1.59031            -2.83913            -5.23409
10.3628            0.834521             4.70966
13.847             8.57656              6.8006
0.891397               10.52            -5.00124
2.11049             3.16337             8.89283
11.0656             1.19834             12.4452
7.23334             10.5892             8.52287
2.51436            0.834657             8.93542
1.37437             8.06634            0.551389
-2.5513            -2.10495            -2.14567
10.424             4.72969            -3.94706
-3.30203             10.5427             9.18932
-5.0898             5.49846            -4.14069
-7.86805             7.50314             9.83147
9.84939             5.99993            -2.29971
9.25471              2.3321            -41.4405
-0.272898             -7.8508            -1.24263
9.12724             5.37805            -30.4303
7.35981             4.22716            -38.4699
6.15382             5.41375            -1.80772
10.0839               6.349             9.90539
12.4334             2.52855              12.774
0.591246             5.59906             8.62325
2.37676            -3.66015          -0.0758373
9.27323             5.40595            -5.92245
5.71835               -1.16             7.39042
5.27024            0.166429            -3.37882
7.23542            -3.04788             10.9381
3.40043           -0.681598            -6.94849
5.25249            -8.58847             4.34318
13.7714            -5.37418             2.38803
10.7429             3.57983            -2.45554
5.5089            -6.64166             4.98159
0.764639            -2.56674             10.4237
5.52664              1.2423             4.89854
4.78578             11.6825        -0.000376371
-3.52569             3.74896             5.81711
12.9337            0.422591            -6.14684
2.37551            -7.60426            0.128511
7.57335            -4.55052             10.7558
2.70466            -5.99803             8.53501
11.138             8.98715            -2.53772
12.2907             8.19646            0.509501
11.0058           -0.827577             11.4632
5.62904             2.00912             4.40187
1.38368              6.1173            -13.6517
14.6535             5.39719            -14.7926
-0.325163             5.54295            -38.6559
4.98995             11.4133             4.19979
-0.45366              5.2923            -5.78638
7.38569            -5.10347            -9.94188
-2.22169            -3.56555             7.20513
9.47259             11.4936            0.964397
6.00189           -0.151716            -6.63446
6.48491             1.56401             10.0017
-0.360791             5.05341            -4.66896
-4.68582            -3.44547             11.0226
2.92349             8.10779             3.92703
1.31745             2.01657             11.3082
-1.70833             5.58998             1.18306
12.5757              3.7627             -6.4627
3.56441              7.4728             3.08804
8.84863            -6.50376            -1.41121
8.17857             6.16047            0.990905
-1.51633             10.2781            -3.61696
1.65182             2.17497             5.45507
1.60905           -0.856229            -6.12469
1.55698            0.498713            -5.28886
3.15651             3.48943            -6.90703
-2.81111             5.49959             5.85011
-3.62575            -2.10696             6.79979
4.57086             2.07307             12.2725
2.2612             7.50142            -6.90158
5.71342              1.5178              11.487
0.122918             3.94726             8.48033
8.48689             11.4655            -3.35015
0.984373            0.906729             10.7901
11.6511             10.8075            -16.4563
8.24159            -4.49797             6.99976
-5.09116             9.06917            -15.8034
5.35574             4.02179             4.83184
12.6648            -3.77358           -0.049196
-3.08192             3.77743             2.02527
-5.69559             7.29712            0.586281
-4.74402             9.80415           -0.531711
-0.646476             4.64974             11.8691
12.2953             8.20663            -3.88345
12.7874             2.31579             3.50741
5.82908            -6.26633             9.11066
-3.97234             -8.2906             10.5003
14.1283             7.84207              9.9085
10.5395             7.68904            -4.09961
3.31404             5.97284            -1.89711
7.38979              10.693             6.30418
-3.02725             6.07563             10.5161
-1.24853             3.36294            -5.53771
7.96621            0.836724             3.71621
6.29014            -4.69878             3.28554
9.50534             7.67346             9.15217
6.62392            -2.31545              12.751
3.57664            0.245575             7.86128
-2.29621             5.78441             6.30151
6.95563              5.9695             4.54507
4.21595             11.9672            -3.53514
0.0418502              2.7869            -6.15801
10.3869             6.16845            -6.26809
3.80241             8.99297             1.12893
-6.7866             9.33031             13.0501
12.0192             5.41028           -0.669309
-1.79151             10.8634            -20.9764
-1.2232             2.31713            -13.2706
10.2785             14.9143             -16.267
-7.96341            -3.48789            -8.28967
12.6043            -3.01898             9.85359
7.09713             2.84856            0.589312
3.13752            -2.06913             1.04618
10.636            -22.0328            -1.88213
13.3166            -5.77851             9.50324
4.32564             6.82569              3.3889
3.61793            -4.39173            -6.47584
13.0316            -10.5043            -6.59542
2.85272            -11.2998           -0.175836
10.0247             3.46113            -5.37062
5.41128             7.11994             10.4939
13.5832            -8.14795            -1.13586
3.01689             1.83663            -2.92581
0.39492             8.11285            -6.41025
-2.88624             8.48258             7.15571
-0.421863            -18.0666             12.7969
8.77728            -6.36428            -2.83141
5.61182             5.52278             9.62672
-5.06786             12.6447             5.36585
2.76102            -1.65758            -4.32932
1.7368            -8.54036            -3.34707
-4.17196             6.34728              7.7946
-1.18277            -5.13261            -4.80991
12.3531             7.83904             1.85121
5.72161             1.41258             5.14796
-3.9157             4.41414            -5.14052
-3.86312             9.13588             10.3449
-0.491926            -10.4624            -5.48729
10.2213            -6.89078            -7.07983
6.03264            -6.65461           -0.479281
2.84594             -42.004            -30.4806
9.68031            -7.40682             13.1656
8.49651            -12.9304            -7.47268
-2.62019            -26.6956            0.833494
4.55736             -14.263               12.09
-4.34985            -7.62255             10.1416
7.32278             4.98426             3.04361
6.10283            -43.9431             1.59081
9.94946            -30.4126             6.85598
1.64804            -8.32867            -5.62344
6.25527             4.67774             2.06054
-6.52841             1.83242             12.5504
7.4885            -28.6781              7.3236
1.01511             2.21558             12.3766
-3.1478            -13.7576            -4.05748
3.14718             6.15009            -1.63498
7.01749            -22.8069             4.83123
5.58131            -4.40511             11.2462
-3.32321             2.51285            -7.84871
9.69764             3.71069            -2.87407
-4.36731            -51.3211             8.22582
8.19956             -18.241             2.91563
-1.95481            -20.8361             8.88768
-6.87791            -4.33198             12.8334
3.86456            -27.9498            -2.82306
2.97101            -20.2031            0.719053
5.99472            -2.96285            -1.21879
11.9408            -46.3014           -0.504518
-4.99838            -36.1204             11.0313
6.41913            -28.3488            -1.40465
-2.00687            -25.1973             -2.0394
-6.76155            -10.7995            -34.6118
7.32587              5.8241            -33.5866
7.78942             2.56252            -77.6236
-1.70447              -8.607            -50.7155
11.858            -1.06533             -28.255
11.6223           -0.769261            -1.75092
10.4263           -0.971754             12.5573
6.61788            -8.00025             10.3004
-1.18405             12.6186            -2.48625
10.1445           -0.678563            -4.51157
11.3164             5.07152            -4.69727
11.7072            0.139788             10.7281
0.456508             9.62648             4.16791
11.16             -3.2076            -4.89432
6.73475              12.927            -6.01915
-1.47626             7.71002             5.10135
5.93497             1.90569            -2.09018
9.07455             5.09652            -1.61024
9.05588            0.242447             1.94668
8.44375            -5.59126            -6.53646
13.6775             2.67412             9.34565
-0.972538             6.57561            -3.09885
1.99766             9.16455            0.420856
9.85477             5.03936             3.55354
-3.26315              1.6006            -4.11769
0.752516             10.0749             1.42744
5.6961             5.60137             5.91888
3.02427             1.66575            -4.48482
8.4799           -0.179747            -3.84284
4.97249             6.15363             9.13538
0.165259             7.53606             -1.9277
-3.023             5.25308            -16.3555
5.90902             3.91792             2.28847
-3.97909            -4.74492            -45.8536
-5.77803            -1.38211            -69.2812
12.7312             5.35449            -13.7547
-2.88176            -4.58225            -24.3003
7.40058             12.1621            -1.42147
7.9518            -6.45269             3.12548
4.18916             9.31133            -1.18275
-1.6767            0.287249             3.97353
7.98479             5.62721            -2.27701
0.137832            -5.16655             8.33848
12.942             9.73306             9.29491
-4.27995            -1.16533             6.28267
6.37156             6.90298           -0.709068
8.17214             7.35084            -2.27117
7.56708             3.90132             5.13202
13.5123             7.66327             11.9295
-6.67682            -2.86056             1.30894
-3.42043             9.88302             5.48548
4.13973             10.6129             11.4305
13.6317             3.75735             12.2857
-6.76868             5.78742            -1.74995
2.77983           -0.223742            -5.08907
13.1725             9.67233             1.69125
7.49093             7.08447             9.67317
12.6345             6.93208              8.3098
5.52489             1.93806            -5.29035
12.6621            -5.68081             1.91941
4.38993             9.43184             1.86692
12.4503              8.5875             3.91978
-5.8774            -4.97501               11.88
1.65237             3.75381              -9.415
6.74508            -3.42085            -3.90826
0.652651             4.07655            -50.8947
-2.16728            -5.83003             12.3781
-1.33953             1.07066            -26.5875
8.28036             -2.9251            -24.6866
8.8608             7.79666              14.791
0.96651             4.75044            -4.57957
4.59648             1.71066             1.80693
6.08367              6.8491             12.2132
4.14715             10.3382             8.76401
-2.62509             10.8771             7.52459
9.74457            -1.10235             10.3762
-1.536            -6.67974             11.7425
11.2258             6.77578            -3.98514
-5.22188             1.18767              3.8957
10.4534            -1.66078            0.152055
0.615113             9.72359             4.61862
8.16544            -5.35113            0.162028
-7.06493             1.99092             6.02876
-2.85054             5.39495             4.97682
4.98059            -6.05255           0.0408588
8.54679              2.8484             11.9948
-2.3882             4.74828             3.49614
7.75389            -1.32409            -3.98906
10.1535            -3.94091           -0.992175
-2.34547             5.68752             9.14907
-4.49374             10.2929             4.17525
2.09296            -2.93064             2.53641
-4.60125            -8.79208             12.1181
-5.88207            -2.09466            -4.50736
-6.24135              12.427             4.80379
-3.81752             4.79821            -13.1588
7.82565             4.64903             8.71239
10.9416              4.3823             -33.204
-0.679044             9.06585            -76.8616
-3.71425             2.64676            -17.8475
7.6927             10.5131            -11.8937
-2.99909            -6.80952            0.582859
10.4497              1.7757              6.5818
2.27295             7.06787            -1.82177
-4.07243            -2.12499            -5.85416
-4.42814             1.52294             2.06116
2.8829             11.6124            0.887629
9.28377            -4.21304            0.505916
-4.60962             4.06311             1.28477
11.0847             10.8269              3.4898
0.801387             3.22696             11.2628
11.7379            -6.29664            -1.96039
7.30092             -1.7971             7.12734
-3.76857             10.7078              1.4314
7.94646             11.9444            -3.77024
5.01722           -0.670425             8.18078
9.27218             7.10611            -4.35506
10.0324             7.02865             5.80177
-0.64175            -4.36055             6.09229
12.2709            -4.96609             4.68506
2.64662            -4.22165             2.90453
3.60528             2.67725             -3.9885
-3.19166             1.60626              1.7735
13.7318            -5.44998            0.874916
-2.97174            -2.36183            -3.26641
0.363952            -5.37968             4.19301
9.35534             10.9381            -4.26408
-0.236141             4.70203             3.98924
15.3878            -10.6962            -11.2425
12.0769             6.55931            -47.5876
-3.00299            -2.69012             -2.8902
14.6231            -5.81144            -4.91569
7.64803             7.55506            -26.9497
0.63378            -4.37293             6.89128
-5.01385             9.95744             6.62911
7.97212             7.60914             8.98509
8.56099             9.61633             7.33981
-2.74739             8.45323             7.04878
4.39211            0.112013            -5.28728
3.02639            0.743129             5.81998
5.65644             10.3729            -4.47541
6.5023             4.69192             7.60882
6.36673             12.1906            -5.39174
3.63889             0.10554            -2.29576
4.27393             1.99239             7.60654
9.88869             1.18106             6.71571
3.6075             1.82384             3.91029
5.88827            -7.03639           -0.757588
7.45121             -5.1987              -2.142
-1.97992             3.17813             9.93108
-6.53904             7.42433            -4.83169
8.404            -1.47035            -1.71137
9.23029            -2.56998           -0.902404
11.0122            -3.95638             5.68791
12.702             10.7299             3.40303
9.45609             5.01112            0.128487
7.73875             7.21377            -5.29476
-6.09465             11.2001             10.9292
3.53464            0.243938            -5.70251
-6.24334              4.7073             -21.584
2.71363           -0.382239            -2.69792
-4.63569            -2.15107            -20.1887
6.362            -4.15845            -66.9713
6.42468             1.94975            -8.92182
11.8511           -0.873657               -2.96
-5.5862            -2.17048            -6.05082
7.95678               2.916             8.98634
-4.29583            -5.23028             0.74738
2.69878            -7.88538            -5.27236
-5.71106             2.55158             5.66399
9.21873            -4.75143             10.9545
5.67516             6.51104             4.17242
3.72446            0.965813             6.15111
2.43419             8.28807             10.7066
-2.10677             10.4656             2.25754
-1.27504            -7.87318             8.28018
3.37005             6.22664             10.7123
2.63225            -3.09198            -5.74745
-4.89329             5.18411            -5.64383
3.19036            -6.72284           -0.155683
9.13365             4.87096             2.92712
-1.91076             11.1156             3.50953
6.25017            -6.22957            -2.30574
-0.625466            -5.32777            -6.97743
-0.656232             4.75552             2.86627
3.3689                5.43            0.593009
3.97891            -4.37695             9.24913
11.8987             5.14852            -7.01643
-4.7821             9.82298              6.2436
5.0043             4.82211             7.43906
10.3419             5.38566             7.61418
9.56732             2.67119             9.31995
6.7941             2.49373            -13.9356
2.13808             7.76459            -42.3327
-1.11377             -1.8933            -24.9319
6.70261            -8.77253            -24.7302
6.59633             -2.0199             -20.496
6.00678            -1.19371             7.60166
12.2092            -9.73876            -6.92963
-0.137142            -11.1709             7.19302
11.4474             8.02147             10.8518
-6.05883            -1.05754             9.36778
1.23988             4.99751             4.52194
1.64333             5.66789            -6.54551
6.57313            0.375245             10.9793
2.89866             1.27161            -2.86968
-1.94009             4.90154             7.45194
5.90748             -9.4414            0.616065
6.1645            -2.75602              7.3519
3.11789             9.29221            -4.84997
-4.63815             3.33753             8.06954
4.41599           -0.765291             11.6012
-3.69721             2.45248            -4.77018
11.2364             2.54123             3.11995
7.61829            -7.42872             8.77329
3.1273           -0.395286             10.0294
0.148147             -7.3119             3.23586
3.20947            -1.82796             9.41441
8.74744            -12.7641            -7.57214
2.78617             6.13967             3.64457
0.998677             5.82549                1.82
2.45269             14.0127             11.0142
-4.6814             4.71865            -6.26766
10.2021            -4.39575            -2.92721
0.1702             6.13931            -3.67734
10.2913            -24.2428            -20.2227
-6.97268            -1.47007            -49.4725
9.68405            -24.6421            -12.2829
10.8961            -55.3097             6.28944
3.86091            -40.8735             8.91348
5.57533            -20.0653             10.7891
-0.308927            -18.2089            0.703078
5.68643             3.45476            -6.43972
-5.45631            -30.6311             10.2559
4.03772            -17.7733            -6.80373
1.62635            -18.0458             2.59205
1.13915            -51.9339             4.67254
-6.47344            -26.7934             4.42124
4.47807            -27.6676             10.1913
2.41133            -7.11109            -7.09669
-7.58006            -39.8085             4.48606
3.98841            -33.6072            -3.81451
-5.12247            -36.8202             0.63197
-2.99569            -7.44502             1.58016
-1.15995            -38.3847             6.74656
-0.180342            -43.4785              1.4053
3.60607            -32.8908             11.7393
14.0801             -16.175             4.53371
-1.093            -4.79382            0.902302
3.99487             -18.006            -7.27369
-0.567563             5.65521             6.69442
12.7037            -12.5293            -1.51001
10.4011            -63.4857            -1.10394
12.344            -45.7176             11.7627
9.32717            -21.6487             -1.9265
-7.11942            -34.6466            -2.32089
8.12445            -11.0597            -12.6029
10.3443              8.0736            -34.8314
-0.916983             9.19853            -54.5336
3.01737             3.89391            -46.9796
1.40231            -4.12301            -44.2969
-6.14447             10.8193             9.75923
3.58603            -6.67457             13.2512
-0.126729             6.43194            -1.29729
12.9157            -2.79631             5.09522
7.33741             12.9214            0.395871
5.1735             1.22329            -6.32716
5.18777            -7.72247            -4.68074
-4.02647             9.13306              10.339
11.6292             10.0637            -6.81741
9.50447            -1.87832            -6.17298
4.25576            -2.81578             0.19555
7.15299            -3.99383            -3.46677
-5.85294           -0.999473             12.4003
-5.67247             1.48919             3.87586
7.75461            -2.81747             1.64547
11.2081             -3.1498             2.99581
10.62            -1.01628           -0.861438
11.8469              9.3433            0.667075
8.36244             10.0827             6.23795
5.96907            -7.09285             4.91727
-3.26415            -3.41487            -5.45814
-4.30588             -0.8214             4.38136
3.95335            -3.03322             8.77979
-4.24509             1.71263             2.48375
-2.42948              10.441            -5.17691
-0.553287            0.871612            -4.38289
6.03791             1.67627             2.94755
8.50259             1.67215             1.62316
3.57971             8.68718             -49.404
-3.53713             2.86494            -1.89825
11.1127             3.85148            -19.2103
5.02831            -5.99647            -27.2982
-1.25642             2.06784             15.1177
3.78735             3.10973            -6.83331
4.13362            -6.14006             4.56857
-3.47355             10.1004            -2.94769
-3.69186            -1.94964              11.152
11.986             1.60926           -0.555939
-4.41447            -1.30574            -0.56659
6.91781             2.06828              10.006
-4.06351             5.92211              9.7874
10.5232            -5.59621             5.91242
13.0962             3.03533            -3.43343
11.2112             -2.3772            -3.67005
9.98688             10.8129             12.7142
2.79677            -3.67544            0.050652
3.46368             7.44873             12.8492
7.67594             6.01494           -0.688717
5.82747             2.58471             3.24995
-0.415783             4.40725             6.36151
14.1473            -6.76164             -5.1961
-0.362749            -4.72801            -6.45026
-6.525            -3.56046             4.96442
-0.863936            0.362528             5.53775
10.6501           -0.755293             9.49219
10.2649            -8.30272             11.7629
8.87603            -6.55371            -3.63786
6.05434            0.254803            0.247425
1.5813             1.39686           -0.849109
0.271836             3.74151            -1.85256
12.5047             1.32992             -38.592
-2.65906             -5.7395            -6.94168
4.97885            -6.63389            -3.12344
14.3981             6.95646            -6.52184
-2.66908            -1.52937             2.70498
11.3176            -1.56315            -4.69334
0.472343            -7.68874             9.79004
3.9333             3.44297            -1.46212
3.14018            0.946276             9.27736
8.92923             -6.3742             9.40486
6.64706            -6.26577             1.07485
12.1487             3.31309            -3.62218
-3.05178           -0.357989             1.44556
1.64793            0.989087             8.44089
-0.580286            -3.78599             11.4034
9.51646             5.12571             2.23278
1.29842             7.10081             12.1725
3.4717              9.0201             12.0905
8.23904            0.152126           -0.971831
13.132            -0.62308            -3.98818
12.7063            0.898194             10.9529
10.3201             8.84373             11.6768
9.95893            -7.86299            -3.74966
7.26179               4.161            0.534224
7.95883             -6.9951             6.36891
6.23581            -1.99938             -2.6422
13.809            -3.01371              7.2757
14.1195            -4.18301              6.7542
3.64699            -1.77058             4.01571
7.21616            -6.96587            -1.75518
12.3666             2.58346            -5.81634
1.53241            -11.1913            -12.0288
-6.40411             6.44632             -35.254
-6.24297             2.14289            -69.7577
7.45798              3.5171            -34.0192
8.20011             1.89114             -16.074
11.0965            -5.54431            -3.85306
7.87872             7.14165            -2.10096
5.80242             3.98377             -5.6805
12.4276             6.61202            -5.89067
-6.82837             1.90295             2.26405
12.1966            -1.78682              10.364
-2.3593           -0.464242             9.77388
4.6967             8.61167              4.9277
-0.617384             9.64778            -5.27395
-6.55958            -3.27284             1.84004
-1.97092             6.24261             5.65329
8.76741             2.05593             5.38105
11.0322             11.3646           -0.807516
2.89757            -4.35024              9.3295
-1.42382            -8.37766             3.59604
-1.83477            -1.41835           -0.175877
9.45619             10.8747           0.0349986
1.22672            -4.44681           -0.808817
7.04026             7.06921            -2.46049
4.55779            -1.72007             8.56006
10.6001             3.93762             10.6098
-4.82714            0.114303             1.75995
0.546182            -5.78209            -5.44257
5.71998             9.28935             5.46532
7.78822            -6.51907              3.2514
5.2542              7.6376             12.4896
2.72311             9.97321             7.80946
12.2631            -4.51118             -11.649
-2.97365             3.89307             -44.577
-5.39122             1.05485            -8.87773
5.6427             10.2726            -4.77221
-2.16577             8.72557            -20.8448
5.77129             11.7956             11.7088
11.9236             5.08416             9.80194
-2.70199            -4.62385             3.20712
8.5558             -8.0753             9.52255
-6.74635            -2.65403            -4.55965
9.17305            0.430942            -6.97461
1.33046             9.89154             0.13661
-0.992128             10.8131             4.66282
5.46835            0.767872             2.59264
1.90205             5.65018           -0.222375
-4.55085             1.77745             10.9958
0.259846             10.2769            0.189057
5.51601              3.1515             4.75416
2.91449             4.96879            -2.17498
-1.58019            -1.01134            -5.47675
6.87512             6.17432            -4.35629
-3.37296            -3.26203            -5.57751
5.21404             6.01056             5.57408
9.36598             6.39085            -2.88624
2.27551            -1.25684             -7.0712
0.983093            0.115721             5.65407
2.52794             6.59602             7.85964
8.65048             -1.9219             10.6676
-4.70259            -8.23981             6.79939
-6.35932             11.7331             3.99962
-6.56032             11.9091             9.12211
5.60179             9.38848            -14.4275
8.38576           -0.583251             2.79459
-3.70765             1.69497            -39.9156
3.3992             4.71113             6.65256
-4.30301             -8.9613            -15.5077
3.79874             6.37207             3.29111
8.27175             8.62345             2.56099
-2.44887              1.8965            -4.01422
10.3702           -0.801629             4.41526
-4.51157            -8.70688            0.598762
7.91154             -5.2647             9.39026
-3.46029             5.73054             2.15361
-1.4351            -0.61542             6.69899
-3.25122            -4.22673             8.37341
4.63678             1.55114            -5.44881
4.11668             6.11532            -1.20149
1.67408            -8.22695             11.7184
6.52873            -1.66026               11.21
4.11576             11.0991            -1.88398
-1.06674            -5.49848             12.8653
12.395             5.90815             8.30358
-0.967659              1.9176            -2.54138
-4.43047            -5.51175             8.87718
5.80434             4.30017            -6.46001
-3.97546            -2.69104             7.33464
-1.14481            -7.47733              5.5819
0.076259             10.3893             12.5236
-3.13953             2.50226            -3.57885
-1.27833             2.27624            0.516408
8.95688             9.86542             11.3967
-7.04679            0.377687            -5.64075
-1.06693              7.2419             -5.3475
12.8222             11.5934            -3.42212
14.1906            -2.94107           0.0137941
11.8561             12.7567            -38.1232
5.33028            -9.73222            -17.0514
1.21627             -3.6526            -14.8501
-2.7246            -3.79181            -17.9108
-3.77122             6.77885            0.748239
9.81112            -20.6183             -4.5516
-3.35284             6.04432            -4.29182
13.7524             -1.8521             9.20736
3.90635             3.32011             3.02036
-5.08761            -17.2619             0.28352
-6.93896            -9.58621            -2.16979
14.7192            0.258286             7.30258
7.69141             3.39191             4.09896
3.03755            0.881684             8.44203
2.74621            -12.4368            -1.47514
1.42983             3.67346           -0.129273
2.29465             4.34384            -4.17796
11.6913            -11.6472            -6.43705
1.10982            -1.95737             2.31836
5.29486           -0.666569            -2.87863
6.55108             5.05277             7.96115
2.17351            -15.1252             9.92196
-2.47067             6.87183          -0.0197384
3.28198             7.58835             11.0052
-3.06764            -2.90051                4.69
5.31825            -17.1997            -7.00426
-6.36576            -12.1885               4.136
3.3724            -1.43351             10.9949
10.9809            0.755882             9.39934
5.90436            -20.1575               13.88
4.27857             -2.6759              2.1862
13.5882            -2.16648            -17.6567
-2.07939             -27.746             10.5567
0.173256            -14.5114             8.05314
-2.42969            -32.3277             -21.675
-8.86091            -55.4654             3.00652
7.32362             -33.355             5.39807
-4.47757            -18.0222             11.8927
-4.46886            -6.66029            -2.58394
-6.41003             7.27726             9.52413
-0.279771            -23.1464              5.2554
12.3789              10.756             9.75542
5.78522            -7.89813            0.411683
3.75224            -47.2668             3.01689
4.39024            -38.3873            -2.42944
0.419593            -17.6308            -6.52874
11.8462            -21.8086             11.7161
4.63024            -35.9289             8.50651
-3.73864             -26.816            -3.58097
6.45256            -29.4294              8.1607
9.53563            -28.3914           0.0774821
7.31712            -47.6452             9.37992
7.7578            -32.2379             4.65002
-6.57441            -23.8229            -2.74634
10.0004            -1.69499             4.40981
-2.70387            -52.5408            -5.56404
-3.34874            -37.4565            -4.11845
-2.56001            -2.58607             11.4456
-4.03118            -21.3924            -4.95211
-7.77162            -41.7648             7.62122
5.28237            -36.0574            0.184509
-0.531519            -19.7508             10.9294
3.23843           0.0337409            -7.09725
-0.022338             5.84957             3.73819
-1.89136            0.605383             -47.181
3.12466            0.347997            -5.14281
8.2528            -2.03015            -25.6926
-2.18204              11.213            -20.4981
-4.32434             8.59734            -1.04959
-2.79674            -3.42112             7.08075
5.71339            -6.23431             5.98395
0.184384             2.65365            -2.86205
-4.62125            -4.99594             6.59022
-6.21428            -5.95643             12.2008
0.104945             5.30547            -6.52942
13.4017             15.0468              3.7704
-0.727326            0.251486             6.41782
7.7353             12.0521             0.73502
2.27137             9.10044             8.20895
-2.49486             3.37989             9.86108
-6.57977             10.3588              3.0806
-2.85903             4.67612            -4.55689
14.2807             1.14406             1.82739
6.05298             6.08444             4.68762
-0.916735             5.22542           -0.475726
0.157244            -2.92961             8.78361
-1.55192           -0.833178             2.90423
1.52226              2.9081            -2.47612
4.50923            -4.30441             4.06097
-1.81923             4.52634             3.29369
0.0591719            -3.13455             12.2891
5.61462              6.8212             12.0855
-6.76242              1.7442             10.5423
9.19626            -6.71076             5.65983
0.895029             5.92499            -2.61773
10.3115             5.08499             7.83657
3.41166             8.21465            -26.5428
1.91907            -5.82053            -68.0015
-3.15773            -3.75976            -38.8672
-2.16389             3.43453            -34.0936
-2.4851              11.959              2.5329
1.43776           -0.497918            -1.67116
7.84717            0.251684             2.95104
-4.51726            -6.01423             8.29957
2.93993             4.92355            0.489642
6.59668            -2.87694            -6.26164
0.813001            -5.55147           -0.715247
11.3999           -0.714895             11.5284
6.39534            -1.51513             12.3599
-0.783218             10.8201            -2.61126
-1.40144            -3.87483             9.33214
12.1086             6.61003             -3.4405
-0.807533              6.6008             6.40069
-6.73246             9.31835           -0.752445
-1.912             1.68245            -2.58059
10.6385             7.58301             1.69209
4.7322             1.19691             3.06903
8.0446             2.89689            -6.63426
0.30475             5.14557             10.3528
2.95705             10.6784             11.0053
-3.86866            -4.46691             12.5717
-0.548121            -1.75692             9.84258
4.00068            -5.92108            -5.42103
7.57719             9.04607             0.58497
5.24792             8.09829             9.88697
10.4875             6.42558             5.90465
4.04503            -6.98697            -6.96367
10.3777            -1.62568            -6.08102
2.87136             8.24734            -37.9831
2.01993             9.87524             2.94649
0.354234            -2.69101            -5.53798
-3.90154             8.44787            -9.76468
2.69913              2.7899            -3.11918
5.26701              3.2175             12.1225
4.46048             2.55646            0.736556
9.1802             6.24775             4.88798
-4.46917           -0.371522             5.47555
3.21199            -2.31001             8.08564
9.53788             7.06833             3.47992
11.15             9.42234            0.475466
8.01985             11.9858            0.505593
-2.98805           -0.675259            -3.47028
8.01004             6.38863             6.76658
12.2475             9.29322             7.71755
11.052             3.51651             3.94543
-4.29302             3.12608            -7.01888
5.84396            -1.31536            -2.90367
11.9422            -9.12456            -7.04962
-0.50774            -4.39396             6.38521
4.28575              4.3095             7.17168
3.44308              4.3288             10.4233
12.2377            -3.49637             -2.3722
-5.74745             10.1049            -3.55965
-0.506536            -3.56145            -5.70586
0.541131            -5.98112            -2.77331
12.9307             9.72862             7.35329
1.68221             2.23557            -5.87123
10.4997             5.28659           -0.409544
6.45379            0.064818            -1.60305
-2.72577            -2.60272             1.66455
-5.5562             5.40762            -40.8711
11.0773            -5.27325             12.3756
9.4375            -1.54672            -8.11675
13.3884             7.22817            -11.4013
-6.31546              0.3242              2.1564
0.0155256             1.13442            -3.80097
5.76275             6.96034               2.551
8.4135             3.19047            -6.44286
9.30951             11.8978             1.99374
10.7506            -5.96712            -6.21896
-3.42462             5.37321            -3.83278
-1.01891            -2.35473             1.85628
-5.92975             9.49695             12.6236
9.25006            -6.88083             1.06961
14.2332            -7.29506           -0.892522
-2.09234             1.63044            -6.17826
3.921             8.99644             1.87614
1.66146           0.0894685            -2.25254
6.99896             0.63732             5.13847
3.33426            -6.32911           -0.582952
11.8377             7.33517             4.70773
7.32502            -6.97892             11.1564
5.9088            -4.65809             11.6003
5.61139            -8.96741             6.36758
7.42811              6.5751             12.0618
11.87             4.90347            -6.49205
6.71698            -2.12599             5.86412
-4.61244            -1.27639            -2.51337
7.25587             1.93169            -1.21697
7.20458            -7.00453             8.27334
-1.38424            -0.66344            -8.85114
4.49976             4.41314            -10.2565
5.29523             8.41594            -25.1385
8.33473            -4.06955            -82.6548
-2.20908            -8.03381            -28.7377
0.486758            -6.91274            -38.2041
-2.9135            -2.22244            -1.56391
6.54137             5.60147             12.3317
8.92784             1.60062             3.91568
10.4337            -9.14293            -4.67302
6.96919            -2.67936             9.11011
8.82753            -1.28129             9.54815
-0.864312            -7.08733             11.6573
1.93399             1.86806             8.21992
2.40218            -4.62268            -4.16699
-3.22168             2.83605             10.5951
-0.0438329           -0.209203            -5.02397
14.5403             1.95697             4.84718
3.46341            0.351375             7.44722
-3.21528             12.0427            0.499393
-3.8331            -6.27715            -2.58452
10.4688            -7.68055             12.1599
7.03175             6.49317             1.91516
5.82551            -2.45121             11.3961
14.2968             8.90026             -2.0619
-2.57335            -6.84873             9.14317
1.30147            0.564424            -5.34348
-2.85278             3.86352            -4.02314
11.8724               1.014             5.17474
14.1602            -8.98899            -3.78942
7.93825             7.01223            -1.68087
0.765985             12.6954            -5.88333
-6.59604            -3.40054            -2.54387
0.540222            0.317897            -4.56645
-6.72079             12.0247            -39.8576
-8.45163            -1.04264            0.198833
-5.05889             8.96761            -21.1849
5.28782            -2.20199            -19.1629
-5.14471             3.06918            -1.93488
4.97786             11.4569             6.98748
7.98629            -3.44387             8.90639
7.59117            -7.76122           -0.179034
10.6811             -5.1611             2.28685
-3.62576             6.53772            -4.90942
9.87837            0.839746           -0.970296
1.37183             1.32315            -4.40857
3.39415            -3.58626              10.452
5.812             11.6856            -6.10404
2.61888             5.45785            0.209946
6.81539             6.13748             6.11286
8.63279             3.97336             8.60139
10.2631             12.0308            -5.78335
-2.13659            -1.05781            -3.36391
1.35609             7.66389            -3.31678
-6.99714             12.2644            -2.24437
5.79431            -5.57169             3.64259
11.0356            0.218724            -3.00834
-2.26134            -6.33836             6.41975
10.0568             10.7103            -4.25171
4.36529            -5.66086             6.05074
6.97858              1.2388             8.43719
-2.81584             -6.1082             1.86092
1.03084             4.74802           -0.306662
0.636855             9.41215            -0.46195
9.88467             11.3928            -9.35192
9.33513            -3.25886            -4.92336
-2.42215             14.4721            -15.5049
-0.778564              7.2096             6.23668
10.9172            0.463658             1.27617
1.99586            -4.36368             10.3175
12.4677              7.9763             4.16136
6.26989            -21.8765            -2.11498
6.66322            -7.43352            0.725026
6.4001            -4.85335            -6.40768
8.44466             4.30859            -5.92945
1.41605            -20.0549             -4.4668
1.4442            -2.51016             11.4978
8.17947           -0.764907             2.01718
-2.61526             6.49683             0.45543
3.36066            -1.95077            -6.84508
-3.72927            -3.83478             2.11677
-0.34798            -4.94886             11.7067
8.45185             2.22214             3.85062
2.43462            -10.9737             8.04647
4.13235             5.84511             9.48081
-4.72365             9.88591            -1.67718
0.180093             3.99056            -3.02239
10.6305            -11.8086             2.56802
5.46815            -5.98554             9.12545
8.29378             7.29011             4.77993
-6.63993           -0.580001             0.69186
-0.91157            -7.00868            -1.07335
9.42061           -0.998293              8.4094
-0.266077             3.19017           -0.262632
11.4351               3.688             4.32478
1.83086            -5.40537             5.00387
-6.35592            -6.82428           -0.688504
3.39738             4.10672             4.72006
-5.78765            -70.8698            -55.0348
4.74544            -7.97499            -64.3196
0.54173            -37.6057            -33.9239
3.90531            -6.54518            -32.3296
-6.48429            -18.8092              16.237
7.21832            -2.75062             6.74873
-0.791685            -7.27618            0.886042
3.80269            -71.9571            -4.73887
9.11749            -40.9355             11.7089
-6.3605            -16.5492             3.04671
-4.0566            -8.64444             4.47409
-1.91453             9.29941             3.66873
12.1048            -31.9433             1.75504
0.784456            -2.00977            -1.35478
9.86078            -31.6726            -6.40978
6.85533            -63.4707             4.09959
13.359            -34.9875             11.7856
3.00715            -20.8332            -4.98749
7.30908            -26.4989             7.52469
9.06938            -25.1234            -4.79368
8.84163            -36.9405             4.42235
-0.498681            -20.1564            0.469201
-2.63957              -30.07             7.29149
5.25067            -35.0232              6.4657
-2.33942            -30.8614             3.99501
-4.72985            -20.1906            -7.65182
12.0668            -38.8668             6.84319
1.32751            -28.5091            -7.38002
7.99317             -50.108             1.52075
-4.32286            -37.9327              1.8573
10.6378            -27.7183            -5.04349
8.49625            -24.3766            -13.2397
2.18166             6.83689            -49.6864
-5.99692            -4.92849            -8.81928
14.4847             5.88185            -3.41946
1.66725            -8.62741            -32.6971
0.768639            -3.87103           0.0240352
-3.19678           0.0336869             7.73695
12.2075              7.8712             5.73215
4.79385             5.35517             12.6854
-2.38848            -5.23437              12.614
0.461409            0.632379             1.50764
-4.19586            -1.43569             4.89979
-1.62442            -4.41601            -2.48978
1.27812             9.12431            -5.11513
5.4363             1.24259             1.22154
6.18113            -3.89882             12.1373
4.50084            -2.03602             3.62439
9.84413            0.936839             7.84138
1.29835             5.47248            -1.07604
2.97068            0.977956             10.4519
11.9627             8.75755            -2.38554
2.0753             5.44639           -0.693695
8.88677             5.78778             10.1062
7.79458            -4.35451            -6.43077
14.0224              1.6963             3.43064
10.2878            -1.01185             11.7367
11.8999            -2.37813             6.50596
2.67151            -3.88256            -4.15305
3.12799             11.0902             9.60124
-1.11312             6.28029             9.53641
7.85137             8.67014             2.81713
-1.43259             4.63669             9.12578
7.11252             2.34124             7.88708
-1.14318             2.15941            -30.4118
8.55962            -2.60554            -67.3126
7.19623             8.54277            -47.9786
-1.54337             2.30367            -27.4068
9.57985             11.0204            0.272408
2.46457             10.4482            0.101977
-0.790311            -2.34724             10.7103
1.6472            -1.13067              6.1859
-1.53473             10.8435             -3.2348
2.55655              3.0298              8.9709
6.05821            -4.58479             8.59698
11.2794              2.6013             4.59207
1.32272             4.77297             3.00868
-4.17496             1.10856             9.18391
10.8507            -3.42592              1.6771
10.0275            -2.61566             0.71086
11.1886            -4.00522             1.67169
10.9153            -2.27311             11.7106
-0.561098            -5.38893             6.63104
3.53542             7.06836             -3.1453
8.15035             3.73033             6.04253
12.2402             10.5128            -7.05615
1.64911            -1.84848            -5.38923
-1.05071            -7.05007            -4.01675
2.57871             3.41745             9.80889
-2.61476            -2.99221             7.45668
3.07229             6.44696            -2.18129
11.1542             5.56271            -2.03074
9.96197             9.53296             1.31797
-2.9532             12.2279            -2.90286
11.1214             3.62036            0.196611
11.1136            -3.39454           -0.553715
11.9029             -4.4081              -38.86
3.09101            0.141728            -1.47512
-3.83332             2.46347              -14.93
6.67833            -6.29358            -39.7597
11.4332             -2.6267             15.8519
10.7985             11.1745             -3.2342
12.0628              5.2483             8.23548
9.5449             4.06152             9.07577
4.47786             7.96081             6.46031
0.649495             -1.7913            -1.44749
6.82038            -2.32163            0.638443
-2.51787             5.22095             3.19672
7.4785            -2.38808             11.5391
-3.02923            -2.93045              10.251
-1.78156             10.0899            -4.65893
-1.46241            -9.06149             11.0986
6.737             3.88963             9.55158
-0.336203             1.09709            -6.30506
14.1084            -1.97672             9.53499
4.79711             2.15354            -2.76194
-2.15122              -6.529             7.21826
2.12276             9.87628             3.80023
3.82394             1.30969            -5.33477
0.973565             7.12474             -3.0491
7.53609            -5.56935             6.71017
1.61836             1.94558            -1.49941
13.0228            -5.71557             5.88979
14.9274             -9.1387            -1.91541
-5.85551            -3.43489             -1.6902
0.205692            -3.11727             2.70882
11.6038             4.84055             -15.303
13.2389            -1.13163            -5.18879
-2.11858             3.67914            -18.9841
5.35021             10.7228             5.95822
8.34548            -9.10785             11.4247
4.94275             -3.8098             3.42363
10.5547            -2.80462            -3.03271
8.18633            0.403435            -2.61266
6.07876            -8.20377            -5.87749
4.12996             1.93844             7.35156
8.87597             12.2741             2.26255
12.2535             2.66783             3.31494
-1.33029            -7.54383             3.54804
4.31006             9.08077             5.48338
-0.360868             2.01435             6.83754
9.29647              12.639            -1.46459
2.19773            -8.10033            -3.90697
10.8513            0.640318             -4.8232
6.8375             7.42869            0.800292
5.45726             7.53951            -3.81034
-0.831083            -7.55077             11.8195
7.67857            -8.92415            0.816232
-0.123853             9.88463             -5.3819
-2.56236             6.41095             3.59127
7.67546            -6.54336             2.48853
11.8709            -4.69664            -4.35026
-6.8683             4.85953             12.7131
-0.498352             10.5296            -6.46576
14.5896            -8.13877            -1.88358
-3.14033             3.51941            -5.52343
-6.58216             9.39332          -0.0120172
-3.08914             4.74963             2.32372
9.44402             0.83059            -1.08026
6.10051             6.25176             4.35704
-1.67052           -0.584832            -33.8546
-1.03056             -7.7283            -92.7976
-2.93257            -3.80869            -36.9519
3.0286            -4.42642            -25.7291
-6.76075            -6.73442            -2.12809
-2.90242            -4.72755             8.91469
5.50684             7.15588             9.88419
7.72755             1.41644             3.56281
10.2886            -6.89005            -6.38716
-1.20253              9.5001             5.47824
-2.2423             1.22666             2.75992
-0.730038           -0.817519             1.13676
-2.81189              1.3006            -1.04347
0.521701              12.895             8.52495
-1.31295             5.55292             5.95862
-4.39819            -4.01475             9.12459
-6.95185             5.23101             3.93901
5.42134             2.00714             9.38962
11.2176             8.32877           -0.774568
12.0289             4.99082             7.97432
10.1822            -3.64088             6.47386
-2.01895             -6.8477              11.678
-2.06042            -2.80718             1.46078
2.54878            -8.41226            -3.54544
-2.73841            -6.21043             10.6693
-7.09813             -5.2868             12.7917
1.80938            0.467986             7.77666
-0.337769            -6.67784            -7.03508
7.94294            -4.74442             6.38852
5.50419           -0.793981             10.2129
-2.23675             7.01039            -12.4187
9.67621            -7.83757            -13.9649
-5.89719            -3.73156            -46.8435
-7.56812             4.74922            -62.7102
2.6879            -4.23838            -16.2439
6.21243             3.67517            -38.9988
-2.3384            0.685831             4.96137
-6.51619             4.17696             14.6435
4.10022             8.44572            -1.43392
10.5509             5.36541            -1.30891
-2.92459             6.62323           -0.947845
2.26494            -5.99715             6.06737
9.92179            -4.55771             2.69096
3.57779            -4.48165            0.439957
8.14912            -1.76538             7.06874
6.74677             5.89667            -6.16578
2.84517             10.0892            -2.80689
11.0109            -1.65056            -3.13183
5.50248            -5.18072            -7.09109
4.59271           -0.349473             11.4322
-4.60318           -0.862695            -1.40157
4.0719              10.756             9.13516
4.28011             -2.2339             9.32777
-4.44607             11.6991           -0.659334
-1.00147             2.06215             5.91723
7.54566            -8.36268             9.02848
0.55556            -4.32412             6.68336
1.83419             3.12803             2.71967
1.95121              5.8847            -5.21094
9.65771             2.45166             7.52764
-3.72029             6.75237             11.6707
9.16134             10.8619             1.50542
2.60479             3.95966            0.878802
-1.67636             6.16053             6.94232
-4.06356             6.81625            -44.7377
7.83423            -9.66899            -37.0654
7.92566            0.309988            -40.6115
12.9836             5.83095            -26.7646
3.64775             6.08305             6.44894
6.28937            -15.4252            -2.00422
2.00109             3.66164             2.91591
12.9019            -1.47949             3.50784
4.31994             11.5729             4.42201
8.73857            -24.2208             12.4506
11.9506            -8.50631             1.29111
10.6713             4.49196             4.00598
3.80008             5.73551            -5.53671
-2.80166            -10.6527              1.0236
-5.07389             2.05978             11.7714
4.96841             11.4059             8.54035
6.94148             8.72708             10.9628
-4.75912            -23.4171             -3.0034
5.27484            -13.2947             7.32379
5.29732             7.04451             11.0526
7.01             0.40837             4.26856
-2.42905             1.42984           -0.125874
-1.31569            -1.28771            0.411447
8.51048             -2.8384            -2.62266
2.78243             1.69977            -3.52271
13.0383             1.44177             11.6422
4.23725            -8.68157             12.0453
13.7791             7.35433            -6.85727
2.44024            0.636082             6.21816
-2.06715            0.147448            -2.18648
2.88708             1.41732            -2.35163
16.1014            -3.07201             6.76716
-1.4817            -13.1618             4.76289
-6.29015            -1.42245            -28.9707
-3.48284            -12.2769            -29.2981
5.10712            -28.8875            -1.20835
12.494            -35.0176             -2.2232
4.17085            -24.9012            -1.05243
15.3096             -13.917            -6.53022
1.35573            -21.2678              2.1806
-1.15073              -22.47             4.36605
-4.28346            -3.65641             10.9896
6.94833              1.8394             4.77195
-8.70072             -29.326             6.83353
10.542            -35.2496             9.91201
-9.26406            -5.77212             8.59412
0.0300442             -11.369           -0.373445
-11.8016            -31.2008            0.794441
-0.784729            -42.8869            -4.22466
-11.8268             -20.504            -6.01471
13.708            -8.43097            -6.21833
-3.18726             -10.579             8.01928
14.6791            -48.8278             1.42733
-8.44652            -27.0152             6.67028
14.6295            -24.4383           -0.162997
4.7445            -22.1932             12.2917
-4.43589            -38.2266            -5.66191
-6.12898            -5.42942             9.74033
-2.52602            -31.8932            -1.84392
-10.3606            -20.2525             6.08074
12.6826            -37.0975             7.77804
-1.13982             -21.284            0.371539
5.19682            -23.9557             3.24012
-8.13281             1.65098            -3.56377
-2.66259            0.767823            -47.9421
-4.76371             -3.1861            -20.0153
-3.89646             0.60613            -13.1532
-5.56973             6.58988            -21.9088
1.89468             6.95999             0.60971
1.93649            -5.09527             1.46414
9.77108            -8.47807             5.11201
-8.54557             7.70986            -4.11168
10.0003             2.99323            -6.58938
4.49692             3.70264            -5.52406
7.73189             6.36019            -1.44236
8.56878             5.76786             7.54509
2.11209             5.70627             4.78789
1.6417            0.713607             4.45108
10.516            -5.74284          -0.0847656
5.5179             10.4118              3.2946
3.97752            -1.40756             5.53766
6.892             5.37369             7.09114
14.9243             7.76497             12.5009
-8.27408             4.22453           -0.290762
-3.81388             2.16768           -0.310285
-3.17014            -3.91054             12.8155
4.1039             4.64927            -7.07608
-0.544623              1.0328             1.02783
5.9509             11.6691             2.80602
-4.83249           -0.033644             7.71509
3.74944            0.764906             10.0542
5.33271            -2.60537            -4.60073
11.092            0.953848             9.10756
-0.59282             12.3393            -5.49572
9.95223             4.06963            -5.33753
6.97629             10.5224            -8.18612
1.38926            -4.67538            -39.3001
-2.65238            -1.52921            -20.2357
12.8761            -1.11573            -20.8978
-2.51206             2.92361            -18.6534
11.2124             1.32162             10.8224
-1.06986             2.73362             10.0867
-1.91855            -7.50628            -1.03885
-5.48809             4.30627            0.358607
11.7821            -3.74153             11.2973
-0.993979              5.2072            -5.29677
15.1358             3.80142            -5.54858
-6.0648            0.560087             1.91015
3.86793             11.9893            -4.43794
-2.36482             11.6074            -5.09317
0.0234621             5.72578             12.3473
3.22712             5.70056            -4.94459
13.818              1.5141             1.14316
5.4248              4.5925           -0.193189
-0.113398             7.26712           -0.864544
-4.29921            -2.72195              1.9964
5.50138             4.47748             10.4543
-13.442             4.74028            -5.45019
2.31807             7.36938             11.8456
-0.981753             8.25787             12.3023
12.5242            -6.68406            0.228859
-7.2246            -3.26886            -6.50618
-1.21567             2.73616             8.39031
9.17349            -7.49343             2.30368
-4.96202            -4.64667             11.7728
-4.40895             12.5699             6.91324
-4.75591             10.4824            -7.18479
-1.3593            -4.30619             11.4285
2.58429              2.2139            -27.3401
2.91008            -1.29603            -42.6507
4.47181             6.29683             -23.119
5.89692             3.93574            -28.1751
-6.03704            -1.79393         -0.00986208
-10.6103             9.66414             8.70251
3.17012             1.07576             8.23057
-7.45745            -3.79058             2.34389
5.40121             1.65788             10.5732
-9.37947              9.4018             11.7127
7.93088             2.38663            -2.80924
2.77988            -6.89495           -0.965945
0.972379             8.48017            -6.11263
1.99257            -3.25691             3.91963
11.5203            -8.42612            -5.30226
-7.13823            -7.76202             7.09482
-3.08641            -6.35079            -2.05304
-6.39501             12.6551             4.65019
-1.32139            -5.42977            -2.30339
-3.38533            -2.45316            -4.94889
0.615971              5.3205             12.0554
-10.8968             5.19025            0.560522
3.07663             -2.5376             10.4174
4.53943            -6.33371            -5.49859
5.91914            -4.53887             -1.6931
-1.24698             10.7027            -3.72589
14.1983            -5.95668            -2.26186
7.87269             -5.0258             12.3366
5.6678             8.65375            -3.51722
-4.88087             12.1011            -6.87464
6.95474             5.36301             6.45122
0.772283              1.0357            -5.60014
13.3726             1.87184            -40.0387
-10.5658             11.7288            -27.6001
-1.56742            -1.54229            -16.0413
-6.14334            -4.37776             -38.703
1.3306             4.62612            0.362667
1.73588             6.99959            -6.27536
5.55006             -4.7216            0.313586
-5.12953          -0.0323575            -5.57476
11.4651             8.74934            -5.67512
-12.4325            -4.62953             8.26201
-3.65274             7.60711            -4.65309
7.05854            -1.76203             4.19864
-1.69069             6.19555            -6.74534
0.40515            -2.52151             5.15454
12.2109           -0.723398             3.32015
2.22058            -7.19933           -0.239595
9.92891            -4.70043             8.47026
3.77725             4.14705             8.47777
-0.790423            -6.35941            -6.45979
-3.26042              9.5941              1.4983
-4.01514            -6.72162             4.06851
6.75763             9.79793             6.40456
12.2553             6.46863            -6.51613
-2.66503              8.1086             2.05223
1.11268            -6.78692            -5.74785
-6.86735             11.4899             8.98334
-1.24042            -7.63369             0.25478
1.3301            -8.17568             8.46498
-5.6939              2.9592           -0.544245
-1.77097             12.6502             5.11339
0.875874             9.31125            -16.6929
6.08543            -5.71793             8.87185
-0.867517             1.51778            -34.9969
-0.843067             -7.6933            -4.69625
4.54126            -3.54439            -17.6704
-4.59338             -8.2299           -0.934996
7.39715             9.02387             6.23372
4.10907             8.17537            -7.17478
0.109208             6.91736             9.79147
-12.1834             10.4161             2.87407
12.8254              1.3333             8.23702
-7.33315            -4.87027             5.21424
-0.918546            0.350584             8.37506
6.61877             1.50284            -1.18313
10.9434             10.9601            -6.48562
1.52496             1.01717             3.76646
3.36615            -4.87979             5.48342
-8.31066            -7.61351            -7.03399
13.1841           -0.621615             12.6518
0.714865            -3.27704              1.4543
13.6564            -5.77048             4.66144
0.0529185             1.93522             12.1256
-0.985222            -5.87012            -1.96983
-0.975753             6.94844             9.05343
12.2675             6.86944           -0.623013
0.451825            -4.34884             7.02746
0.316787             10.0542             2.47909
-10.4052            -2.05583            -4.75739
7.0075             7.79696            -1.86257
-1.27579           -0.957444            -4.64136
11.7451             6.23414             13.0117
0.708705             11.2376             11.3512
6.38685            -4.10918             9.35077
-4.35561            -10.0521            -4.82343
13.7214           -0.660019             -26.829
-7.16516            -2.20531            -51.9416
1.35992            -0.33532            -33.9879
7.17286            -3.20034            -27.8752
9.9861            -2.55465              12.862
-3.59617            -4.52976             17.4554
13.0264             6.48027            -2.28606
1.13446            -4.47436            -5.68497
11.4289             11.6308            -1.93513
-3.87817             9.82607             3.31995
0.204951             1.88742             1.24258
5.30718            -7.22059             6.86886
-0.801489              12.393            -3.94024
4.718            -1.01111             9.82547
4.8332            -5.91692            -3.46509
-9.57255              2.6229             2.34649
4.70617             6.03921            -3.50359
-4.02218             12.2207            -0.52496
2.8026             9.10781             11.1231
-3.19353              8.9212             11.8274
3.56953             12.0484            -5.96707
-14.4101             1.88144             4.10604
13.2028             9.94513             7.38244
-8.96216             3.90062             7.29795
10.951            -6.43264             11.0969
-13.2955             7.24785              1.5482
-1.59214             -8.2702            -5.77915
-11.1497           -0.905496           -0.267614
7.15008            0.734964            -4.84566
-12.4739              11.368             -3.3668
12.3942             6.24173            -7.75751
9.29468            -4.81624            0.495185
9.12075             12.0019            -32.0691
-7.87348            -2.76423            -33.3328
10.6922             6.99163            -34.1346
-4.03155            -6.37036            -47.0037
12.4213             2.48136             1.71388
6.63518            -5.90199             9.91162
10.4973             7.34572            -6.28522
1.85456            -3.38786            -1.20622
10.9954            -2.94375            -3.99947
-2.12564            -6.23646             3.75403
-4.07031            -5.48776              11.251
0.714092           -0.176465            -5.61655
13.339             5.13515            -4.91407
-5.82844            -6.85208             1.48045
7.15916            -4.67102             11.6307
1.07422               -3.89            -5.07942
-0.400618             5.57964             10.0554
-3.51635              1.2398            -4.02128
3.1322           -0.138407             7.11672
-8.76215            -1.91538             2.89709
10.9218           -0.456681             3.17994
7.57737            0.651807            -3.63057
10.9602            -4.44769             4.86084
3.47011            -2.18443            0.223127
10.2574             9.38416             6.13835
2.84856             4.78194             9.61024
2.49337            -12.0329            0.650236
-7.63657             6.33282             2.31807
0.943434            -3.26787             12.1749
8.6163             1.40073             1.29763
-6.61237             -1.6903             10.2787
-6.92337            -7.00925            -0.76305
