-41.1477             6.40443             8.15362
2.40135              12.168            -178.086
-112.523             7.33168             17.3899
-85.3703             7.46447            -44.9764
-171.54            -199.856            -2.03483
-86.0234            -32.1776             28.8304
-39.2266            -35.3819             9.74537
-54.4083            -66.3786             1.47281
15.862             14.8165             10.7676
-1.77109             10.2408            0.157149
6.43245             12.0518            -2.11422
11.8687            -95.8624            -5.64509
-84.5663             9.65658           -0.127498
-39.7096            -30.2827             7.11821
-52.946              5.0961             11.0514
-0.940709            -89.4959            -2.01811
-57.1572             8.52138            -2.32826
-42.3345            -46.8131             7.39264
-143.667             4.30784             4.22797
13.8262            -120.224            -1.97362
-96.5938            -73.9023             14.8941
-70.2504             -46.215             15.3859
-11.118            -20.6648             17.4074
-11.6616            -142.587            0.779521
13.9335            -43.7822            -5.97278
21.4976            -42.8037             1.66355
-142.326             9.79985             13.0121
1.83078            -140.537             6.69969
-66.5898            -67.4795           -0.978047
-42.3943            -57.7157             2.52472
6.32818             4.03521            -2.26007
14.704            -83.7181            -33.8886
6.98682             21.3622            -98.5463
-0.789957             5.00863             -221.18
30.6603            -3.45588            -110.549
-34.9853             -2.6441             -158.18
-87.0316             15.8561            -1.05793
-34.0876             11.4538             18.4876
-208.734            -5.38852             5.60376
-88.8916             14.1153             16.7516
-51.9235            0.532614             10.5342
-40.8005              10.368             3.69503
16.0034            -7.76163             11.0607
12.1379             24.3055             18.3389
17.0472             12.9729              17.431
16.6939             1.64361             1.53734
9.59024            -7.17312            -1.09996
10.7748             19.6149             16.0445
-124.315             12.4765             6.17734
-34.2506             15.0018             9.16828
-93.4682             5.88629             6.48245
-107.291             9.17125             15.2192
-42.9083             5.96541             16.3755
-13.001             6.16905            0.406266
17.5115             12.4654             16.2268
7.30565             26.4679             11.9232
-95.8493             6.30479             16.1187
-13.3745             12.9154             6.21621
-1.57478             11.1314           -0.195514
-61.3918             25.0412             14.4146
-99.2312             18.0042              13.117
-30.072             1.17393             1.91586
-135.464             17.0279            -78.6723
-70.6653             17.6776            -4.87701
-64.4492             6.76139             -100.96
6.03935            0.359235              18.711
3.43482            -2.45261            0.590623
10.72             11.7033            -61.9152
-78.5067             15.3869             6.68589
-47.7086             11.2289             7.13086
-236.009            -4.31327            0.165806
-127.517             12.3309            0.666822
-88.001             15.7193             4.24678
-42.5778             14.5054            -4.13746
-128.049             10.6925             10.8442
-50.4646            -0.95811             4.66165
-146.964             4.82774             8.99747
-90.1759            -2.72312             7.71241
-47.9443             11.0506           -0.523702
-48.4711            -5.49006             2.49399
-88.2222             6.97844             2.84218
-53.4746             7.88481            -1.56684
-184.353             -2.1567             8.93286
-110.695             7.11855             9.70586
-50.5102            0.196572             11.4106
-32.246             8.14509            -2.02314
-180.436            -0.47084            -5.15832
-27.7668             3.83684            0.129848
-41.6447            -2.04874             4.74386
-33.3962             7.83527           0.0705627
-180.865             -2.2512            -1.56345
-39.05             4.09825              8.6761
-115.738             11.0869             3.71618
-102.834             12.2975             10.5343
-67.7402             13.2418            0.469487
-102.925            -9.40144             4.18322
-148.973             12.2802            -169.382
-38.5211             6.34149            -176.613
-105.407             6.15022            -56.6728
-53.2454             6.87419            -89.2893
-35.243             12.7234             27.5852
-5.93574              1.4245             30.2754
-161.671             3.86685             5.35049
-75.9114            -2.96663             2.99008
-130.932           -0.405319             9.61696
-77.2126           -0.136126              5.0876
-79.3833             1.04904             6.72132
-98.842             3.48168            -1.79449
-95.1534             13.0231             12.7391
-60.2552             4.19462             13.5151
-171.578             2.48119              12.633
-97.2974             9.45199            -3.25519
-150.887            -2.24255             9.58291
-97.7741             6.75506             3.23345
-11.3998             1.93736              10.348
-85.0953             1.98457             12.7744
-125.498             4.65079            -1.18624
-38.0404              19.568             11.4821
-50.6896            -0.07686             11.9631
-97.2504            -3.13674            0.171664
-118.291              5.6265             1.44212
-52.5838             9.39678             3.81136
-61.9602             5.53367             16.9075
-107.857            -4.02714             5.48131
-28.9603             11.3587             11.9505
9.95055              13.484             19.6687
-147.568             14.2698            -9.84399
-116.07            -1.52818             6.99391
-155.732             12.9549            -203.188
-42.6287            -4.65801            -51.4162
-174.979             4.58409            -41.7524
-96.1734             4.23789             -105.99
-92.3652             15.9981             20.2215
-59.8137             5.74928             15.9881
-150.136            -4.21757             7.23279
-108.576             10.3219             11.6119
-95.5527             10.5469             17.4927
-90.121             2.00276             1.96393
-192.359             4.53354             1.77586
-108.973             9.57156             3.30172
-83.3056            -1.66188             3.79606
-36.2548             9.16784             5.13584
-136.642           -0.598103             6.18402
-96.9249             7.80875             4.34672
-137.417             1.26157             17.8707
-89.7288             7.15116             13.2855
-23.468           -0.724055              23.194
-41.0416             6.77737            0.866567
31.8844            -2.46785           -0.958415
5.78611             4.27764             14.5072
-217.771             1.20203             5.77507
-33.397           -0.495641           -0.868227
-89.2021             6.41367             9.02495
-68.4096             13.8942             11.6277
-1.97814           -0.666032             4.01154
-28.3104            -6.70226             17.4056
-33.9292          -0.0801295             7.94979
19.327             8.75391             1.99412
-56.9481             17.3723            -4.73876
-100.605             6.40676            -21.0389
13.7249            0.782618            -49.2987
13.7609             8.58578            -141.625
-146.246            -12.5688            -1.84665
-81.6144            -6.91371            -110.289
-103.082               4.436            -1.73458
-96.8893             12.7503             14.8431
-145.681             5.62189            0.728104
-146.145            -2.97068             3.72033
-133.468            -3.76897             15.4922
-81.6295           -0.869532             0.98032
-29.2136             5.53297             10.9018
-82.3951            -2.68958             5.11156
-128.338             13.6756             14.9799
-15.5447             10.2611             4.91451
-9.87922           -0.214083            -2.97342
-70.9928             10.8653             6.88368
-136.764             4.28485             5.42988
-29.261             12.7503              9.4329
-56.6251              -6.717             4.27687
-41.1657           -0.241587             8.85922
-57.062             12.9138              7.4597
-15.4862             8.36381            -4.05548
-184.229           -0.643244             8.90216
-114.833             5.10012             16.4759
-94.955             9.15572              15.309
-55.3318             5.82384             9.81312
-186.282             7.35768             11.7483
-50.9538            -6.37149             13.2432
-62.1781             13.4392             4.85097
-49.0311             3.73836             8.58906
-115.051             6.00359            -47.5846
-56.8349             -10.733             -8.4173
-105.683             17.4183            -108.693
-8.33521            -3.76071             -132.28
-158.385            -1.07122           -0.692034
-99.7377            -2.33786            -138.546
-131.4             14.2944             15.9427
-100.5            -1.87633             31.3741
-47.0023             7.13807            0.171509
-110.77             10.4198             15.6007
-90.619             6.76483             15.0105
-27.9439            -1.01908             19.4464
-17.5064             12.8541             7.37335
-22.2834              1.4831            -1.03858
-89.7411             9.18852             3.99662
-39.5598             10.7363             4.68286
-167.124             6.85516             17.8783
-76.2155             2.51285             9.65222
-101.847             4.64365             6.68659
-95.3191             1.79066             4.68523
-146.693              1.3842            -3.74122
-102.795              9.6394            -2.40156
-98.2146            -1.18306             11.0587
-85.5951             7.94716             5.45549
-143.003            -2.82875            -4.16858
-138.733            -6.59598             8.81184
-103.411              5.2058             1.48959
-88.0827            -3.88327             14.1896
-169.524            -4.01671            -2.31654
-129.11             -6.6482             10.4788
-140.983             12.7746           0.0101321
-95.8814             11.4848             4.18283
-40.1676             9.87167             7.08283
-111.39            -1.51545            -1.37371
10.4514             15.4877             -51.482
8.18432            -43.6652            -111.118
-124.155             -15.284            0.642557
-95.2124             3.00582            -141.333
-87.7677             9.53479             21.2083
-125.221             6.98764             16.6595
-115.994            -40.8983             4.24324
-79.8611             -4.2634             9.77072
-78.7572              3.8489             16.7083
-57.8895            -7.21856              5.1082
-115.236            -11.4395             12.9362
-70.7067             3.28838             5.66437
-109.018             8.23663            0.185072
-62.9716            -14.1149             6.72036
16.7558            -7.18028             5.44614
-47.3818             3.76261             1.71717
-102.161             2.53693            -5.81151
-28.8784            0.694292              1.1711
-103.108            -28.7124           -0.703082
-135.194             16.1282             6.93081
-104.887             2.31727             9.34787
-114.698            -9.28067             3.19223
-101.321            -39.1174              9.7487
-132.33             15.4457            0.397205
-89.4813            -1.22919             9.77934
-97.4619            -6.34399             14.3857
-139.036            -35.3609             14.5431
-140.211             3.24366             17.6351
-76.6999            -2.63225             3.57546
-45.502            -9.59363             12.8137
-52.9215            -13.1541            -2.98173
-55.88             8.11953            -9.98178
30.8633            -107.169             -139.06
-3.709            -7.50956            -158.575
30.2743              3.4556            -97.4123
9.21055            -126.484            -1.40154
24.0835             -79.869             8.61265
1.66206            -94.1296             29.9631
16.0939            -38.5768             11.0861
14.7329            -117.644            0.919588
16.7988            -143.272             10.4764
11.6159            -77.9468             9.89795
16.3702             -90.501             14.3883
8.46082            -7.12045             10.4218
21.4612            -125.485             11.4183
3.36135            -46.0832             18.9823
11.7253            -96.4239             1.75857
7.34366            -61.1977             10.6974
16.8625            -89.0021            -1.10935
13.4393            -45.6599             9.80808
33.3477            -105.843            -3.25243
12.2496            -119.318           -0.382608
21.8126            -99.9536             12.3061
5.99146            -87.0032              15.436
10.3677            -95.7175            -2.79538
7.3037            -123.107             -2.5965
13.2406            -107.179             2.44222
6.60642            -82.4242             4.63432
30.6371            -86.9629             15.3897
11.1771            -80.0326             9.40057
20.0162            -82.0501             10.3283
16.946            -56.8244             13.4145
11.2504            -107.884             1.68303
11.0342            -93.6645             -85.305
16.504             12.3196             -83.511
-2.38237             10.0973            -221.546
24.6865            -4.31683            -140.599
14.2728              13.719             -134.23
31.3807             17.9956             30.1954
8.08498             8.58387             27.8054
38.0643            -1.67383             14.7377
13.8508             21.4689             17.1026
18.1089             21.7024             10.3126
5.42728             8.53554             5.08725
8.63377             7.07943             18.7352
21.562             11.2173             15.3807
14.9462             20.2445             14.1031
9.22413             5.65684             7.47126
21.9709             5.29579             5.82007
22.1991              5.5618             3.63277
24.7739             29.4725              15.045
8.1181             14.4824              14.123
22.8089            -2.61205             4.67414
15.462             24.5415             18.0015
17.5415             30.1057             8.50101
16.3871            0.733838             19.2607
9.18376             4.02733              11.093
22.1529              22.832             2.92125
21.0556             33.6792             8.66448
18.1094             2.48182             6.65692
18.789             1.92283             9.86793
20.7632              11.558           -0.181141
29.3366             17.3172             14.5834
11.821             13.9515             23.3176
29.7201             9.28725            -1.51731
14.9069             13.5145            -10.3638
9.16353             8.39601             -83.367
-2.89602            -1.79753            -192.206
10.0561            -5.15392            -90.0008
8.58561             2.87588            -141.627
20.9083             7.03526             23.6886
6.448             18.1765             29.2883
30.0896             5.05392             2.99016
10.785             7.29491             8.35132
11.1415            0.862887             15.8239
9.32232             9.33925             16.8129
32.3458             1.86566             16.4426
12.1964            0.439771              5.5303
25.4994             1.57341         -0.00752608
3.48989             1.20945              1.4661
22.8349             2.51221             16.4771
7.6952             10.7735             15.9121
17.6147             2.24444             3.68551
0.0189516             13.4681            0.660455
23.4984           -0.900531             12.0795
18.5276              3.7757              16.197
16.0953             14.3812             8.76107
14.3871             11.3677             13.4569
27.3217             -7.2635           -0.339338
19.2782             10.2069             14.5466
2.93292             18.3526             18.8058
10.477             14.1199             5.61349
23.8285             3.98815             13.0897
19.8975            -5.50935             2.43995
24.3306             17.9951             11.9265
14.6904             10.7617             12.9408
14.4932             12.8963             7.79663
18.2205             4.33493            -12.9712
15.6646             18.8722            -129.415
9.9219             1.28014            -3.49977
16.3954             9.31831            -83.9497
8.1451             3.92417            -84.9374
15.8631            0.617649             32.5691
16.5193             10.3916             2.38641
29.4542             -5.0838             11.5403
9.62081              8.7852             12.1038
27.8315             13.2004             16.6284
10.1904             14.6161             15.7698
19.7382            -5.75069             16.2262
21.4757            -2.80035             12.6195
28.0978             18.6384             6.94828
10.7672              11.077             3.52399
34.318             12.9244             4.41054
9.48855            -5.97722             4.28067
33.1631             12.2125             9.58396
8.49178             7.28862             8.64158
8.23527             -0.9967             13.5291
17.2237             7.46261             2.94461
24.7733              8.3424             3.66526
8.48613             11.8939             10.2276
11.7286             12.4734             3.43712
25.6007            -6.55517             13.2209
26.7905             13.5133             13.0656
7.16905           -0.272299             4.63963
14.3364             10.4397            -0.22632
19.3223              11.646             12.3913
13.8166             18.3511             16.3183
1.82489              9.1244              9.2027
22.3603              5.3718            -24.5362
15.8611             1.16709            -7.89673
24.0794             20.2425            -101.113
4.42396             12.3922            -197.219
31.5957            -6.48816            -61.9413
21.4132              6.5584            -66.0539
18.6372             5.88834             7.38744
-1.09835             12.2584             29.1022
38.2682             8.57369             14.8394
5.78831           -0.104069             15.1687
25.4777             11.9832             17.7163
4.83983             16.9862             13.5087
24.425             11.1903             13.5322
7.11511              1.3326             7.47054
10.2381             2.28812             10.8677
10.2634             2.34664             7.54173
23.3235            -5.89442             13.0712
25.738             6.00688             16.7088
27.6218             12.0476             2.93887
17.9731             19.3657             18.3683
15.9426             3.90088             1.04825
17.6104             8.76042             13.1901
11.3454             1.52878             13.2854
2.95978           -0.196029             19.0312
36.9427            -3.89798             18.1616
8.24094             6.39882             9.85241
18.5978            0.115132             7.34748
15.527             15.8911             8.79512
24.1932               10.74             18.9567
10.7216             4.79866             1.53432
6.47261             7.23904             10.6627
1.50841              4.7779             11.6398
11.9767             13.5325            -15.5414
13.7051            -2.86923            -1.04563
12.4005             5.71524             -150.37
-6.64626             7.05397             17.4548
40.3345             8.57324            -60.1388
12.189             8.27503             -81.088
27.3849               12.31             27.2413
10.798             17.7254             16.8057
28.0901              6.9751             11.0575
12.5085            -2.94965             10.3155
21.5643              11.048             17.9905
8.33891             4.54387             15.3839
23.2686            -4.43715             17.6897
16.9502            -3.31033             8.38598
25.6846             10.4697             12.2701
3.44181             18.4782             6.86632
17.0413             7.51623             4.90954
16.5425            -6.68186             1.72715
33.0149             10.5484             2.07243
17.1569             11.5455             1.18822
13.4157            -6.25229             15.5404
15.1603             6.34216             15.0786
7.43797            0.521246             6.68926
7.90227             11.9572             14.5913
39.7424            -6.50585             11.7153
14.2954            0.389712             2.45054
18.8144             9.99603             5.42625
18.5441             3.76497             18.0273
28.3407             11.3294             15.5673
14.0058             2.31264             11.7323
13.1474             3.82447             10.1679
-0.805962             17.7576             17.3435
25.4911             11.0841             2.83623
31.3187            -1.23263            -7.67675
26.1575             17.1877            -132.109
10.8459             4.00613            -18.6872
22.0431            -2.85695            -98.8959
24.4637             3.14496            -32.1863
31.8548              9.8422             28.2891
18.5492             6.14149             19.3246
25.7006              3.6648              6.0572
17.162              9.2808             5.18558
17.8865             14.4025             8.22254
11.8396            0.548082              8.0573
19.0881            -5.66649             13.7836
7.88677             9.49421             6.89084
29.7392             15.5976             2.60866
5.61046               8.549             6.33401
34.5893            -6.45915             5.22146
9.03969           -0.660293             5.26511
29.2665             17.2553             15.2005
7.11933             18.2855             12.5016
38.714            -2.33867            0.809451
12.7862             3.20797             8.95819
19.7073              3.9128             14.3269
10.3481             6.16489             4.51463
26.0795             8.76866             2.99203
17.6882             5.83416             13.3524
18.5392             5.62463              5.6669
17.2527             9.68806             10.1593
34.595             3.11081             7.99149
20.4087             10.5277             9.46205
20.9775             11.8291             6.15841
4.30652             3.94666             4.62581
13.8632             9.50997             4.62057
19.6394             -12.823            -31.6071
21.1121             18.1971            -119.892
15.9529            -7.84785            -102.434
27.0733            -3.24539            -123.942
9.56904             6.62045            -41.9786
26.9225             15.6288             22.1326
8.74484            -48.4264             13.6523
21.8309            -18.8007             3.68977
8.47288             3.90727              19.876
27.4338             21.1365             9.87376
14.3855            -12.7794             8.26701
22.2151            -10.3516           -0.788898
22.2819            -1.09988             10.0217
19.4235             12.9272             16.8884
6.50617            -60.7278             16.1477
21.0373            -10.5705             4.47081
26.3583             13.1334             5.67113
16.4105             9.56155             1.52048
15.9572            -35.4498          -0.0132798
27.201            -21.6827             2.66728
13.0239             3.93334             18.3488
28.8005             21.3205              12.276
24.5507            -10.4802             12.3699
17.5678            -7.36838             14.4161
16.8757             10.8582             17.5251
16.616             12.0459             3.06625
17.4904            -36.7013              8.0188
21.7157            -16.7669             16.8638
13.4733             8.21139             4.19415
21.575             19.7727             7.39589
18.1881            -48.5473             10.3258
17.8805           -0.204219             7.45477
20.8695            -8.01188            -44.2728
15.8608            -88.8397            -44.0233
-9.68791             6.38837            -185.249
12.3129            -107.928            -101.566
10.165            -47.6684            -35.2365
4.83295            -122.025                6.04
13.9059            -12.9046              24.048
20.8274            -55.9393             1.74662
15.9678             3.91384            -1.63366
17.0252            -116.008             10.1182
10.1254            -31.2536             12.6238
15.0964            -44.3925             6.82831
-2.68551            -62.2087             12.1778
13.8442            -28.8437             9.70495
11.453             2.68107            -1.88656
21.3994             7.73914             13.0816
8.6651            -171.857            -5.63931
10.7972            -132.701             5.70757
9.60955            -52.3525              13.212
16.5791            -66.4004             3.69861
6.09124             20.6925             9.17866
20.6471            -88.0907             10.0551
5.00006            -24.4456             11.0884
11.6646             -85.728            -1.03873
-0.752176            -106.575             10.6605
20.8015            -134.143             10.3416
6.77149            -68.9169             14.6573
7.08718            -54.4547            0.629164
10.3087             5.92858             6.88967
9.79773            -94.2439            0.292362
9.0608             8.69564             2.36527
5.80016            -54.3353            -16.3119
3.66484            -48.3432            -65.1321
7.7226             27.2631            -123.062
-4.05127             1.35975            -230.806
7.22561            -4.14643             -123.63
4.32716             15.6697             -117.11
16.3484              19.345             12.6817
6.75388             9.89856             16.9703
14.3761           -0.141747             5.38065
21.6012             5.58516             7.76484
2.08576             20.3202            -0.21783
5.28959             10.8595             8.80858
10.6733            -4.37225             7.70819
17.1431             11.6503              0.8487
5.82665             3.37163            0.205979
12.1157             3.24752             17.2677
14.8824              7.3309             14.7903
15.5769              25.982             18.8836
12.0847             7.03603             15.6118
4.3201             16.7966             5.85489
13.2511            -2.17356              2.6055
11.2901             2.23823             16.7462
12.8198             20.8526             8.06583
4.49714             2.79873             12.4587
13.8743           -0.474613             6.42309
15.0453             15.6285             3.08149
9.04381             15.9514             11.1006
1.02516             19.3027             10.9461
25.0063             3.62712             15.0148
6.041             10.0942             4.96274
8.0907             17.1388             18.2092
9.56035             18.0649             12.5853
6.56975             12.5296            -20.5501
29.735             15.7713            -10.9796
11.3572             13.3487            -154.037
1.76905            -3.42132             7.92051
11.3501            -2.73634            -85.6251
23.9944             11.5398            -70.4915
2.16043             8.48924             29.8095
9.0636             7.29546             10.2389
11.8738             1.41074             1.16148
16.0556             4.32058               2.075
16.0663             7.46971             13.4555
10.093             16.8542             10.1359
14.8682             5.59535             5.72846
11.2385            -2.51489             13.2933
5.00144             5.68617             8.46615
6.66375             1.96349             1.21255
16.943            -1.16395              14.803
16.6112            -5.19332             9.76857
11.4873             6.15957            -0.05169
5.74733            0.376412           0.0295652
10.032             9.19629             11.4864
15.7702              1.7443             14.5108
5.99614             14.8925             5.30038
7.49076             15.6043           -0.419989
18.9322            -1.75052             1.53275
25.7047             5.60688             2.14302
18.2043             15.5602             8.58068
15.6683             8.14855               19.14
7.98453             10.4267             6.01677
11.1448            -4.78793               14.31
5.18569             9.55303             8.33293
10.0176             8.76798             10.0815
19.1871             15.8252            -11.3825
23.3242             -6.8467            -23.0261
4.85526             8.57074            -94.6188
-1.89618             5.83679            -213.853
11.9347            -9.39961            -67.1957
21.0875             1.12659            -64.3185
6.95665             16.6293              16.693
-0.375795              5.5867             30.6263
24.944             7.83058             15.5585
16.8212            -4.23849             12.3447
10.8118             15.0743             6.85596
14.554             12.0998             15.3967
20.9568             9.71155             17.8509
15.5934             7.39973             3.82753
12.7633             1.96649             9.79677
12.1211             13.9828            0.237345
12.1079              -3.048             16.9385
18.9117             5.94498             4.97026
9.85474            0.583031             11.4498
7.98426             3.68482             1.23103
21.3824             2.49243             11.2517
24.9724             10.2758             12.9869
7.36532             16.7858             1.56441
8.5967             9.66235             15.6732
22.2457             2.99261             19.0813
18.3086             12.1851             14.9993
9.22903             7.30954             15.3016
7.78281             14.7516              7.1655
8.51703           -0.103102             4.27811
21.8894             6.75789             2.50275
3.54881             16.9306             17.8822
1.40951             12.2674             4.95173
-4.08211             13.7728             10.9024
25.3117            0.809371            -10.6093
16.3607             9.56309            -126.701
1.461            -8.87846            -20.9108
19.6073             5.43718            -94.7467
17.2808             5.27139            -106.023
12.3523             11.8132             15.6372
16.641             12.6897              17.173
23.4536             4.16641              19.304
11.6916             7.50693             15.3078
8.55817             2.93563             6.60413
16.108             11.8673            0.291779
17.0081            0.465354             13.7548
16.4899             2.35538             2.88577
13.6456             3.73748             17.2853
10.0318             5.84456           -0.676026
16.4535            -6.81467             10.9242
24.939            -3.44102             8.87548
17.1435             9.96297             4.36336
12.2054             -0.4616             11.5662
12.0835           -0.830787             17.2698
16.6724             2.86524             11.2904
11.368             17.8798             7.00687
2.68214             10.4083             12.4883
23.7704               2.493            0.372211
13.561            -5.58046             6.56062
13.8134                 2.4             16.8829
8.98166           0.0364636             15.2112
21.9865             11.1469             3.85802
23.457             9.83953             7.14476
17.1511             6.01539             20.3726
12.0543             8.42132             12.5964
10.1808             12.6597            -19.8947
30.6833             4.73741            -31.5658
8.77268             14.4309            -124.026
4.34152             14.0079            -15.4221
10.6282             6.53496            -26.0739
16.2259            -3.36237              -31.79
4.03489             2.89547             22.2115
15.8385             18.0106             7.08668
16.8063             1.54603        -0.000819396
17.5522             3.62436             16.3621
6.19643             11.4184             1.94883
1.59764             2.83476             17.7724
13.7481             9.91071             10.4482
12.0988             4.05991             17.6729
4.68967             11.8099              7.6923
19.3924              10.246           -0.414869
14.7611             9.41141             9.43885
19.714            -4.60799              4.7218
14.798             12.4706             7.57918
4.90555              17.007             2.51494
12.766              3.8285             12.0388
12.6804             1.02534            0.351802
7.87679             6.87584             1.24876
9.70099             10.0075           -0.872343
8.51164              7.3444             11.9536
7.18766           0.0812125             13.1537
11.1511              8.5927             18.3473
8.67173             14.2199           -0.790206
16.8899             2.90838             18.2409
10.9929             5.99089             15.0954
14.6479             17.7911             5.91703
7.66757             7.18994             19.3383
17.9961             17.0511            -38.7711
23.8688            -7.05813             10.3752
3.2734             17.0473            -79.0008
5.86876             4.19593              2.6233
23.8074            -2.53409            -2.42338
7.07566             5.72507            0.567575
1.18611             13.4752             10.2054
1.61235             16.4212             5.98821
10.6668             6.62602             18.4003
23.546             10.0524             2.68461
19.0157             8.80627             9.82819
12.6962           0.0205662             15.7392
7.33931            -6.95621             17.0556
25.2588             9.67788             16.4302
16.7601             13.8891             2.67085
9.94542             12.6892             4.55204
18.4019             12.3278             12.5685
8.03533             8.22922             16.9867
4.8565             9.93924             1.12177
14.6658             6.98267             10.2805
17.3459            -3.03755             9.55515
20.5541             9.62016             15.5337
13.0398             4.39008              18.932
10.3237             6.35032             14.5478
9.03111             7.69547             12.9331
18.0793             8.00531             11.0914
10.8384             18.1899             3.35143
6.49613             9.54172            0.365604
21.4849             8.24327           0.0938757
14.869              10.629             7.49117
0.149468             15.8346             21.0375
18.4374               11.69             7.21716
4.81925             15.7096            -42.9332
12.9639           -0.337826            -30.2674
20.2608             25.0661            -74.4715
-4.27245            -8.79332            -55.5541
20.3364            -11.3154            -11.9929
16.0296              6.7692            -8.18432
9.42832             6.45494             10.3216
20.4527            -44.4144             8.58898
22.2694            -13.2879             14.3976
15.5244             9.92264             10.2597
9.97398             4.71794            0.488429
24.7164            -23.9528           -0.533394
8.81392            -15.6167             8.64309
21.3628             6.73565            0.796403
12.2184             14.8935             16.8341
22.5355            -27.4847             3.24927
7.90608            -3.82202             2.32333
11.7773              12.695            0.256679
3.98598             17.0808             13.6879
9.19302            -43.7591             21.8387
17.5378            -13.6731             2.83175
16.5677             8.62615             16.2539
1.83944             21.5792             11.9713
14.2032            -5.16151           -0.302294
8.38564            -18.2878             4.62388
6.59729             11.0128             14.2979
5.25521             3.52728             1.86071
22.5237             5.00438             10.6491
13.9365            -3.72409             12.0031
7.17548             7.71179             1.18155
3.11072             17.3982             18.2154
9.1986            -12.3664            0.585927
11.9294            -10.7953            -2.61717
20.2889             -7.2453             3.94405
13.0427            -129.778            -135.817
10.2547            -37.2369             8.00451
17.4602            -58.5831            -53.7306
0.658692            -95.0461            -14.2629
11.4679            -66.6523             25.0993
0.112474            -37.6752             14.7124
16.0831            -3.06759             8.26795
10.6196            -108.435              4.7971
16.6621             -116.34             11.7704
5.74137            -58.7685             0.49598
17.3645            -22.4978             7.17804
-1.92329            -12.3024             17.7447
18.4586            -114.117             10.5317
4.90693            -7.32417             19.3544
7.51635            -65.6119              1.4957
7.34159            -5.30232              4.1594
16.6683            -101.573             11.3528
9.69583            -7.86456             18.0391
7.60036            -5.44637            -3.60623
15.3049            -11.2067              1.6358
4.50732            -143.898             8.46069
12.2895             -42.519             8.92056
9.07706            -85.0835              12.874
-1.41333            -34.8242             20.0106
13.297            -82.5145             1.25669
8.50174             -49.297             5.18008
14.7875            -29.9944             2.79169
17.496            -134.007             4.69493
3.1394            -96.9702             15.0996
10.6145            -87.6825             4.08662
4.70619            -114.068            -4.70557
1.24257            -39.0332            -69.0451
18.1929             21.5106            -98.6564
9.67495             5.49452            -227.519
9.05782            -7.78669            -148.414
20.5428             8.91901            -85.2117
17.9149             10.5683             14.4976
17.0097             4.94526              30.021
17.8809            -6.52018             16.9378
9.99991             25.2801             4.20647
16.299             13.4507             2.19611
18.2604             11.6527              1.5825
23.0996             1.76134               17.22
11.4353             11.4344             10.8827
17.0798             9.24961             1.87498
13.4009             19.7437            0.129886
9.83967             9.37276             11.4172
16.8039             3.80629             4.61021
15.262             15.6118             5.00875
15.5707             6.44706             8.26461
19.1665            -3.80063           0.0541951
24.9654             4.31968             15.6436
5.80465              23.626             3.47848
8.20325             15.7786              6.7095
20.8089             6.57272             10.0399
7.53855             4.01286             2.44157
7.08174             27.4571             7.96866
12.1937             12.1269             12.3506
13.9547             3.58409             1.89805
19.7547             12.7273             2.52819
11.5811              23.771              17.899
6.58836             14.1466             7.08141
3.80786             11.7298            -35.9532
21.4202             9.64639             3.10031
3.39227              4.3779            -137.036
-4.05391           -0.672552            -186.485
24.0062             5.27985            -57.0642
5.565            -2.95079            -101.494
14.0345             18.0503             10.7103
14.7842           -0.321603             20.5348
15.3153             11.1226             5.08935
9.31972             2.20878             10.4882
14.2398             11.9965             4.37901
6.73326              1.1382             15.0747
24.0384             11.5747             15.8748
6.74105            0.930009             12.7047
12.4739             13.2543             5.87006
15.0355             14.0638             3.79993
18.6033             5.71619             11.5946
24.5428             9.50018             18.0005
-0.10757             3.47786             7.46232
2.50968             16.7166             12.1904
15.3206             12.4127             17.6636
24.5219             5.89058             18.4831
-0.151626             11.9073             4.42794
9.29454             6.40659             1.35438
24.183             11.7397             7.96544
18.522             9.06713             16.2242
18.9729             13.6354             14.9034
12.1485             8.53159             1.24419
23.9271             -3.8124             8.77465
15.661              11.187             8.44491
18.9312              15.259             12.6451
0.460916               1.594             21.5333
5.33682             9.24518            -16.6168
21.4684            -6.19784            -4.11494
8.32911             11.7097            -155.066
-2.53224            -2.92167             14.1722
9.14467             1.81205            -79.6016
17.1963            -1.34557            -76.1004
15.4949              14.455             29.0159
7.37262             11.3732             1.56472
15.6776             3.78999              8.3193
17.2635             8.74052             18.6281
10.8388             16.7065             15.1828
3.75512             17.8128             13.9981
21.0461            0.629417             17.1611
9.62662            -4.48533             18.2225
17.3582             13.2437             3.03378
1.10028             7.67928             10.7231
21.6327          -0.0431214             6.71851
11.6823             11.5511             11.1893
14.2855             1.39089             6.66365
-0.699737             8.42555             12.5825
8.19162             7.22696             11.2796
16.1335             -4.0196             6.25125
15.1382             9.78852             18.4844
3.63052             11.2512             10.1446
18.8404            0.840156             2.75368
21.5297            -1.94459             5.12852
4.57037              12.207             15.4225
1.32752             17.2036             10.4736
13.2993           -0.972747             9.28573
6.18449            -6.87815             18.5074
0.390951             4.33825             4.38365
-0.368801             19.3376             12.7107
5.21882             10.8692            -29.4185
22.9017             4.42444             9.69912
18.8259             12.5848            -106.284
1.41206              11.607            -210.836
7.5524             2.15448            -64.8648
17.3912             12.5644            -56.2673
3.30942           -0.374721             12.5723
16.5832             7.89216             24.0946
13.5282             8.84207              4.3073
6.87141           -0.354401            0.651362
2.24876             8.01377             8.50986
9.27383              18.091             7.22346
20.2749            -2.64565             6.98459
6.49267             6.00627             7.88948
17.4349             17.3771             10.2031
7.29655             9.59092             18.0153
22.5911            -4.50932             4.81796
18.5223          -0.0165041             13.5822
2.89139             16.6601             7.98319
14.5757             18.7277             2.44396
16.2424             1.11564             14.6773
20.4095             9.03214             2.06963
16.514             13.7294             12.3807
6.04438             2.12813             12.8224
23.0856            -3.18274             11.5142
13.5196            -2.34207              9.4457
10.1042             9.08693             2.72471
3.05906             8.27297             8.56065
24.7032            -3.63571               7.351
8.10113           -0.427287             3.15281
6.66579             1.20447             12.4424
15.9312             17.4512             4.63319
4.0523             10.4439             5.49605
30.0531            -15.5578            -26.2777
17.0083             16.5515            -132.876
-3.30383            0.329579            -31.5303
25.6167            -4.98003            -34.0864
16.3796             8.67121            -90.8049
7.16431             2.16166             23.9356
1.189             16.5715             14.1512
19.0986              9.4059             15.6446
19.9314             11.6924             13.8518
4.00461              14.858             13.5933
11.31              6.4862             1.17277
14.4491             2.48429             12.0562
16.8374              11.961             2.08689
13.0205             11.0298              13.955
12.9213             18.9561            0.631232
14.6172             2.21161             4.17436
15.4047             4.14358             13.9892
16.0872             7.85475             13.1899
10.1443             8.30468             10.3589
16.8448            -5.29186             5.75441
18.9579            -3.37281             4.39785
4.60864             9.63308             16.2584
-0.189537             14.0925             1.49082
19.173             0.45853             4.71221
20.4094           -0.836708             5.33665
16.9883             2.66586             12.0981
19.0725             16.9953             9.67639
20.3779             6.86946             6.56998
19.224             9.11692              1.1034
0.913291              17.538             19.9653
10.4056             6.68182             2.18312
0.204386             11.5394             -40.366
18.8044           -0.720517            -2.31426
2.06118             5.26707            -76.7274
8.22663            -2.82781            -189.795
17.5447             1.45496            -47.0437
21.4883             1.26386            -43.5141
0.911517             4.48815              4.7921
14.401             9.18127             26.2282
6.64084            -3.40572             6.87988
13.7449            -5.89273            0.932101
1.07073             8.73769             11.9749
15.6294             1.22293              17.425
16.997             8.63819             10.6521
14.9057             2.74112             12.4336
9.01159             14.9056              17.226
4.22351             17.3146             8.44668
10.0028             -6.1467             15.0064
14.4466             8.17644             17.4461
8.93482             3.30122             1.03351
1.47955             11.9677            0.618461
14.3778            -5.02318             6.51247
20.1694             6.73151             9.27303
4.89907             17.4396             10.1372
12.8457           0.0890718             4.31881
10.5915            -3.25638           -0.512452
10.4582             6.63903             9.27009
9.924             11.9266             7.18375
10.5281             1.90867               15.93
22.7344             7.15515           -0.884774
6.41128              11.672             13.0153
11.425             11.3033             15.7007
16.989              11.613             16.9608
13.4643             7.78399             11.4358
21.2334            -2.99017             -23.504
8.18111             19.4143            -120.304
3.9518            -8.75872            -108.204
12.2518            -15.9204             -107.17
15.4785             2.08059            -96.1689
12.4299             7.24734             24.9391
22.4347            -22.9921             3.71866
4.49799            -17.3758             12.7722
22.5556             12.5241             17.2642
0.798617             7.50137             15.3813
11.7911             1.98662             13.6271
8.52734            0.920743            0.439093
17.6227             3.93398             17.2467
9.21406             10.0201             3.77328
8.06157              4.6681              13.941
14.7835            -15.5107             8.01578
17.1613            0.598838              13.744
9.54455              17.354             1.95513
5.01649             3.39411             14.7179
11.0058            -5.64258             16.3397
7.13591             5.46582             1.81902
17.5852             11.6925             9.77131
19.1582              -8.931             15.1659
11.8954            -9.36893             16.2136
11.2366            -4.14749             9.83583
9.69142             7.43241             15.4771
20.1971            -38.2555            -3.40047
7.0174            -2.59831             10.0632
12.3084             10.6677             8.20738
9.32021             23.1552             20.1966
6.5694            -1.41155             2.30105
11.2028            -9.99684           -0.524962
16.2038             7.51689            -3.94789
19.2411            -102.193             -92.084
-7.03987            -16.6191            -137.765
18.3703            -82.4665            -62.7687
15.6513            -140.072            -9.05892
13.2243            -137.167              20.881
11.1518            -74.1101             28.5784
10.6843            -76.6974             4.78551
12.4925            -4.66831           -0.786127
3.91023            -86.7723             14.8497
9.5064            -42.0167            -2.99338
10.1565            -47.3399             6.70129
6.69881            -139.161             10.1488
-1.51968            -87.0222              8.5961
8.65462            -86.8999             14.4511
11.2156            -36.2929            -2.71258
-2.43929            -110.628             8.90395
8.99882            -95.5883            0.315995
-1.04707            -100.371             4.78039
6.03874            -34.2904             5.49033
4.13562            -108.243               10.98
4.28018            -127.341             5.42959
8.21561            -96.2621             18.3279
24.8138            -49.7198             10.2258
5.24557            -35.8113             8.24152
11.3879             -73.269            -4.04322
4.82047            -1.33118             11.1965
21.2727            -55.4538             2.74824
13.5506            -166.047             2.61514
21.429            -120.533             19.1344
15.1694            -82.1184             5.83384
-4.23214            -125.681           -0.577578
16.2673            -39.9979             -35.897
17.2593             22.1969            -94.2564
0.701407             11.3497            -170.986
13.8194              3.5214            -147.512
10.2351             8.64098            -143.658
0.764483             25.1831              26.696
9.91301           -0.847917             30.6951
11.0578             8.56809             5.16904
23.957           -0.906923             11.6059
13.8126             30.1823             7.07245
11.8696             7.65446          -0.0150321
16.3883            -5.98013             1.76841
6.79471             21.7718             17.0705
17.7737             27.4158           0.0517638
16.3393             4.74194            0.132491
15.3956           -0.970252             6.31582
18.44             8.87872             2.81727
1.03318             16.5871             18.2675
0.521365             7.76411             10.2717
18.692           -0.894239             8.23546
22.2661             9.49448             9.33139
16.797             16.3658             5.73124
18.466             15.9512              7.0443
19.4532             12.0427             12.5634
17.0214            -3.96421             11.1882
3.13167             7.69137            0.865372
2.06425             5.62092             10.9334
15.1976            -1.31473             15.5013
6.69984             14.7612             9.10066
4.01036             27.3739             4.36287
6.02978             7.53393              4.5931
12.5272             8.41263            0.915238
24.4691             4.26548           -0.343569
13.3007             17.7591            -134.062
-1.87629             3.46949            -38.4227
21.7093             3.23294            -85.6406
13.936            -4.21195              -98.02
5.62461             8.50972             32.0828
10.3786             9.33477             1.86603
15.2636            -4.44595             11.0228
7.72859             11.8851             3.58017
2.87814             4.58905             17.3801
18.8007             8.01368             5.81936
6.70129            0.545064             5.59372
17.9776             4.01305             16.2241
2.81739             12.2407             15.9554
16.9153               0.399             12.5759
23.8689             5.16722             3.13102
22.6847           -0.746267             2.66174
16.6503             17.3943             18.9866
9.74678             2.53949             6.55081
14.8274              9.3265              19.174
18.9023             7.89882             5.78428
12.5425             9.17932             9.98637
5.81407             11.0389              13.138
25.0489            -4.81431             1.36148
11.0671            -2.99569           0.0203076
0.192779             3.02035              11.225
5.45061             6.78743             11.9691
21.493             1.18543             16.0884
21.3083            -6.22417             17.9126
15.0335            0.103242             5.87345
12.6848             6.80259             8.55662
10.2258             8.15159           -0.840233
16.331             2.88094             -1.7355
21.2511             10.7711            -118.295
-2.17056             -3.4989            -52.6126
16.0455            -6.13369            -35.3783
23.9726             8.87322            -46.0004
3.73662             4.76626             20.2894
18.1592             4.86823              3.4419
11.5432            -6.05365             16.0459
14.9782             5.13442             4.93596
9.58623             7.44146             15.8175
15.4958           -0.704883             16.1631
17.3288            -4.47163             7.71686
23.4417             4.63852             2.81421
3.68917             6.06546             7.69116
8.09475             7.11516             14.9986
10.4769            -2.26915             17.8908
20.6143             6.72788             8.48764
7.96457             13.4269             18.4798
9.68401             15.5688             18.8677
18.9305             2.15465             5.57096
24.5411            0.926976             2.31131
18.9669             7.85118             17.3411
16.5501              15.112             18.2258
20.8505            -6.05273             2.93154
18.8091             5.83896             7.33272
13.9764           -0.229001             12.6599
12.975             4.29099             3.55957
24.4894            -1.25648             13.8557
25.5696            -2.04219             13.2075
9.98725             4.79825             13.3447
13.8362           -0.648794             6.45354
18.4302             9.16433            -19.9346
17.4037            -13.7491            -18.0224
1.28204             12.7288            -110.004
-5.92724             4.07475            -190.744
18.3402             3.15573            -115.827
17.5569             3.77034            -65.9358
17.3168            0.975681             8.78217
14.4807             13.5533             15.1967
16.7123             5.93443            0.642015
23.6834             8.03565             0.32463
-0.174094             8.18517             8.34462
18.9673             4.22585             16.7763
8.81624             1.09967             16.4128
15.5715             10.3314             11.6382
5.80557             15.5877             1.36404
-0.0567029             3.17343             8.43706
9.19974             8.01798             11.9952
19.7208              3.8974             11.7505
17.479             17.8207              6.0351
9.4077             1.91569             16.1436
9.78871            -6.66911             10.4108
9.09936            0.503511             6.64051
15.8203             17.0767             6.79835
7.6671             2.00973             5.69478
18.0691             9.07023             4.04422
15.4717            0.341904             15.1147
17.0056             10.6495             16.9988
1.53672             6.69001             8.40585
11.5728            -3.80654            0.822039
16.9327             10.9128             12.0026
14.0475           0.0302508             11.5525
11.6672             14.0512              21.853
8.99087             15.6141             6.91085
27.115            -9.25007             -21.358
3.84432             15.5996            -114.484
-4.25636             2.21898            -75.7592
16.7116             10.2781            -48.3542
6.56339             10.5023            -96.7608
12.1055             18.2822             28.9323
18.6279             11.7018             21.1915
8.71864            -2.58535             9.74061
19.6174             -6.1119             15.9505
0.0665696             3.46468             1.94781
15.62             6.92376           -0.866521
12.8281             12.0265             6.14105
9.97176             12.6216             11.2593
11.6837             7.40255             9.04988
8.55395             12.3761             6.02893
6.82018             3.40164             17.3228
11.1272             12.1003             6.85631
12.1901             9.68912             11.4552
9.45638             11.5655             4.32972
9.49294            0.828254             1.02712
18.0746             7.90237             2.05798
3.09366             3.16225            0.719313
11.396              12.365             12.0754
20.267             8.44907             3.06216
13.3228            0.352166           -0.756742
7.56706             6.65208             11.8195
8.65706             12.8789             14.0614
19.7477          -0.0973116             17.4239
6.14097            -6.49215              13.153
0.431001             17.8118             13.2478
-0.427252             18.6182             18.0037
10.8735             16.0848            -23.8835
24.2832            -1.57849             2.42324
4.9635             8.83336            -131.879
4.61834             6.42848              6.9564
6.92844            -9.55139             -66.502
12.5437             8.27511            -24.8624
14.9459             14.9592             17.0236
3.87135             8.40884              2.2797
21.3823            0.955362             11.0867
6.42707            -6.72651             6.97728
14.2807             1.42736             15.5768
2.76409             12.4406             8.37672
9.80202            0.985564             13.3203
7.52566            -2.20901             14.8757
10.6961             8.06684             1.44657
10.5982             12.9205             5.01046
12.9161            -6.70985             18.2276
17.4191            0.278793             17.3687
10.7123             17.3757             5.03115
5.40267            0.763107             20.0313
23.3966             7.84413             14.7302
10.3013             3.56758              4.1277
2.21458            0.993659             14.9439
12.6288             10.6125           -0.467187
7.36074           -0.951696              13.751
9.92831            -5.24603             11.8971
6.7754              16.764             18.9522
3.25206             9.18102             2.71029
10.0051             4.30291             7.08231
19.8928             11.9469             18.0902
-0.621727             6.84598             2.96059
5.01187             14.1523              2.3784
21.5873              17.592            -1.97551
29.2732            -4.49665             2.98568
21.7902             23.4902             -113.19
12.2499            -16.3755            -102.128
7.07022             -13.258            -97.7571
7.51055            0.662562            -62.4407
2.87817             15.3486             18.1616
20.4728            -44.4508             8.59601
5.71835            -1.88208             1.65146
24.6768             1.73112             15.5279
10.3298             12.9381             9.53846
5.85068            -38.7259             4.42662
-2.88772            -17.7714             4.57721
25.7592             4.95079             13.7182
14.0981             12.7628             10.9203
14.225            -10.6657             14.8611
6.74707            -21.0202             5.37421
12.5804             8.12439             6.64552
8.72418             13.4491              2.5826
23.1801            -17.5698           0.0335571
5.13237            -10.6168             8.50935
16.4961             4.00529             3.52548
12.9804             14.3228             14.3149
13.3505            -33.4264              18.552
3.99115              1.6087             7.84619
14.2254             11.0651             17.7801
3.35051             5.76252             10.9263
15.2642            -40.2992            -2.98388
0.501714            -21.4695             8.90996
14.2124              3.3413             17.1642
17.1876             10.5438             18.6254
17.1264            -45.9368             23.7616
7.09522            -6.62413             4.18911
29.8227            -3.72377            -40.6585
9.49764            -93.8452            -11.1514
1.09127            -46.7847             24.9111
5.83857            -105.054            -48.3575
-7.37887            -146.188             10.6712
15.2318            -129.818             12.1781
1.05817             -61.684             18.7662
6.77084            -18.8973             2.74498
0.824575          -0.0885871             15.8193
7.16611            -82.9295             7.62274
17.5994             5.59054             13.8705
14.1256            -53.3895             4.87733
6.59297            -124.842             7.53955
13.0186            -108.777             2.22724
4.66457            -72.7553            -2.63733
20.4869            -77.7966             15.7569
8.34757            -102.572             12.3036
4.87374            -83.8354            0.619175
10.5489            -89.7911              12.521
18.0139            -93.5321             5.28938
11.1413            -127.612             13.5228
15.0945            -103.395             9.93954
-2.40791            -73.1761             1.52603
18.6925            -20.0618             10.0902
1.81936            -135.853            -2.56644
4.19789                -124           -0.917855
1.24048             -37.984              15.471
4.48294            -68.6095            0.361047
-5.4564            -118.149             10.6521
14.9322            -138.442             7.06462
3.38988            -62.8829             18.9748
12.0029            -28.6004            -3.75424
5.01743             2.68098             7.09248
9.35416             8.53295            -129.164
3.43802             1.73746            -58.4759
19.0832            -2.90432            -97.4447
6.25634             23.4696            -57.9928
2.47061             19.3904             16.2976
3.37307             2.54306             17.0248
16.9452            -4.33688             12.6071
11.0332             4.08734             3.56064
1.96283             7.19853             12.8669
-0.110287            0.119287              19.175
11.008             7.20464           -0.293845
24.8834             27.7965             10.3005
5.84869              15.981             12.4998
14.1047             18.8826             6.64395
13.484             10.7615             14.5291
8.18352             16.4901             16.2936
0.00694394             27.4151             9.51481
3.44541             11.2827             1.86968
25.1387             2.92787             8.35346
17.0689             18.8854              11.085
5.71764             18.1345             6.09183
6.6653              3.1672             15.4874
9.48771            0.913849              9.4261
12.4583             15.5669             3.84191
10.7215             7.27025             10.4336
4.39984             11.1007             9.70863
11.1924            -1.67153             18.3967
16.4597             19.8924             18.7067
-0.0535751             12.8202              19.311
15.7756           -0.709757             14.2522
9.09533             12.6682            -2.57851
26.1915             1.59759             10.3039
12.2197             17.5399            -85.2123
5.01822            -3.38644            -195.865
8.05519            -3.78137            -112.797
6.50162             5.16363            -110.048
4.19892             18.0201              20.011
7.64805             5.90517             15.4781
18.9172             1.98572             9.47103
6.3431            -4.00003             15.0657
9.17396             11.3768             6.94184
13.4828             3.38656           -0.199893
12.0089            -3.71188             5.61513
22.5759             1.32118             17.7284
13.0302             5.09238             18.5216
5.62964             17.3645              3.5825
9.93666            -2.29888             16.0172
23.4519             8.55651             2.84287
5.89321             12.9819             12.8011
-0.736431             16.2856             5.91296
9.25624             3.68059              3.9509
21.8054             9.51735             8.21403
11.223             7.74615             9.30841
14.9305             9.66201           -0.493894
11.5351             6.94715             16.4572
13.8614             12.6588             17.3986
2.56013             2.22667             18.7959
5.82108             4.33273             16.8282
14.8743            -4.31398             1.24852
18.7469              10.497             7.13432
11.9761             14.4708             19.2432
17.0466             12.9905             15.1377
8.56267           -0.287057            -15.0415
26.3582            -6.44849            -5.79853
9.42063             17.1194            -128.762
2.43482             11.6413            -4.22055
11.5599            -2.64603            -30.4281
4.54969             9.93966            -59.9999
9.15511             8.86763             11.9758
11.4617             9.55471             18.8867
15.4232             4.33902              7.0681
20.2354               7.891             11.1693
2.46414             5.98865             11.5237
9.50038             3.69255              14.978
20.7343             8.90207             10.2091
22.0915             11.1177             6.82765
14.4609             18.2326              6.9566
3.70647             6.03267             3.21089
19.304             8.35402             13.3952
23.1388             11.2592             14.1408
17.3703             10.3343             10.4354
2.02662             9.90105           -0.487535
16.8338             0.79442             3.58581
23.3213            -7.26979           -0.954405
6.13833             2.07092             12.3781
10.618             10.6355             13.5912
14.8956             6.04512             16.9828
23.4855            -1.69936             3.91268
1.06911             16.2959             3.01765
5.92627             3.08339             0.63157
11.7152            -3.98598             3.67271
24.0293             11.4443              13.875
8.29615             8.24135             3.29981
17.0325             11.8517             7.25841
13.2775             5.89535             -9.6862
12.43            -2.88964             2.82599
3.80602             11.7414            -131.596
12.834            -5.09743             6.97379
20.3753              -1.827            -54.9422
23.7636             8.68201            -26.0778
0.633539             6.65088              15.871
6.59149             7.73302             2.85078
17.0424             8.80193              8.9558
19.4481             5.14582            0.229176
15.9523             18.1476             8.58403
17.69            0.395064           0.0150986
7.78492             7.73818             2.56571
10.1706          -0.0985748             8.35253
1.04447             16.0344             18.9978
15.9518           -0.741219              7.5257
25.0603            -5.46957             5.92241
9.41086              3.2668            0.300835
10.5677             15.4126             8.59412
8.2606             6.65585             4.10531
17.9847             2.49794             11.5729
14.4699            -4.33661             5.91201
18.2139             13.7972             11.2177
14.2129            -0.76455             17.5033
16.994            -2.73338             18.3104
16.8347            -6.96418               12.93
13.9653             13.0222             18.7409
18.8822             11.6419           -0.366678
17.885           -0.325397             12.3507
6.52708            0.552013             3.95935
13.6596             8.32558              7.8155
13.8153            -1.05023              16.378
7.76866             5.14887            -7.19856
19.557             1.51201             -29.098
15.3646             16.7155            -82.5316
11.7141            -1.13006            -229.466
8.90059            -8.40732             -108.04
10.2084            -4.87431            -102.885
3.62103             4.22222             15.8348
12.7518             11.8611             29.6048
19.9847             3.52398             10.3332
21.6179            -7.31759             1.42276
13.6221             3.99838             15.3886
15.3923             5.14502             15.9652
10.4276            -5.38914             18.0668
12.9101             3.51129             14.9584
8.54612               1.674             2.51707
2.97407             9.20298             17.3649
10.9289             1.73543             1.21502
25.7233              3.7645             11.0756
9.83136             6.90176             13.5052
3.05051             18.9481             6.59944
7.05541            -4.31609             3.79634
21.419            -5.75609             18.3268
13.4873             12.6722             8.54587
12.219             3.82998             18.2423
25.2975             10.8456             4.77182
8.24955            -4.70276             15.6882
7.3804             6.95029             1.30633
3.57616             10.6993             2.29122
22.7339             2.74381             12.0393
25.307            -7.09985             2.26394
14.3392             13.4955              7.7138
7.40384             19.6409             2.94507
-1.23329              3.0932            -2.79727
16.3079            -4.95216            -16.7027
-0.734451             21.7964            -120.753
-8.16657           -0.831064            -18.9268
5.94161             10.2178            -49.1842
14.7272           -0.696237            -78.1932
1.4008             9.34825             15.4589
11.1035             18.1731             13.2771
18.986               -1.82              15.527
18.7862            -5.88524             6.21186
16.8418             1.49557             9.02445
2.64577              13.069              1.5145
20.8909             2.50561             5.43285
12.5584             2.94929             2.01188
9.68963             3.19958             16.5417
12.2951             18.3437           0.0269765
13.7282             7.47957             6.61958
17.9377             8.08268             12.5676
15.0135             10.5672               15.11
16.7959             18.8885            0.337853
9.19642            0.737016             3.04145
12.4108             9.47407             3.40528
-0.172609             18.3699             4.17907
12.2726            0.595632             10.1519
21.6977             1.93917             3.69035
8.73709            -4.20866             12.8913
16.2857             17.1241             2.68288
11.1932            0.646516             12.6463
18.1997             3.06235             14.9057
8.2616            -4.16771              8.1725
7.44037              11.094             9.06851
7.02311             16.0423             7.28313
16.2297             17.9968            -31.6952
25.2689            -3.55396            -19.7799
7.50264             24.0975            -81.5233
2.16165            0.951187             2.04497
17.0551            -9.63154            -15.0753
10.5823            0.541494             9.74513
18.7774             16.4083              14.297
16.292            -49.5541             7.05393
13.1889            -10.9875             7.40744
17.6821              -1.562            0.255714
14.8642             12.8983            0.785834
11.6422            -39.3769           -0.439686
8.09477            -12.1836             16.8634
19.3251             4.12951             8.36781
4.05372             15.4545             7.00582
14.4287            -7.70552           -0.340153
3.02552             -14.312              7.9898
10.4223           0.0888414             17.9612
14.8936             11.4192             10.3532
13.5947            -17.2213             14.5961
10.4478            -4.59315             16.6889
6.32545              14.276             5.24986
6.65931              12.493             3.48379
21.2008            -17.1663             9.17645
9.98835            -12.7233             15.8732
19.5702             11.7362              11.387
0.194421              7.5314             7.21275
8.9612            -11.7296             5.65385
15.7862            -9.79326             14.7863
10.7659             7.77833             6.22171
17.9154             12.4301             12.7359
12.0016            -7.82573             15.3961
-2.00395            -7.14684             4.31924
17.8935             2.72852             9.81147
1.74435            -201.453            -153.289
5.62545            -33.4386            -184.006
10.8451            -106.539            -94.6944
8.70175            -39.2515            -87.7887
0.791981            -79.0932             32.1314
12.1103            -8.35355             21.6252
8.00861            -13.0815             6.21974
7.5886            -170.163            -1.41024
16.91            -144.719             16.6397
-1.08465            -62.4099              9.5049
7.30317            -58.1169             8.55029
6.36666             8.62147             9.12913
23.4685            -88.5932             4.35384
5.94311            -26.3038             2.90023
18.1896            -97.5109            -2.09841
11.0823            -158.383             9.58702
22.2713            -99.2686             15.8982
7.96202            -81.3543           -0.871353
16.3002            -91.3898             11.7373
13.8396            -87.9336            -0.81299
18.8574            -98.6679             8.23117
3.61898            -75.0533             4.69031
5.92587            -94.3421             11.4287
9.40225             -98.413             11.0216
7.2237            -92.4386             8.09357
-0.723166            -80.8698            -3.58578
20.4409            -104.154             11.1216
5.45963            -91.4937            -3.58184
15.6561            -127.938             10.6956
-0.269134            -101.543             9.87732
12.9691            -91.1758            -4.21193
17.9609            -70.0566            -36.3412
7.51262             26.0328            -125.527
-5.33339            -3.69368            -80.5537
25.3313             5.41643            -53.6496
10.3572            -5.21344            -112.121
7.04771              5.7222             17.0336
3.06747             6.14326             19.1282
23.0735             9.73355             12.3032
15.6656             18.1932             19.1359
4.37561             7.53096             18.5822
6.98435             7.04584             8.02415
7.20249            0.190479             11.3992
9.18083            -2.58396             4.05422
7.57634             26.3465             1.78257
11.9469             7.57486             7.48757
17.3707            -2.20973             18.6898
15.5188             10.8582             9.90454
16.0393             18.3279             14.1952
7.52052             12.0755             5.24316
13.9389             2.71015             16.7243
23.1484             19.6702             4.04592
8.40809             22.5497             5.93944
15.3487             12.1841             16.9872
18.5323            -2.21427           -0.056022
25.0442             14.5034             9.59637
16.4224             16.8364             18.0782
18.4606             3.77299             12.9994
13.6637            -2.00284             2.15803
14.0861             23.6279             16.2072
5.52227              23.237             18.5214
14.4526              15.494             11.0892
4.90282             11.3777               10.54
22.9761             7.68392              7.2791
7.46424             8.08973            -87.8405
10.4046           0.0772879            -201.957
18.0557             8.11474            -146.618
7.06634             4.07229            -105.867
15.5805             17.4178             17.8708
8.89458             17.3415             17.2553
10.3253           -0.848729              16.922
12.6213             1.13925             12.4737
4.89518             16.7626             3.57065
8.93647             9.51957             15.5089
17.1409            -2.83531             15.1825
22.333             4.15372             10.9276
8.15601             11.2222             9.63388
1.88305             7.55513             16.1457
21.677            -1.29347             8.09748
21.0151           -0.811785             7.04976
17.3294             2.77265             8.26764
17.7904             4.09021             18.2449
10.8807            -3.73687             12.8756
14.5555             8.65108             3.59494
14.5145             10.1315             12.8172
18.8875             17.2197            -1.05012
12.7863            0.213825             0.92848
10.1398            -5.10859             2.36726
9.39241             9.85917             15.9519
3.551             3.45356             14.2028
14.2292             8.65103             4.43172
22.2491              7.2534             4.58581
16.4163             15.7751             10.5127
3.41315             19.1111             6.06586
17.4021             10.4716            -1.32753
27.1631            -7.51408           -0.878415
18.825             6.72743            -119.412
3.98931           -0.134671            -22.1514
7.19101             3.53881            -42.2006
16.7692            -4.62308            -106.885
17.6348             3.94539             32.7024
17.1404             17.7319             2.86381
23.3488             7.09111             14.7999
20.6867              6.0186             15.5326
11.2222             14.3452             13.1003
7.2494             4.59947             5.08134
17.994           -0.447919             7.21153
8.592             6.95585             9.92271
13.9083             4.48398             17.8498
3.2926             3.49153             17.1052
9.21144             12.3542             1.62932
9.57443            -6.97319             17.9491
13.3982             10.4233             15.9122
6.09651             7.70428            0.239104
25.1338            -0.17482             16.0599
16.214             3.89141             3.46046
4.54253            0.154669             13.3752
8.60018             16.4618             10.3946
15.0475             3.00511             1.08603
12.2295             8.75474             3.52085
13.8467              1.2212             12.7968
8.12946             8.56548             4.78542
24.0364            -3.68742             12.3098
26.442            -7.20531             4.28647
0.803918             3.16305             7.55302
6.58974             2.90131             10.7964
17.6966             11.2417            -34.6499
29.2107            -1.59305            -24.0633
6.62019                11.9            -86.5534
6.30297             13.9604             1.24033
19.7655            -8.70124             7.16274
13.7645            -1.82639           -0.654477
16.7242             3.76367             7.94634
14.8737             6.64729             3.82695
17.2075            -6.45846            0.528933
15.2951             3.89788             13.9061
15.2341             18.4593              9.0972
18.9449             9.20788             9.79573
9.93805            -5.73827             9.98411
15.4558             10.6875             12.2154
6.14444             8.35624             13.1429
15.6911             19.1342             4.70752
13.4299            -6.31677             2.68283
21.9201             2.60388             1.41741
13.1541             13.6366             7.30717
12.1007             14.2111             2.15741
10.3321            -6.14824             18.4471
18.9868            -6.85211             6.97271
6.45574             16.0303             1.43052
3.71311             13.2554             10.2028
18.8933            -4.59211             9.06792
23.2992            -2.91687             1.77412
0.143567              11.076             19.0697
5.61508             17.3162           0.0567499
25.7494            -6.38988              4.9189
8.17635             5.34466             1.03107
0.26053             15.4955             8.22022
3.20272             11.2821             10.4004
15.8998             6.12651            -9.06307
20.4968             3.42817             8.80112
6.5083             4.82234            -102.357
0.125475            -5.56425            -246.433
7.99487            -3.42245            -123.746
13.1225            -2.39404             -76.149
-0.148222           -0.252733             11.0075
3.20251             1.15967             26.4276
16.6388             8.77458             16.3092
18.4084             3.11114             9.86929
16.4228           -0.545461            0.296621
5.07453             16.0382             12.0197
8.87995             2.91666             9.28037
10.3045            0.946209             7.43412
3.65816             7.54956             5.35113
6.66338             19.6789             14.7903
9.81394             7.58157              12.358
6.11539            -1.82346             15.3803
-0.458406             11.3625             10.3839
11.5314             8.30424             15.8584
21.8691              10.381             5.63618
23.0186             6.72931             14.4274
16.5599              3.2453             13.0944
4.19243           -0.571185             18.6336
8.98043           -0.825213             7.87989
13.7408            -6.59323             2.83963
4.15035            0.682171             16.6796
-0.996385            0.810338             19.4862
12.7043             2.26733             13.9397
10.644            -4.99863           -0.649139
14.0829             1.95305             15.0702
11.9146             5.25445             19.4214
4.18571             12.9063            -28.7697
24.8593            -13.0743            -33.5797
1.53222             6.17623            -134.104
-5.93612             5.61101            -190.555
13.7046            -4.95164            -62.9228
14.8983             4.95605            -120.416
4.48109              7.1442             17.4105
-0.696401               10.44             32.3773
15.0237             10.1899             5.07718
21.7319              7.0212             5.09407
3.7397             13.2741              5.5639
8.70819            0.158349             12.7805
20.8567            -2.83007             9.22895
14.7013            -2.65912             7.07841
14.2127             4.91773             13.3635
13.4816             12.1579          -0.0544813
13.8959             11.9721             3.22703
22.1986            0.392661             3.43412
11.8045             1.64633           -0.618505
10.9243             5.67341             17.9642
6.5128              1.0205             4.88676
14.9815             12.5797             15.9489
10.5878             4.32236             15.5805
1.69114              18.766             5.45854
10.0091             4.03919             12.3305
18.3147            -6.47624             15.3137
6.92776             2.20493             12.9384
8.03472             9.62863             9.31447
12.7159             7.75013             1.14794
20.9746              4.3643             13.9027
2.98139             13.2885             19.9333
15.6014             17.4909             10.5913
6.53669             9.70457             2.54323
12.9344               3.344             6.00837
1.11576             19.2476            -109.802
15.3373            -16.0876            -151.605
16.1284             -6.9525            -134.184
21.5367             8.92437            -112.261
10.4166             14.5024             23.4453
15.7005            -31.9717             10.2915
5.73375            -2.33276              8.7333
23.9281             3.21865             10.0936
11.0315             20.0092             10.8907
18.6941             -50.356             21.6302
20.7568            -16.0103             7.04019
21.8865             7.55989             10.6322
10.2278             14.8867             1.04696
8.5381            -33.3476             4.89864
1.54865            -9.28513              17.981
15.7611             16.2092              15.328
13.7522             18.2461             17.4634
6.72777            -41.2004             4.24473
12.523            -23.7759             14.0205
16.4619             11.3502             17.5606
13.2525             9.63949              10.742
8.8325            -4.26665             6.01331
5.15182            -12.2184             6.91965
19.5385             1.75225             3.69816
9.13298             10.8884             2.97018
24.3409            -7.43328             17.9314
10.7875            -19.7123              18.267
25.1482             11.9205           -0.519549
8.93246             9.94055             15.1976
9.27502            -5.12668             7.57271
1.48081            -1.68959            -1.05452
32.1435            -2.60105             5.44486
3.64427            -45.2163            -26.1755
-14.7321             3.46413            -83.9235
8.05748            -53.5172            -93.3195
-2.76944            -61.3634             4.09866
23.4146            -112.263             1.89464
-5.08943            -112.695             17.4973
26.6552            -64.4495           -0.702152
-4.45215            -74.0967             10.8802
6.77155            -87.3817             9.38731
-6.80879              -21.49             15.7445
16.9081            -4.50664             10.2186
-15.0095            -75.5453             10.4123
19.2358             -117.34             13.5508
-13.4119            -46.8302             12.4344
10.2806            -57.6237             4.68444
-16.8492            -70.4406             4.05718
9.92399            -125.342               1.235
-20.7621            -72.6141            -2.84022
25.8551            -55.0564            -2.01894
-9.98523            -38.6388             11.9815
26.1079            -127.235             4.77921
-13.9565             -99.284             14.6028
25.4549            -88.4065             4.15418
-0.0615231            -64.8291             18.3399
6.89556            -109.958            -2.25705
-11.6455            -50.2085             12.4331
9.44094            -97.1038             2.27028
-15.5609            -57.1561             10.4731
23.1408            -108.207              13.699
-7.91063            -84.1369             10.3517
11.0438            -76.3015             3.78822
-10.5653            -12.5188            -1.56824
6.42094             12.3433            -122.755
-11.0291            -3.07457            -92.7558
8.39936           -0.138428             -70.292
-7.32784             21.6891            -103.337
11.1452             20.0202             18.2116
-6.83263             1.26433             10.3292
23.8026            -6.92784             11.7631
-11.0353              11.204              4.6091
17.8112             13.0682            0.223422
-1.14513             9.93255             3.49392
20.1569             8.31896             4.67708
11.0162             18.7575             14.4878
9.93562              17.618             11.1307
-2.18171             4.66224             11.0795
22.8129            -4.11163             6.57537
5.89781             23.3493             7.29492
13.2644             12.4046              11.703
-0.850713             11.8306             12.5175
28.15             9.59989             18.8525
-10.8057             14.0177             8.64773
4.3598             19.4862             6.13373
-6.10551              2.0945             20.6256
16.5279             6.69109           -0.476284
1.02644             8.88886             6.28846
14.7552             28.1866             9.41816
-8.08074             7.82499             14.2569
16.4126             2.73478             16.5973
1.89082             9.18214              1.2469
20.113             18.2282             18.3573
-9.36466             18.8293            0.281725
19.2185             10.9392            -4.13414
9.8766             15.1511            -5.72658
12.0888             1.45637            -112.412
-11.1609            -1.18956            -97.4099
25.1023           -0.623001            -96.4087
-1.99925             4.32922            -87.2388
20.2623              7.8861             28.3493
-7.57681              11.409             18.2394
12.0247              -5.663             5.42462
-10.5475             5.81434              8.3653
20.1375             3.05762             17.5649
-11.0542             10.5477              1.2972
28.9165             5.88997             1.22929
-8.38036           0.0429736             7.15791
13.1768              18.071             2.28123
-11.4314             18.2668             3.16773
13.1562             7.58088             18.8203
0.915747             6.95728             1.72292
23.0149              7.8133             7.71034
-3.92821             11.1797              4.0929
14.2913             9.26714             5.36006
-7.14668            -2.02581             10.7852
13.643             11.2832             16.5668
-22.2425             9.43617             1.07681
16.2984              9.3237             18.4437
-1.01038             7.70268             19.0345
20.1073           0.0466049              6.6014
-15.8498              1.4319           0.0231848
12.94             4.60594             14.5415
7.09557            -7.86569              6.0505
4.45245             2.20992              20.454
-11.95             21.5833             16.2507
5.55307             16.9508            -26.8024
0.161838            -5.18839             14.1117
12.3238             11.5089            -94.4428
-10.6646            0.394947            -133.743
17.897             5.96643             -68.105
5.43965             4.27877            -125.072
2.01934             4.72321             11.3826
-17.2899             14.8477             24.9359
17.1682              2.9068             14.7231
-11.5398            -1.72838             6.19801
14.6909             8.27487              16.948
-19.3717             15.8684             19.4147
20.6276             4.28949             4.06486
-2.60593            -3.42541             5.51615
10.0818             14.7672            0.697387
-6.60711             4.70614             9.24483
25.2652            -6.77377              1.4186
-11.5383            -7.70108             13.3685
6.2032             0.38117             4.57534
-15.37             19.0625             13.4209
11.1751            -3.62252             4.07756
-7.3532             2.02004               1.426
10.1618             12.0667             18.2632
-15.0233             13.9823             6.51518
15.9485           -0.579978             17.1076
-0.00338142            -2.27497            0.969133
14.8641             2.04907             4.74867
-7.71842             18.0658             2.52879
26.8066              -4.057              4.4949
5.39056           -0.970019             20.6983
13.5012             15.0011             5.31877
-9.22787             18.8673            0.323411
13.815             10.8606             8.36669
1.23818            -4.43043            -6.96748
21.6048             11.6264            -107.441
-18.9085             16.3628            -109.998
12.5505           -0.867901            -64.3765
-10.1302            -3.55388            -160.581
10.0956             11.0459             18.1157
-8.57664             12.4423             6.24458
19.6127            -3.11571             6.82526
-10.4993             1.88007            0.253855
20.5217             15.2296             1.18077
-23.5009             1.93954              14.848
10.1884             9.66348             1.72561
2.73449           -0.963185             12.3727
6.87888               12.35           -0.262582
-8.63854             3.17392             11.7643
26.0792             1.22267             9.75139
-2.85682            -5.20821              4.4763
18.9129             2.12485             14.7907
-5.21463             10.2955             17.3832
11.5704            -4.41719           -0.102282
-2.36251             11.0972             10.6473
3.85093           -0.116006             10.2503
1.19672             15.0953             10.2231
26.1243             8.36094           -0.223509
-4.01003             7.58151              6.9099
9.51208           0.0537214            0.795044
-13.6529             18.4391             17.8579
11.0381             -6.1173             6.68039
2.28153            -5.34432             15.9193
1.8963             9.16969             8.53913
-5.1299             18.5091             13.0433
7.85157             16.1108            -36.0726
7.89105            -5.00213             5.01194
8.42721              10.414            -129.736
-8.63719            -7.82262            -56.7558
17.8806            -4.08933            -61.9449
-8.83877            -6.01727            -36.8163
16.6004             15.2524             17.2603
-7.02348             14.7948            0.285802
14.4131             8.81244             15.9944
-18.1808             11.9512             9.64021
21.9055             8.26219             14.6109
-15.1883             2.58759             13.8304
11.8469             1.90323             15.0615
2.42661             5.26525             6.44974
19.7242             17.2889            0.592318
-4.30098             6.88309             10.5995
15.9032            -3.26407             12.0802
-11.3758            -3.21045           -0.987088
22.3917             6.19953             18.9487
-5.86532             3.11465             7.29282
26.2364            -3.94061             11.4878
-0.625832             3.19262             19.9443
7.42287            0.543518             4.37561
-8.99991             11.9232             13.5069
25.9926              8.5095             6.25502
-3.64917            -2.01097              13.215
9.0938             16.5043             8.96557
-20.2134             3.59648             2.08538
20.7441             10.0327             4.47932
-2.70566            -1.62564             2.23598
20.0746             12.8837             21.0495
-9.2774             16.2062             19.2334
17.8231              1.2676             11.2149
-1.33437            -13.0017           -0.733079
27.1704             7.07974            -84.2043
-14.5853             2.40683            -148.965
14.9848           -0.594279            -130.204
1.69684            -1.25574            -118.971
19.1519             4.18551             29.8541
-12.6779             2.64903              36.774
25.8541             8.50366             4.55508
-2.78064            -1.16893             2.13856
20.1526             17.9664             4.80945
-9.51393             16.2963             10.3531
12.6524             3.72947             7.69771
3.71463            -4.66711             12.1809
8.78047              18.563             2.88615
-3.20883             6.49659             14.0192
18.6549            -4.20904             3.24167
-13.4644             1.71373              9.0113
13.7925               12.06             3.18106
-15.3433             18.7001             5.85403
17.1231             10.9489             17.7158
-7.7902             8.69466             18.1867
12.6444             18.2347            0.829003
-25.1693             8.69836             10.8069
27.0564             11.7477             13.7582
-15.3193             5.88448              13.749
19.9731            0.663726             17.5948
-24.1463              13.866             8.06304
12.494             -6.5397            0.893585
-17.3206             1.00685             6.32956
16.0476             7.20461             4.90514
-19.7837             19.7253             8.20514
20.099              12.947            -9.37512
10.6612            -7.08175             1.97259
19.2357             22.9931             -91.383
-13.6997            -8.24857            -92.5969
17.589            -1.21988            -126.143
-7.06335             -1.8889            -151.944
21.1747             11.2732             19.1023
-0.476956            -10.8566             28.5869
20.9922           0.0752165            0.948686
-1.63764           -0.982497             5.36938
19.805             5.61314             2.56409
-6.89039            -7.57853             8.81545
3.209            -11.3106             17.4461
-1.87836              1.9482             1.94091
21.9158             13.6042             2.03201
-7.2053            -10.4894             10.4833
15.1074            -13.9691             17.5282
-1.8669             3.40872            0.160734
9.15161              14.181             16.3705
-5.50243           -0.953666             1.07003
12.9848            -9.12852             12.4974
-14.8513             2.47417              9.5109
19.8489              9.1842             9.82461
2.46573            -2.51494             3.11379
21.1558             -14.402             11.3285
-2.89634             1.94144              6.6502
19.5664             18.6923              12.785
-1.18001             2.69245             15.7163
12.8325            -21.6203             7.16252
-12.2615             10.1655             10.4329
9.29483             6.30056             21.0047
5.66033            -3.36305             10.1524
-2.79419            -3.89415             11.0634
-1.77303            -9.06462            -1.68403
