-1.99237             3.23616             1.78987
-0.839868             6.29993            -9.95449
-9.05271           -0.468631             6.26994
4.4072             9.31095            -1.55369
-11.1842            -11.1481            -6.11407
-0.661251             3.31738             5.64355
2.77232             7.52791            -1.19084
-11.4639             3.19399            -9.27034
7.9896             8.63283             2.90637
-3.62635             3.81827            -5.25474
3.31595             1.82873            -8.65217
1.0124            -14.1311            -5.93534
-6.56659              2.1042            -1.37918
2.25123            0.617936             2.07618
5.03331            -2.79076             6.13367
-8.15673            -9.73928            -1.44357
-11.851              1.1714            -4.39763
0.976758            -10.5857             4.76808
-12.5992            -6.22725            -1.72499
4.36169            -13.4727            -2.27557
-1.0144           -0.197122              9.8275
-0.975002             4.10695             9.81029
2.28578            -5.70081             8.32353
0.493351            -10.3917            -2.91607
4.40168             4.76507            -9.03562
9.10289            -2.19136           -0.600909
-17.2649             2.88815             9.01364
-6.29538            -15.5882              4.0977
4.5481             3.83992             -8.5342
4.08226            -11.7446            -6.61818
3.21301             2.36548            -6.53007
9.80334             -6.7317              1.1206
2.1758              10.002            -10.4762
-8.60983             2.48244            -20.5374
10.8913            -5.19255            -13.0596
-1.92769            -4.63907            -14.8248
-11.3685            -5.42467            -8.13664
-2.40835             5.96333            -2.22587
-18.5261            -8.90163            -1.79709
-1.65338             8.18479             8.59747
2.25324            -7.69859             1.88114
4.30791             2.36861            -5.04228
6.04863            -7.72706             4.03958
4.36186             6.41589             9.37693
6.53805             2.08874             6.38002
2.38336            -4.53462            -7.30207
3.097             -7.0395            -7.66842
-3.66775              2.0783             10.2538
-16.3223             6.24856             4.54873
-1.04096             8.94657              1.5203
0.291739             3.73618            -3.80323
-6.55781            -8.89108              6.7341
5.71844            -9.04287             6.70929
-2.73626            -2.46834              -8.457
9.83928             6.83365             8.92697
-8.37786             8.73555             4.39651
-1.23052            -1.88799             10.3028
1.42814             4.16426             -2.7894
6.44448             6.75542             -4.9554
-5.5007              7.4504             8.50541
-6.76226             8.20187             4.33055
3.66956            -4.66977             -7.7508
-9.73428             8.91811            -10.8148
4.63986             6.42322             -2.3032
4.08545            -6.42168             2.83179
9.55482           -0.664551             4.61581
5.76203            -5.48378            0.893657
0.96795             9.62418            -11.3083
-9.68276             9.35763             3.02452
-9.90683             2.37007             0.94818
-17.8112             -6.6485            -7.35803
1.43179             9.99024             -7.1994
1.01376             9.93784            -3.77871
4.86484             8.35886            -9.20314
-12.4892              7.9451             7.13488
-5.16277            -3.82324           -0.868736
-10.9469             3.56662             1.86525
-2.84358            -8.12242           -0.670156
2.40673             8.99059             -7.9533
-9.75394            -8.07542            -3.19122
-8.87575             3.70669            0.901181
-10.5058             2.37334             -7.1321
-18.0282            -5.93962             1.79243
-7.69914             4.08193             1.04609
5.07998            -7.11664              5.3249
3.5335              2.2021            -7.46441
-13.5136            -2.31234            -7.69448
7.32843             1.05879            -8.38695
6.08909            -9.38339            -2.66734
1.50579             2.20096            -5.32979
-16.761            -3.71297             -4.1989
-5.81435             1.13432             3.13608
-7.8673             8.56989            -2.35764
-13.0562             3.24264             1.36597
0.0242116             7.32301              5.2941
3.12843            -9.18862             1.12154
-12.5702               3.584            -9.18672
-2.01599             5.32457            -18.6691
-0.366271             5.19734             5.07167
2.44995             4.26313            -6.63794
8.73514             5.91154              4.9029
-0.403998            -5.53503             9.30169
-10.7631             4.32639             1.99556
-0.0835202            -5.58314            -2.74474
-12.8926            -7.02267             2.18701
4.78326            -5.34046            -2.20718
-0.146631            -2.58957            -1.78311
3.29652             1.16777            -7.45818
-11.5875             7.99547             5.99674
-2.20564            -3.34398             7.52966
-11.7283             -1.7528             5.78986
-5.57332             7.04947            -9.10459
-8.24604            -5.02995              6.4895
-9.73126            0.970029            -5.68616
4.51393           -0.689048            0.922059
-6.75215           -0.427189             7.27463
-8.10376            -5.65229            -3.73805
-1.38713             10.2492             2.85532
2.69831             -5.2361             7.05386
-8.45627            -5.55109            -5.28628
-6.30899            -4.29378             -1.4237
-7.98288             2.29877            -4.56211
2.15929             4.13618             5.53951
-13.2063            -6.25946            -3.19497
4.82545             5.64975             2.19661
4.44176             4.58526             10.1604
-16.0512             6.81946            -6.49859
-13.8493             5.48155             5.70026
-13.0346             4.05366             -16.673
-2.36478            -5.23394             1.49061
-18.4307             3.92275            -5.49109
3.39687             2.16573            -8.15472
-1.64066              8.4428            -1.53105
-3.634            0.164895             7.18634
-8.26999            -4.87482              2.9318
-2.66821               7.893             5.63919
-12.1452             6.46231             8.65877
-4.90996            -3.76758            -3.92817
-18.2151            0.717278            -3.39763
-3.47935             7.16933             -4.7925
2.0829            -7.94696            -3.22912
7.61104             2.48463           -0.160549
-11.1399            -0.84298             2.87028
-3.42912             5.27551            -1.35288
-9.81575            -1.15225             7.58669
-4.29246             1.72819             4.15824
7.69252             0.83565             10.0944
-5.90774             4.55209            -8.20609
10.3729            -9.18766             -8.2961
-8.80334            -3.47199             8.53225
-14.8818            0.166497             1.71274
1.83106            -3.00258            -8.01234
-1.06263             2.10417            0.911105
-2.74738             6.04651             3.14732
6.17966            -3.10377            -5.74598
-6.98917             -9.2774               8.464
7.27279            -9.24281            -4.23683
7.61324            0.651024            -8.19515
2.08739             7.47214            -5.23111
-8.61372             7.61232             6.06442
2.25853            -3.33713            -5.95001
1.85483             5.72273            -10.2272
-9.32489            -8.50557            -9.55046
-0.230943            -9.24959            -7.15966
-10.9399            -1.88904            -9.30434
-13.0172             7.13806            -5.55086
-9.04616             2.89104            -4.44196
-13.511            -5.82164            -1.88281
-13.9926            -9.60718              10.011
3.10484            -7.64086            -6.98875
1.19594             5.25797             5.57118
4.26093            -4.95724            -1.34193
-3.03927              3.8976             8.73885
8.8026              4.7287            -3.81347
2.84075            -1.51363             -9.0545
-8.72284              8.6677             1.04458
-14.4984            -1.28438           -0.967235
3.86583             6.98607             1.05839
4.26562            -6.22466            -5.61989
-3.12742            -2.98183            0.895549
0.495782              5.7016             3.13757
-7.56625             2.32899            -9.46496
-17.0001            -1.15001             3.78192
-14.3906             2.27487              8.8946
-0.449976             3.70048             8.08701
-2.62682           -0.238189               4.215
-14.169             4.54908             7.55139
-0.920206            -9.45519              5.2522
1.46501             7.12051            -3.61702
-1.43508            -2.17671           -0.568253
-9.65533            0.751945            0.999826
-5.7077            -4.49004             6.23763
-0.296018             7.45155            -5.05635
5.73031            -5.70714            -7.51935
-16.3146             1.38642             7.83489
1.6184             -5.0065             1.86983
-11.211             8.60553             2.58453
-10.9332            -8.48335             7.71594
0.602218             4.44357            -6.31818
-13.6474             8.20073              8.2129
-0.576876            -0.36369             6.67343
0.259902            -7.33563             10.1201
2.88965             8.60861            -1.24837
-3.43521           -0.982889            -6.78001
-6.96589             5.45842            0.321295
-3.21891             3.14497           -0.917434
-18.6338             2.26616             9.91119
0.895532           -0.443631             4.06258
-6.06418             4.71919             1.08099
-9.37557            -3.77053            -1.15808
-8.4949            -2.73436            -8.99687
-10.9495              7.1537            -8.29767
-5.43531            -5.44529             8.16764
-3.73646              2.3482           -0.220136
-8.13393            -5.42848            -9.51744
-6.4692            -9.24858             3.21815
-12.4349            -1.65585            -4.13689
-5.86717            -9.13374             8.37393
-9.5454            -6.57131            -8.00209
-0.866415            -9.14345             4.79492
-12.7998              6.0824             -8.5928
-6.81204              3.2676            -7.99754
6.9679           -0.209275             8.52087
-9.77928             2.47237             1.11639
0.274918             7.77034            -9.02934
-5.82006             -1.4346             -9.5273
-14.38            -3.93737            -3.72006
-10.1177           -0.891429           -0.910256
-2.21777            0.671775             6.62733
-10.2767             9.48707            -3.33962
-13.674             3.73433            -3.12657
-5.07621            -9.45503             3.24598
-2.19969           -0.461991             9.84434
6.92733             6.23076             2.36934
-8.49438            -7.14429             7.82119
-0.438364            -3.53332            -1.88928
-0.692389            0.333181            -7.35843
-2.94711            -9.01004            -2.39832
10.1772            -1.74326            -2.40012
1.7658            -2.22457            -4.05552
-14.5398            -7.99396            -9.25906
1.00026             6.24452            -4.63534
-9.20553             1.41146            -6.97653
-5.38356             9.67838             1.36051
-12.0605            -6.29156             3.73994
-10.1643            -2.57447            -2.81143
-6.47927            -4.78288             2.72407
-1.00973             9.67351            -5.67654
-8.46251            -8.77158             4.34198
-13.3787           -0.532999             8.87977
-8.38761            -8.71656             9.18107
-6.21982            -3.28129             9.62829
2.62857            -9.55333            -6.49092
5.73589            -3.56466             3.14471
-5.68182            -2.91733            -2.27752
-11.0736              8.4697            -8.17293
7.94688             1.83271              2.0092
-0.766432            -2.86422            -13.6017
3.10513             10.1978             4.12894
3.96154            -8.62101             7.35349
2.53193            -9.02341            -2.50497
-5.72771            -6.78588             8.77859
2.33794             7.79307             4.92924
7.39887            -12.2215            -4.33706
4.43782             -6.3175             5.57188
5.72932            -3.30777              1.1294
1.33497            -7.92059              8.8217
-0.951167             5.90302            0.902918
4.21124            -15.0898             8.25129
-5.17567            -6.98208             10.3421
-4.03809            -4.10012            -3.82039
-3.98422             1.58839             3.10929
0.447439            -13.4978            -4.38452
5.89193            0.406837             4.04576
6.97391            -14.4303            -9.13051
6.45569            -12.7546            -6.90808
2.15335            -12.9843             6.43328
0.501905            -5.74896             9.50901
-1.22095            -4.65629            -8.58174
1.6287            -10.9516            -7.89608
-0.346299            -11.2731            -2.82796
-0.957673             1.70828             -2.4744
2.36191           -0.576239             9.78705
2.44893           -0.565266             2.79058
2.65884            -10.5789             3.61326
8.64625             4.49693             3.72411
5.88924            -1.60338             2.00159
1.27304            -9.49768             2.63303
4.43388             -6.2585            -6.47275
-4.47068             7.32659            -17.5179
10.1355            -3.76937            -6.13412
1.27874            -4.02882           -0.193015
7.91798            -6.67881             6.51089
-0.758005           -0.162762             3.68483
7.83397            -4.15564             5.61019
-1.4818             3.75778             7.59943
6.41125             1.06646             1.10307
-3.68376           -0.575324            -3.99156
-7.04879             4.15484             10.1408
6.28858              8.7413             6.19042
6.11004            -3.88636             5.06734
0.348245            -3.27833            -1.49762
7.0909             2.49264            -3.21474
6.8521           -0.375037            -5.13807
0.833528             5.66775             6.16654
-0.628127             5.44775             5.14773
2.65092             -5.0287            -4.31593
0.394336             7.03025             8.78028
8.05519             6.52342             -0.5198
7.22992            -7.79079             10.0052
-5.98855             1.84137             2.41778
6.83481             5.40295            -6.24902
4.00251             10.1603           -0.477083
8.86712            -5.99591            -2.21601
3.63137           -0.784928             1.22763
5.40351             1.06394            -8.88643
5.40126            -6.79194               1.911
2.90853             5.29211             10.3021
5.94313            0.422386             0.69941
-7.05896              2.2697             2.97971
-3.48914            -7.19432            -6.88719
-7.16312            -4.01263            -17.2733
-5.35958            -4.53215            -4.57923
-4.22531            0.598508            -4.38715
-3.0867            -1.79493             -0.1412
-1.82478             9.32975             5.17543
-0.147604             2.30306            -5.35204
-4.54891             4.71721           -0.274881
-2.92928            -8.39095             7.34272
0.771655            0.624237             7.64647
2.04492           -0.402917             7.40779
-2.98435            -2.02366            -3.68479
1.78177            -7.54252            -9.15598
-5.52618            -7.71972            -7.43799
5.08056            0.346076             7.46999
-7.51994             8.25093             6.81427
-5.97283            -6.84329            -5.25035
-8.76404             3.92592            -8.13112
-6.67594            -3.19454             3.50446
3.56553             1.13939             7.16826
5.96021             5.77243           -0.222861
5.34061             2.56046             4.35916
-2.99187            -9.80721            -9.30385
3.93677             7.81472             5.73166
-7.73432             9.85945             10.0785
1.57788             4.88368            -2.96553
-6.18421             1.48029             4.13237
4.59022            -8.15697            -6.28786
0.359821              9.3572           -0.831797
5.5467             2.15717            0.464875
3.47515             3.79572             6.99321
-3.57124             8.32281           0.0643992
-8.73673             9.86508            -15.2175
9.33011           -0.737189             5.05569
-5.1699             8.12158            0.978164
-4.54009             1.62708            -1.63744
7.3215            -8.76936             9.16408
7.53142             1.79956            -6.02283
-1.11362            -7.40485             2.70025
-5.62931             6.43095             2.90344
3.82214             4.41481             7.80677
1.34809             5.37948             6.95269
-2.15419            -8.39138             6.89305
6.21374            -5.41044             3.68706
4.19121             10.3236            -2.41959
1.81665              1.9053            -5.07314
4.34382             10.0456            -4.47909
-5.66557            -8.80332            -4.39316
9.93229             2.96961            0.464395
-0.477679             -1.4539            0.080132
-6.73396            -3.25233             4.63296
1.77597             5.37719             -6.1494
1.06309           -0.486497            -5.28475
-0.0683926             2.95923             1.59024
-5.38662             9.57536            -5.25857
10.6842            -9.56173             4.59735
2.96866             4.45631             4.52834
-1.84104            -9.09868            -4.38584
-3.24817             7.75376            -9.00083
3.8782             9.17042             3.35152
5.11648              9.5174              3.4744
-7.00376            0.104546            -1.69257
-5.03641            -3.86023             1.27535
-6.23589             1.49291             4.65765
-3.26698             10.2384            -1.42844
2.1803             9.12902            -21.4725
1.13635             -6.5524             5.93818
9.33805             4.02705            -9.20137
2.40465            -2.78762             -8.7554
-9.38599             3.21585             4.75365
8.08105             5.99084             5.97906
-9.01238            -2.49567             6.26806
1.53878             3.27059             8.80906
-3.93078             7.68527              4.5541
-6.10459             8.49092             5.00585
-7.87586            -1.44855              -1.554
-2.69797            -6.89421             2.47388
1.32613             -6.5875            -1.29606
-6.9314            -8.41646             4.09138
10.3365             3.44196             8.01932
4.19015             3.53602            -6.38226
9.35819             10.3277             9.47858
1.02683             1.21452            -7.93975
2.5466             6.23337             4.21564
2.50339            -8.09498             4.94038
-5.80025            -8.84291             9.63315
6.90755            -6.34251             9.00668
-6.82259             4.20106            0.627375
1.50031            -8.80748            -1.56782
6.73131             6.92673           -0.228157
8.73144             8.49808             10.1845
-4.44033             2.52989            -7.15674
-2.90616            -1.71802            -1.17236
-7.07355            -4.04224            -1.59415
3.01956             6.20189            -2.63401
-6.313             4.56627            -3.91757
1.87306            -5.99041            -7.36704
-9.09471             6.02822             11.2526
10.6945              9.5555             5.41608
-0.66962             6.46752            -9.39994
3.86124             3.17593               8.034
1.89952             8.58293             7.88107
-1.67873             4.31506             2.48282
-3.02817             -5.8815             1.42318
-2.41184             2.00946             9.48467
-0.451081            -3.86692             6.21654
5.68609            -6.81995             8.51256
1.58877            -5.76802           -0.696711
7.26502             1.63362             2.90723
-5.27707             9.31866            -2.07897
1.95931              4.9459            -4.07341
1.47401            -9.26464            -7.02504
9.69609              1.6281            -6.88766
7.79465             2.59184            -7.08622
-4.00081            -8.60589             6.76945
-0.117707             3.76742             5.86024
-6.27102            -8.16476            -2.56272
-0.728475             3.14795             5.44234
10.1567            -8.73205             2.74238
-0.880455            -2.04303             -6.2856
3.936             1.34394            -3.57876
9.34753            -4.57628             9.21274
-1.97314             8.93281             6.80683
-1.26922           -0.271723             2.81104
0.160723             -5.5275            -2.02669
-9.32464             8.59669             6.26632
-1.56915             2.84324            0.685352
10.5241           -0.848879             2.79166
4.25287             7.43405            -15.7593
6.34142             4.21196             6.59883
-7.66078            -2.35867             -9.2167
9.65407            0.444155              3.8677
8.44692             0.58464             4.17876
9.70195            -2.31047              10.221
6.7611             1.23434            -2.99266
1.69567             6.87645            -4.12523
0.295845             5.80388           -0.870073
2.56255            -8.32129           -0.839805
3.34211            -7.66441             4.43735
-7.3792             7.05463            -2.38377
6.03531             6.52211            -6.92522
-3.29208           -0.547309            -2.45012
4.70997             -8.8174            -3.97009
-6.26364             -3.0421            -3.74517
5.23148             8.42509             5.87418
-1.55352             9.30724             3.51227
8.98704            -5.08447            -8.29791
-2.51867            0.869344           0.0870063
-3.99645            -5.17961             5.77938
1.4417            -2.67767            -4.15083
-3.72807             6.11574            -5.82356
2.30673             3.30879             4.32323
-5.34855            -3.09254            -3.00383
8.03282            0.935335              1.3523
4.41117            0.813135             -1.0731
5.25141             8.02067            0.404725
-2.75751             2.74546            -6.86681
-4.81327            -5.09731            -6.58118
1.70232            0.215006             3.80608
-2.32298            -9.25182             4.82909
5.98357             6.56104            -14.0055
9.00345             1.02429             4.52728
7.04872             6.60777            -5.57475
-4.56918            0.230829             5.86569
9.80818             2.68166            -1.93768
-6.41462            -5.39957             1.54768
0.689934            -7.24776            -6.22382
-6.71828            -2.56508             10.4142
8.02604             9.02737            0.502608
-0.497173            -8.59705            -4.00976
-5.05346            0.464298            -9.35172
6.99961            -5.67514             1.30164
3.79104           -0.170706             8.38838
-8.47181            -10.6956              7.4223
10.2532             2.15757            -4.94619
10.6915             8.64861            -3.40582
-7.34532            -3.07683            -7.27741
0.484653              2.5502            -6.40584
3.34488            -6.72538            -6.48885
-2.10411            -2.78135             9.55228
5.16482             8.86016             3.57944
8.66706            -1.89035             3.62816
-6.45269             8.02277             5.67967
1.43667             4.40423             8.49616
-7.08592            -0.39204            -5.99919
2.10918            0.424665            -2.41011
-4.02472            -2.93802             8.26883
-1.59008             2.74058            -4.82517
8.85794               7.547            -5.84164
2.43734            -1.48572            0.599203
-2.53821             6.35312             5.12658
-1.06779            -7.34351            -7.92772
1.41583            -12.7225             7.69232
-5.6858           -0.393707            -22.1973
-1.40634            -7.54924            -11.7098
4.69719            0.846862            -11.3829
-7.41323             2.71434            -3.47387
6.3061             3.36326            0.212795
5.93192            0.726481            -4.14778
4.90276             1.05675            -6.54458
4.52692            -9.72415             3.10092
3.32202             4.48993             4.17728
0.484319            0.543532            -2.38501
-8.92552             4.14623             1.02187
4.43417             7.42936             3.21454
3.62233            -3.85551            -7.52781
9.34821             9.99526             5.33454
4.73506            -17.8576            -8.94513
-1.08628            0.742223             -3.3075
1.58708            0.673621             4.18174
1.47304            -5.22597            -2.08445
-2.19092             10.7626             3.73759
5.12127              -12.63             6.22372
-0.361528             7.01965             5.11853
-0.145031             4.91533            -8.60458
-6.33025            -15.5316             2.75999
7.62497          -0.0362044             2.48601
0.988376            -11.3149             5.63855
-8.18156            -8.43318            -7.53461
5.05955             5.42692             -3.5703
-2.0845             5.32848            -6.89645
3.36229             1.52294            -7.07064
0.392402            -2.87335            -6.11764
-2.83171            -3.51585            -4.48074
-3.96918             10.5296            -9.41649
-6.08738           -0.640557             -18.504
-7.89094             -3.7371           0.0847517
-7.78894             8.51084             3.24433
8.00041             6.26981             -8.3149
-1.77876            0.875116            -7.06409
-0.809419            -2.77898            -3.50066
6.29913             2.99119              -1.177
-6.94693            -3.62624            -9.26517
-3.0953             2.00404          -0.0899485
-4.69385            -6.92042            -1.00578
2.0375             6.92798            -8.11307
-3.11828            -5.17606            -8.56715
3.37506            -5.40811             8.19999
-0.461599             4.54888             5.98256
0.549058             8.48235               9.837
3.48677            -8.08744             6.60381
-4.47884             7.18615            -2.92413
-2.03516            -4.69096            -6.40368
-3.85863           -0.413083             7.60406
3.89473            -3.32583           -0.853934
-4.23447            -5.97691             3.25811
-1.51294            -2.89375            -2.64649
-0.295527            -1.64491            -6.03203
-0.350781             1.40999             2.39704
-7.34118             10.3338             1.82195
9.54201             1.23317             5.70624
-9.0876             7.96601            -3.80168
-0.8129             5.23703             6.05389
0.752687             8.93248           -0.309832
-2.27943             3.82114            -8.47063
8.63363             4.49005            -2.13929
-0.812367            0.995043            -9.64398
-1.511            -4.52791             7.10352
-3.18953            -2.91812            -9.66352
10.0876             9.64514             1.12717
-6.97511           -0.650973             9.70065
0.432357            -1.28451             1.14932
-3.20178            -1.35625             -7.8512
0.943798             2.02705            -6.82688
7.45077            -1.54801             4.76929
1.57961             7.70008             1.68915
-0.476101              3.0912            -3.36025
-3.60939            -5.13255             4.11155
-3.84914            -3.14106           -0.294118
-2.10514            -6.80418            -7.50462
1.69451            -3.55848             5.85141
1.32783            -7.94726            0.774109
3.01031            -2.97532            -9.24501
-3.32798            -8.36187            -8.59007
-5.19346             6.74697             2.98654
0.78798           -0.933413              5.5405
-3.00668             6.34102            -3.82173
-1.4459             6.72472            -8.92424
3.72778            -4.03281            -7.49558
10.518             3.33256             -6.2035
9.40087             6.68367           -0.349906
6.78225           -0.729149             10.1591
-7.14008             7.80968             -2.5339
-3.87997             -7.7792             5.36334
-3.64028             0.52185            -3.87351
1.10087          -0.0217525           -0.672197
7.26136             7.31198            0.396597
2.19698            -6.64241             6.43556
-6.26246            -3.31121            -5.35768
-5.23559             2.22373            -20.2692
-3.64664            -8.50416             3.14133
8.17737            -1.64498             4.18905
-2.16775             8.19731            -3.20581
-8.95358            -3.23522             6.21953
10.1316             5.24344             6.22968
1.63341            -6.68826             3.74511
2.0274             6.51446            -1.99876
5.4975             3.21303             6.36166
5.51634             7.10186             8.99864
0.28956             4.93506            -5.20918
4.09976            -6.88693            0.861734
3.16446             4.95417            -8.39125
-3.35117            -5.34884             8.26994
3.66609             3.48053            -3.90872
1.08087            -8.50213             2.99905
-0.821108            -5.27338            -7.65834
6.21738            0.177634             2.27316
9.68417             7.91519             4.42752
-1.53317               8.133            -7.44491
-0.319056            0.733872             6.40755
6.88962            0.515407             9.99041
3.08022             9.94733              6.0937
0.0429565            -1.59237             6.53025
-1.04002             5.60097            -1.90179
-6.70626            -2.82764            -4.56019
6.19522             4.00353            -6.37214
-5.79207             8.13688               5.987
-7.51684             3.01911             -7.5606
-9.38138             5.41322             9.17101
4.30813             7.90813              4.1131
6.41816           -0.378007            -10.7023
-1.06024            -7.25057             1.54245
5.04328             5.20579              -6.685
3.30529             3.64538            -13.8126
3.79035             3.00648            -8.42143
7.6254             3.93764             7.49472
8.28999              1.8785             10.3433
-3.56501             4.89837             6.15746
0.00899805            -6.11084             -2.5418
6.7765             2.98407            -8.29799
1.5205            -1.81021             4.98847
1.08899           -0.590187            -5.76706
4.82328            -5.53548             8.53686
0.942962             -3.1163            -9.33544
1.07192            -9.26728             1.89921
9.60022             -6.0814           -0.043412
8.33276             1.17021            -4.94847
3.03918            -9.00969             2.53401
-3.43869            -3.23852             7.92858
1.35963            0.595008             2.48561
2.34042             9.30915            -2.52983
-5.9015             1.28838              3.3533
8.8234           -0.313791            -8.57808
-1.79913            -8.32855            -2.29214
5.19426             -7.0702             8.39723
0.315706            -8.33778             6.07013
7.02512             8.23348            -4.94663
8.12002             7.54498            -1.95124
8.65194            -3.32167             8.06717
3.20951           -0.408501             1.42471
-1.92761             3.70613            -8.79155
8.73077             5.59528            -3.23039
-3.8785             2.27351            -5.81088
5.17106             9.86245             9.58344
-4.61415             4.57225           -0.164595
4.07055            -5.77918            -5.18817
-4.6077            -5.99605             2.24141
7.05904             9.05904            -1.39325
1.89856           -0.815024            -9.08774
2.33558            0.832125             7.59436
-2.80135             2.64764            -7.12285
-7.0761            -5.83237             8.54287
-1.18412             7.42309             1.49466
-2.77894             1.28813             8.90083
-4.11818             3.21216            -1.25005
10.0823             1.33638            -8.80617
-0.614936             6.76173            0.688545
4.73612            -7.20403            -3.77382
5.72575             3.76513            -1.45745
-3.93303             7.80409            -5.97689
-2.51181             1.51914             3.01044
-2.54346            -1.55344            -8.55395
-0.837582            -1.90952            -7.72698
0.715689             1.05611            -9.24767
-7.01539             4.80669             3.49875
-7.72804            -2.86379             4.39462
2.12586           -0.362785               9.924
-0.153447             5.02923            -9.25731
1.53705            0.912926             9.00844
-3.99057             3.21791             6.02357
6.12728             9.07678            -6.67766
-1.48208            -1.47483             7.72848
9.25043             8.69192            -4.24406
2.64065            -3.45723             5.48575
-8.45003             5.80376             3.94952
5.04931             4.18911             1.86233
8.49091            -4.46963            -3.08695
-7.22265              3.0634           -0.969368
-8.20416             4.92426            -1.83462
-7.15342               7.351            -2.96185
-4.84928             3.93132             9.43478
8.10859             7.51702            -6.33094
10.4106           -0.114444             1.11109
3.32619            -8.65629             6.65459
-8.17434            -8.88513             8.06174
9.96414             7.15379              7.4704
8.16408             5.31466            -6.58281
0.85631             3.49973            -4.31857
3.24541             10.0403             3.92145
-7.17811             5.32596             8.08801
-3.60144             0.91609            -7.99942
5.49541             -1.5257              1.2727
2.13699            -5.35653            0.901725
5.35772             6.96389             6.74155
4.21056            -4.78761             10.3817
1.09677            -2.10912             5.39401
-6.50196             5.07802             3.84786
2.79307              5.2426             2.10221
1.76265             9.58874            -6.04134
-2.3816            0.306743            -8.59329
6.2255             5.43081            -8.67035
-0.349516             8.34293            -1.27887
-9.28871             6.90968             10.1545
9.59893             3.01791            -3.60883
-4.24204             9.30864             -9.4923
-6.25478             3.33812            -2.00256
6.44294             10.5837             5.31348
-9.2641            -1.73537              2.5398
9.36939           -0.669961             5.98935
3.76745             1.60685            -3.25525
0.75594            -5.05567            -1.38365
7.29174            -9.06102            -4.36419
10.0078             -3.4065             7.94663
0.15319             5.64114            0.893074
1.22316            -7.83147            -8.99445
8.78777            -1.37986            -9.02911
0.429305            -9.90544            -3.46127
5.82228             2.30532            -7.72872
2.93546             4.18689             8.09647
10.2796             4.27359            -2.64363
1.44646              3.2876            -5.26388
-3.81665             6.39172            -8.86389
-5.3742             5.47546              4.7215
-3.71274            -4.06687             9.48315
5.50428             -4.0233            -4.53563
1.48414             4.33271             7.17764
-7.57203             9.23528             2.91787
-1.43554            -0.30675            -5.87356
-0.715644             -5.2995            -6.60076
-8.26294             4.60798              5.3629
-3.59144             -8.1654            -7.27049
8.94839             8.49779            -1.42941
2.99213             2.34905             2.64917
-8.06943             3.19242            -7.53667
-6.368             6.18917             7.45381
-3.81486            -9.97123            -7.61223
9.5688            -5.50757            -9.21347
0.981251            -6.65328            -2.55388
-0.616606            -9.16884            -1.24262
9.5335             4.54997             11.3022
4.76378             0.11734             7.09394
-4.37751            -1.89676             2.46148
1.87163             1.24882             8.79624
-6.3029            -5.13679             8.50024
4.03533             3.09107            0.878709
4.79033            -11.6417            0.572189
6.98733            -2.68798             4.55999
0.0938521             6.80897            -7.97885
2.08599             8.52634           -0.212063
-7.88286             3.57829             10.2586
3.6418            -0.80611             5.30209
-0.506396            0.582849             9.85462
-7.24723             1.00254            -6.45575
1.90741             4.74561            -4.07628
3.22491             3.32984             1.89778
4.01635            -7.97072             8.75964
-7.44843            0.610871            -9.43395
7.61085             4.41681              -4.478
-7.65887            -14.5779             7.91621
6.64108            -8.52154            0.550909
-6.15918             4.12097             7.35852
-9.26767             5.86512             9.87577
0.085993            -8.64323            -4.33235
0.565821            -10.1531           -0.898956
2.69307              7.5882            -2.75198
9.84801            -7.75331            -2.53754
-8.03912            -13.0264             9.65321
4.85071            -5.67256            -3.47394
-4.47845             4.02198             0.16373
-9.46993             -2.1712             -11.894
3.3795             0.69524            -7.18737
7.23418             1.55113            -14.4454
-5.83318             -9.2342            -14.9905
8.5694            -3.64786             -7.6505
9.23209            -3.40683            -7.46745
7.9476            -3.31316             5.98578
2.42754            -8.62317             7.85118
-5.36246             7.80278            -4.94746
7.78431             -4.7157            -6.97969
8.80082             2.62731            -7.08441
7.49           -0.509283             8.30255
-3.68376             8.93937               1.686
8.84394            -6.28364            -7.37248
4.27251             10.4351            -8.38216
-5.67713              7.0548             2.70955
1.8113             1.20334            -4.56367
6.69987             2.59347            -4.07098
6.6226             -2.1316           -0.449067
4.35606            -6.27488            -8.98065
9.47943             2.02291              6.9558
-3.45329           0.0513929            -5.53211
-0.374062             6.71304            -1.96955
5.72378             4.40898             1.13105
-7.37828            0.948733             -6.5636
-1.64182             3.48413            -1.01468
3.26624             3.16712             3.50262
-1.10313             0.95755            -6.88808
4.27826            -5.05547             -6.2451
2.53908            -0.47595              5.8573
-2.25285             5.08682            -5.33332
-5.51386             3.00411            -3.67309
0.198325              1.6765             1.79128
-6.91429            -7.56677           -0.136378
-6.1514            -1.31477            -20.4832
8.54307              5.1134            -1.80693
-6.11716            -5.26252            0.575385
4.94776             9.84187            -4.36863
5.43633            -8.83209            -3.43899
0.0215361             8.62588            -3.56567
-5.81312           -0.417909             1.53941
5.60279             3.22053            -4.73852
-2.31263            -7.55845             5.86161
8.78247              9.0416              6.8514
-8.42289            -1.90373             3.86365
4.01902             4.49937            -3.15535
5.66997             4.88017            -4.61959
3.41872             3.21443             2.71096
9.36767             6.97467             9.57874
-9.11919              -5.261            -1.05408
-5.74224             7.38915             3.01473
-0.0362532             9.92863             9.05421
9.5147             3.01148             9.91116
-9.22048             3.42876            -4.11836
0.345066            -2.67852            -7.50908
9.02919             8.93635            -0.69342
3.34636             6.36775             7.22993
10.2363             4.46038             5.86062
3.06907           -0.509452            -7.72793
8.46921            -6.37833           -0.578539
0.198817             8.75783           -0.582919
10.0318             6.13257            0.875277
-8.28005            -7.41793             8.34291
0.167494              2.0934            -3.53531
1.61734            -2.37006            -4.19477
-2.50054            0.986984            -7.53506
-1.95899            -7.61904             8.05457
-5.4251            0.456982            -9.02591
4.94997            -3.60258            -8.01096
6.4053             5.33693             10.3703
-1.46009             2.28395            -6.94513
0.440875            0.973527           -0.621223
1.91255             6.15182             9.79712
1.68027             7.93139             6.34846
-5.03405             8.36289             5.09881
5.54479            -1.77365             7.89298
-5.70611            -7.43699             9.31254
8.86757              4.3501            -6.51636
-7.61917            -1.24018             1.40158
6.27716            -2.30985            -2.28876
-3.53631             9.03642             2.17119
5.80919            -7.82988            -2.26921
-9.47075             -0.4258             3.58739
-6.99994             4.70459             2.58677
0.812763            -6.77896            -2.33661
6.09953            0.330989             9.56573
-4.72695             2.31813             1.03638
3.5955            -2.07865             -6.4641
5.94198            -4.66025            -3.35224
-4.85567             3.25154             6.76188
-6.79388             7.78362             1.78367
-2.08908            -3.64516           0.0591062
-8.69827            -9.49603             9.70537
-8.26207            -4.50437            -7.71249
-8.55166              9.9239             1.86647
-7.13804             2.80843            -1.95856
2.41738             4.80043             8.00939
8.39239             1.38539           -0.699942
-1.15444             8.53511            -19.0947
-7.9001             2.81624            -6.17235
3.68396             9.79247            0.520691
-5.39585            -9.23089            -2.38238
8.06936           -0.598842          0.00447324
-1.91958              6.3907            -4.17757
-8.19967            -2.80208            -8.28702
-6.89171           -0.907308           -0.360038
0.472202             9.18747            -1.51177
5.14423             -4.8524            -1.91818
-8.76794             3.35358            -1.16922
8.68429             8.38514             1.01768
-1.63            0.823913             8.78276
7.62454             -6.9782            -4.44211
3.11912             -2.4749             4.70211
-6.22878             8.38154            -1.00965
5.48928              9.4601            -6.14637
0.831773             -1.3521             5.75319
5.10715             6.40054            -6.77448
7.60658             4.55768             3.35547
-3.10979            -6.78788             3.61659
8.16566             -5.6473             2.19331
-1.46728            -4.91844            0.462687
1.17569            0.262623            -6.46086
-5.57562           -0.855752           -0.712956
9.59546            -6.13731             -1.5492
-7.1243            -3.07005             -5.6853
-2.01541            -7.82101              1.2344
6.90999             8.50228            -7.65314
-1.80651             2.98159             2.93887
10.2644            -8.84713            -0.47902
10.2819             2.75938            -15.8513
-2.577            -4.41113             4.22861
10.4722            -6.46445             5.69713
4.36218             6.96358            -3.39137
-1.79159            -6.80898            0.365877
-7.39909             7.49052              4.1475
3.80627             6.92752             6.52789
4.35427             8.88351             4.90644
-5.22589             6.03942             4.60903
1.8791             -2.2931            -7.71031
-1.19696            0.070368             3.44257
1.48248             9.73267            -6.92157
4.06909             2.29115             5.20761
3.9242             9.70954            -7.73069
-0.498469           -0.638008            -4.71836
0.109707             1.24289             5.19524
7.51769            -1.28482             4.28977
1.16844           -0.602159             1.48908
1.75532            -7.70941            -3.18795
3.21415            -5.88507            -4.58329
-4.42693             0.75458             7.53376
-8.94177             4.96202            -7.22811
4.30725            -2.17942             -4.1248
5.05678             -3.2385            -3.28564
8.68449            -6.41231              3.2742
10.295             8.34575             1.01584
5.32952             4.31581            -2.28967
3.50564             6.51173            -7.70929
-8.62117             8.80678             7.50691
1.03065            -2.16965            -8.61923
-8.69065             2.23822            -9.46807
-3.22126           -0.236336            -2.98861
-7.26585            -5.08316             1.97115
5.9718            -4.45368              -15.82
2.26678             2.12309             1.19264
7.98341            -1.61724             7.72802
-8.00916            -4.63322             -8.6041
5.52023            0.511092             2.45998
-8.42641            -5.91736             -1.6091
-1.44795            -8.60503            -7.64651
-8.19526            0.180031             3.26953
6.80387            -7.08053             8.52962
1.4709             5.76295             1.74803
-0.449355            0.289366             3.75924
-0.0104535             5.83317             8.27182
-4.50612             7.96722           -0.113515
-5.47055            -8.54335             5.80811
-0.7834             5.51644             8.23312
0.241027            -5.50373             -8.2328
-7.30049             2.69882             -8.0285
-0.987649            -7.38796            -2.61694
4.98804             4.17795            0.523256
-4.40023             8.71784             1.05435
3.79963            -8.62538            -4.76093
-4.80911            -6.06466            -9.39822
-4.81713             4.05774            0.451098
0.928607             2.99854             -1.8557
1.53756            -6.76716              6.7834
7.78766             4.42318            -9.37383
-8.95809             9.13079             3.75632
2.60011             2.40046             4.49875
7.88182             3.00407             4.13618
8.03493             1.10339             8.16238
1.73473              4.4926            -6.34483
0.0390253             3.22632            -7.44171
-2.57255            0.110287             1.20717
4.65342            -6.94822            -8.22276
3.28279            -3.46616             3.63477
3.61661            -4.16029             1.02173
8.79257            -1.92458            -9.11179
-1.79738            -9.44369             5.11111
7.29297             6.31393              8.4435
-8.55022            -4.15855             7.03265
-2.38942             5.83858             1.18235
-0.757779              6.6311            -9.18615
2.42748           -0.896964             8.59322
0.51214            -1.78814            -5.32638
-5.32734             4.66658             5.02331
2.62042            -7.87897            -2.01619
2.02967            -3.98847             4.94095
0.710407             6.39027            -7.33758
-7.9176             3.00658             5.61044
1.97052             0.68605             10.0689
-7.80065             1.28639            -7.21873
8.83988           -0.909044            0.662321
3.40545            -6.91436              6.3305
-0.183898               2.786             7.67065
-4.00502            -8.48352            0.791349
0.791667            -5.29477             7.07186
4.54254             1.95699            -9.09618
1.20501             9.31457             1.22954
-3.19704             4.04877           -0.583565
-0.0425381             10.5662             7.56294
-8.84265             6.97477            -9.25762
9.62634            -2.63769            -4.67329
-5.7516             5.31891            -3.96109
7.47524            -3.95682           -0.863712
-6.67014           -0.110146            -15.5205
6.38885            -6.31097             1.80972
8.99584            -14.0491             7.79008
0.351379            -5.30908             5.60194
3.14685            -2.28433             4.16732
-4.46705            0.621317           -0.846393
2.50885             2.82472            -8.49125
-9.09351             -10.893             8.41815
1.66846            -8.04874            -8.29163
-1.62564            -7.05593             1.03972
-0.953693            -10.9705             2.60347
-8.48853            -4.55366             2.85415
2.73536            -4.81907             8.60582
-0.893264             3.87427            -8.70241
-9.58585            -10.9591             2.87509
1.9401             -10.161            -5.37329
-6.66711            -13.3797           -0.927026
-6.34562             3.09199           0.0654645
-3.19403            -7.20555             5.16521
-1.75123            -13.3991           -0.166196
1.47859            -8.49456             9.24819
9.93642            -3.76982             2.09122
-3.82956             5.57204            -2.22643
1.50835             1.33456            -9.28385
-2.94596             2.36916             5.06325
9.42666            -1.13339            -3.09308
9.58047            -15.3305            -2.30541
9.02193            -13.5243             9.01298
6.8667             2.47185            -5.23812
-8.58588            -5.49939            -3.30193
5.43303           0.0746557            -9.41343
7.77576             4.12352            -12.9864
-1.57481             8.44279            -12.1215
-1.1266             4.05546            -9.22182
-1.91158            -8.99345            -6.89094
-8.63758             6.34816              3.2384
1.16027            -8.99978             6.67318
-4.30191             5.68725             -3.7125
8.76508            -3.51371             2.66067
4.91374              6.3562            -2.06973
2.70547            -1.19278             -8.7204
1.00945            -8.39657            -7.09519
-8.14051             4.31012             7.86937
9.28045             3.48331            -9.31684
7.01008            -4.32955            -8.56289
0.0885807            -3.50981            -2.15552
2.94565             -8.8625            -5.85617
-8.34459            -7.62481             10.0947
-8.04198           -0.896113             1.46851
3.62665            -3.52677           -0.796973
7.04357            -7.97272            0.596998
8.26215            -7.61027            -3.30687
9.3938             6.89635            -1.73819
4.20373             9.36988             3.84546
1.81452            -7.85384             2.51677
-5.67847            -6.02699            -7.85547
-6.71243            -3.24175             1.94196
-0.232748             -3.7031             6.30995
-8.38361            -3.18906           0.0401227
-4.84147             3.92462            -8.69243
-2.99962            -1.58558            -7.78921
3.61731           -0.769824             3.56407
2.57608             2.27615              2.2293
-0.197385             5.36565            -14.0715
-4.30252             2.63716            0.801806
7.00871              4.0498             3.70299
1.70736            -6.71451            -3.46705
-3.75768           -0.355625             8.58612
1.31667            0.717647            -9.23228
-0.0312332            -6.80056             2.15153
-7.64754               9.423            -5.38445
-6.13474            -4.38915             8.77366
9.49329           -0.801863            -2.96274
-8.578             -1.9995            -2.92892
2.76752             1.35885             7.62689
-6.56699             3.52562             7.42087
8.11195            -7.92788             3.44995
8.99889             2.28691            -5.87436
6.98088            -3.02619            -6.07135
7.52568             8.36511             10.3276
0.277873            -6.04989            -2.38059
-0.748211             6.74934             10.4547
3.4936             5.31695            -3.11742
3.35632            0.134156            0.773235
-2.79594             1.95209             3.87718
10.0245            -7.47443            -7.63512
-4.58441            -5.39591            -8.87788
-8.99635             -6.0082              2.5803
-3.26026            -2.05255             3.12005
6.53856            -1.46693             7.04459
6.11792            -9.03879             9.39614
6.51505            -9.01351            -7.15886
3.60073            -2.18094            -2.71807
-1.76243            -1.05306            -1.13011
-5.65927             3.91833            -2.15553
8.93545            -1.97116            -8.39002
-2.73143            -6.92638             4.27735
0.818816            -7.16815             7.42183
10.6501             6.24403             3.64079
-5.07982            -3.92401             -3.9291
8.81165            -3.99061            -7.09605
-3.68278            -8.33851             7.41094
-0.211787             2.78255            -3.87509
0.721146            -1.48495             6.83836
6.48427            -8.64295             6.92365
2.56742             -6.9488            -1.38102
7.95326             2.72368            -6.04372
-5.52816            -2.77504           -0.935906
-0.773997            -1.36829             5.99843
-4.7328            -4.41491             8.97709
5.35847             4.48248           -0.153333
-1.16348             4.70255             9.77904
1.09521             6.58096             9.60612
4.15729            -0.57105            -3.40818
8.91401            -1.25601            -6.38308
10.3235            -1.62172              8.5438
7.94014             6.45912             9.23657
5.83845            -8.54871            -6.21283
3.01719             3.50322            -1.95739
5.62312             -9.4793             3.97822
3.75784            -4.38866            -5.01555
9.7295            -3.68933              4.8309
9.89386            -4.93082             4.32859
1.25333            -4.20959             0.53666
4.76068            -9.35814            -4.70888
9.94295            0.166631             4.65345
-4.35892            -10.1586            -6.91002
-9.12732             3.74585            -1.16038
-6.12455             1.67275            -19.3853
3.31009              3.6668            -8.05172
4.39256             1.19462            -3.60311
8.72161            -7.97459            -6.99725
5.40594             4.70924             -8.6447
1.67869             3.27251            -8.07152
8.24019             6.00245            -8.26791
-9.28825           -0.486796          -0.0854155
9.71271            -4.12225             7.95051
-6.53486            -1.10295             7.31882
0.582093             7.94574             2.45319
-3.03174             7.32445            -7.73173
-8.99194            -5.69191           -0.609578
-6.14524             5.56296             3.25537
4.63808             1.36636              2.9724
8.6135             8.94143            -3.30505
0.463998            -6.73437             6.83714
-5.60605            -9.04384             1.10698
-5.96062            -2.12331            -2.67042
7.05324             8.50046            -2.44701
-1.19346            -6.86768            -3.24057
2.89339             6.34599            -4.88972
0.435525            -2.45226             6.11552
8.18908             1.46474             8.20104
-7.23283             -2.3298           -0.699251
-3.6012            -6.49995            -7.82515
1.53997             8.64156             3.02323
5.41542            -8.95398            0.276357
2.8392             5.22199             9.00948
0.336866             8.26192             7.67188
7.08277            -2.61657            -4.19207
-5.4095            -0.71543            -13.2745
-5.24603            0.648561            0.313587
1.47648             9.94315             6.12366
-5.44968             8.00881             3.10191
3.37696             9.36385             5.13641
9.43537             2.61949             7.12343
-6.92473            -5.35152            0.773835
4.40852            -8.78718             7.10515
-9.2359            -5.01184            -6.99189
6.75125            -1.99704            -9.32996
-2.90744             9.14289            -2.19577
-5.12372             10.1302              2.2103
3.09396            -1.69061            0.169865
-0.559493             3.17682            -2.60545
-8.76439             1.12749             8.60079
-3.85271             9.59085             -2.2774
3.05274            0.712027             2.28407
0.474242             2.52049            -4.60715
-5.73574              -1.703             -7.9056
2.69821             5.50736            -6.77369
-5.79582            -5.67945            -7.96911
2.8435             3.60923             3.14293
5.24376             5.65725            -5.20749
-1.87237            -1.90075            -9.46892
-1.46275            -2.32365             3.28775
0.167842             4.20857             5.48618
4.49012            -2.61107             8.18874
-8.81074            -8.91138             4.39319
-8.84239              9.3885            0.533426
-8.92362               9.439             6.07533
3.2876             6.95048            -6.86127
2.48274           -0.431731             2.52984
-7.43158             -1.3018            -4.09847
2.68622             4.00088             4.16707
-8.5283            -8.77292           -0.242235
0.500585             5.66043             5.17125
5.80553             6.22541            -1.51023
-4.85774           -0.544248            -6.40236
6.22753            -1.47593             1.95467
-8.63601            -9.42261            -1.81184
5.50755            -7.73407             7.01983
-5.8385             3.25828           -0.223866
-5.62303            -1.26229             4.24723
-7.34642            -4.94992             5.93903
2.2929           -0.884075            -7.95631
1.68808             3.62455            -3.57678
-2.51495            -8.85762             9.28859
2.41127            -2.36873             8.84228
1.66768             8.70994            -4.39517
-3.49264            -7.88359             10.3056
8.25302              5.1965             5.89014
-5.1587             1.26496            -5.00762
-6.88814             -7.9447             6.52996
3.31003             1.90501            -8.79203
-8.18252            -3.36415              4.9229
-5.29746            -8.24215             3.18406
-2.39176              7.9815             10.1066
-5.55031           0.0365871            -5.96931
-5.47615             1.54735            -1.92521
4.83074             9.12918             8.92479
-9.45636            -2.04253             -8.7483
-3.41165             4.73825            -8.25419
9.55327             9.68712            -4.28276
8.85207            -1.98214              -1.693
8.50077              8.5017            -6.16226
2.83792            -7.38617             1.47905
-0.758623           -0.562438            0.662027
-6.86456            -5.48868            -6.27818
-6.22006             3.63707            -5.85202
6.07407            -6.67655            -7.94604
-6.68509             8.73611            -6.27855
9.63288            -3.13102             6.82441
1.50012           -0.216299            0.589368
-9.19247            -3.83514            -1.27376
-8.48569            -6.51951             -4.6463
10.5757            -1.48651             4.89557
5.28509           -0.098837             1.60934
-1.11276             7.07369             6.03619
1.2127            -9.29005            -3.97195
-2.73496             1.97569            -2.60989
-0.118012            0.902533             -6.6556
7.47782            -9.42825            -8.86222
-0.429106             1.19976          -0.0539201
1.11992            -2.40221            -5.28591
4.14341             1.58198             5.56145
-1.97302            -3.40772             6.63627
-4.89633             8.30843            -3.28738
-0.843365             6.35721             8.53203
-5.46752             -5.9144             2.31359
1.9761            -3.59049            -8.49989
-8.86811            -9.06333             2.59164
-0.732457            -3.19247             8.63685
8.62555            -2.81218             5.94159
1.75349            -5.66966             10.1064
2.84893            -1.84729            0.421922
7.6229            -1.69364            -4.94326
-6.02636            -5.08749             9.95672
-0.171222            -2.03058             1.78605
-5.68347            -5.29231            -11.6357
-9.49617             -11.845           0.0800622
4.03773             1.89678             2.89396
-6.89576            -6.49738             9.39513
-8.65275            -7.16065            -4.92776
-9.34476              4.4404             6.79405
-2.78335          -0.0902352             3.55033
10.0742             8.33356             8.20411
2.55355             4.54917            -1.39056
2.97749            -10.3863             1.67552
1.21678             -7.5567              -4.419
-1.1633             1.46823            -8.04231
8.55678            -1.73174             10.1754
3.33259            -10.8046             7.19603
-6.98188            -6.73226            -5.25334
4.90505            -6.64984             6.56183
6.27515            -3.32728            -2.15672
5.81619            -13.0437             7.81632
4.93087            -2.42259             2.87844
-8.14355            -10.7417              -4.335
6.71916             -0.3689             1.96824
-4.13194            -14.9738            -6.42289
-6.29485             2.13161            -5.64234
-4.06362             6.66427             9.90331
-7.30123            -8.57793              -7.319
-8.42364            -7.28147             6.83039
1.48682             2.18193             -2.7553
-2.05768            -8.86079             7.95139
-0.0402187            0.178282            -8.33637
-1.69963             3.36494             2.51601
-6.05967            -2.33028             -11.953
3.30779           0.0295064              1.3438
4.11036            -1.78061            -2.26838
-5.4364             6.46112            -10.5115
-6.82087             6.02624            -7.65589
-5.18011            -5.75996             4.59476
1.52898            -6.93428             3.53415
-3.92104             2.03687            -5.28625
-7.07162            -7.93583             4.20794
-8.56906            -8.30594             9.67999
-4.01486             4.60147            -8.90479
9.15911             10.2095             1.34198
-3.17154            -5.16236             4.07211
5.33145             9.55898            -1.57846
-1.90779               8.443             5.81835
-6.58867            -1.53333             7.44495
-9.02389             3.81934            0.667144
-5.24964             2.22638            -6.97007
10.1701            0.464762           -0.603909
1.89109              1.2293              2.2725
-3.37639             1.79461            -2.92851
-2.27428              -5.282             6.31651
-5.6994            -1.50845            0.472262
-2.61451            -1.90626            -4.87296
2.14039            -7.02034             1.65971
-4.19497             2.08087             0.88224
-4.10521            -3.75305             9.93644
1.49154             1.92295             9.63095
-9.23541           -0.880926             7.16135
6.75097            -9.04132             2.65457
-2.39241             3.47335            -2.93211
4.41158             6.13261             6.63735
0.104801             4.86261            -6.12109
0.679908            -6.95402            -15.2336
-7.34403            -3.96459            -14.3726
-5.43082             2.76151            -9.91049
-4.94779             9.61556            -4.09151
-0.96705            -2.93015             -8.1853
3.69063           -0.417311            0.522026
-8.62555            -6.73877             5.81657
0.562076             2.50023            -1.93203
4.0903            -5.26093            -8.60791
-3.36619            -6.24296            -3.11039
7.22719            -1.44213             9.15259
3.9397            -3.96827             9.99416
-3.19853             8.38181            -4.98301
-5.60804            -4.51514             6.86781
7.90329             5.90006            -5.83242
-3.27613             4.19124              3.9891
-9.0667             6.79829            -3.21526
-6.08604            0.959739            -5.01482
6.46748             6.87582           -0.746091
2.30444            -1.24496            0.688537
5.53783            0.416016            -8.99568
-3.88174             4.46096             8.00145
-1.16291              9.9619             8.59208
-6.28431            -6.93659             10.1942
-2.95524             -4.1072             7.31785
-0.116816             -6.5674            -7.88315
3.40559             8.43146            -1.85956
2.77645              5.6966             6.39851
8.0426             3.98399             2.44909
2.4879            -9.43128           -0.971137
4.45562            0.338758            -6.44139
0.267397             4.97088            -4.74525
1.83944             8.64153             3.21516
-3.83758            -3.01809            -1.22579
-7.13629             7.78898             7.08329
0.281565            0.432867            -7.84267
2.88645            0.810588             9.63763
0.325955             1.87691            -1.65862
5.03297             5.59832             2.49805
-6.98232            -2.77675             3.13179
0.82092            -4.64335             5.57863
5.35845             6.37763             1.00728
7.02294             8.76145            -1.92946
5.60189             9.60305            -1.91614
-5.45749            -3.14503            -5.93637
3.81184             5.67228             4.31354
8.13011             8.58007             5.29861
8.65763             1.02303             1.51618
-6.68936            0.643494             -9.4551
1.70449            -2.05952            -5.32972
7.73009            -9.81612            -9.40443
-2.96585            -6.81937             4.05266
1.88628             1.91383             4.75656
-0.785816             3.66057             7.98369
8.05122            -4.17759            -4.76454
-8.23788             7.73222            -6.00496
-2.92518            -6.01917             -8.1053
-3.63438            -6.70292            -5.19196
8.77368             9.06329             4.91535
-0.764297          -0.0924043            -9.15037
8.06414             2.84978            -3.30239
4.0317            -1.90709             5.29147
-8.18329            -2.43711            0.957639
-8.96846             2.50159            -4.75314
9.7916            -5.31439              10.473
5.27198             -1.4187             6.59051
9.18456             6.60837            -9.13216
-8.8357            -2.06932            -1.83088
-2.43776            -1.32676            -6.25901
1.56872             6.27014            0.141997
4.26866              2.4793            -8.90939
6.85247             9.51403           -0.454907
8.23362            -8.37009            -8.59833
-7.60628             4.57978            -6.24102
-5.19427            -3.12446           -0.576763
-8.45121             7.05772             10.2173
6.7793            -9.24095            -1.35275
10.1263            -7.98445            -3.38141
-6.32791            0.980358            -8.60795
1.46297             6.58037           -0.597256
-0.789703             -2.3531            -4.65612
2.86019          -0.0586641             2.72281
-0.830815            -7.04775            -3.01581
9.43233             4.91037             2.27481
4.8182             -9.3535             8.75481
1.75092            -5.36623             9.13108
1.42932            -9.68808             3.92136
4.99157             4.15303             9.59628
9.33904             2.42803            -8.85088
2.54222            -2.81039             3.43796
-8.77756            -1.96394            -4.94268
4.8552           -0.474801            -4.41059
4.75553            -9.32887             5.29559
-4.72794            -2.54701            -9.74731
-0.847678             5.48044             1.60103
1.9129             4.85635             -5.6326
7.00154            -5.22295            -15.5177
-6.37475            -7.87491             -4.1525
-3.42035            -7.63573             -13.474
-5.34687            -4.63674             -8.1696
4.13987             3.19563             5.79158
4.77386            0.895861             1.50588
6.26151            -9.83068            -7.02487
4.50975            -5.14598             6.72169
6.38292            -3.69657             7.13333
-5.06234            -7.75179             9.24642
-2.19988             1.21721             5.73982
0.0417649            -7.01568             -6.6334
-5.59525            0.432125             8.11187
-4.18028           -0.921251            -7.40157
10.3664             1.27404             2.46631
1.05948            -2.09062             5.10213
-5.60227              9.5344            -1.85399
-7.95236            -6.99211            -4.98938
6.33979            -8.38652             9.79087
4.61086             4.12348           -0.541621
3.41396            -4.83809             8.89811
10.1558             8.18849            -4.55485
-6.67801            -7.59691             6.70016
-1.04646            -1.84561            -7.80359
-5.27087             1.36884            -6.41822
7.75794            0.343908             2.67459
9.99357             -9.6883            -6.13808
5.53424             4.58489            -5.17554
-1.68699             10.1806            -9.25069
-8.26556            -5.80728            -2.82935
-5.33757              2.2408             4.54868
-8.71444             8.69779            -11.8974
-8.6144            -1.06853             7.10908
-9.2084             8.23685            -10.2653
1.37084            -2.87278             4.57129
-7.57118             0.67766            -8.53143
2.6075             8.97495             4.59188
3.84488            -4.09253             6.45686
3.41701            -8.45545            -2.58786
8.31794            -7.62401           -0.190482
-6.01333             4.10062            -7.32563
5.73362            0.180827             -3.3798
-2.80289            0.675586            -6.82676
1.0042            -6.07383             8.10043
3.38338             9.22363            -8.46385
-1.54467             4.72977            -2.20106
2.65299             5.42791             3.68766
6.22615             1.52331             6.16893
7.82451              9.5305            -8.14166
-6.34321            -1.74166            -5.77339
-2.79277             6.98097            -5.79365
-9.48987             9.90884            -4.66018
3.36626            -7.93827             1.20971
6.95914           -0.450789            -5.47524
-6.39954            -7.08293             3.99152
7.67985             8.29513            -6.76706
1.86967            -8.05453             3.60108
2.7932            0.549718             6.01413
-6.96921            -6.81681           -0.537587
-1.37501             2.35314            -3.79172
-1.77755             6.95156             -3.3725
7.48346             8.96287              3.3124
3.43476            -3.08988             5.84688
-6.28188             10.1577             3.18281
-1.69135             9.49459             4.96105
8.54967             3.72336            -2.15018
-1.26605            -6.14743             6.53937
10.0832             5.00185             1.68609
2.89408            -7.49335            -5.44464
4.23102            -6.77509            -1.70715
2.21042            -6.07428            -8.86086
6.04383              1.2956            -8.39932
-2.00571            -7.85148            -6.00114
-1.01            0.522756             9.64578
4.01483            -2.55141           -0.379831
-5.07107             3.19007            -1.98114
-0.589117           0.0493274            -9.26933
-6.20267          -0.0927224         -0.00447218
-4.43842            -6.75902             9.32446
6.03849            -1.23824             1.42318
-1.71398            -8.68887             5.60277
1.74095             9.27196               6.429
-8.86842             8.20058            -4.18886
-2.23733            0.947353             -5.4513
7.06879            -10.1772            0.115733
3.86731            -4.28889             6.54823
4.10412             5.59577             2.32967
-9.12585            -3.49216            -1.74032
-4.2478            -5.59073            -3.54606
7.02369             1.44734             5.98941
-4.40801             1.46625            -2.69086
9.0246            0.659919             1.34398
-1.55161             -4.8382             1.16342
-7.22858            -7.06239            -2.82398
-1.67783             4.62853             2.60623
-8.65538            -14.2408            -14.1592
4.38765             3.02146            -17.3856
-3.57923            -10.4329            -10.3602
2.0052               3.377            -9.07971
-9.08162             3.97063             10.4776
5.0048             -6.7087             1.08699
-4.09001            -9.45867            -1.44217
2.61063            -20.0877            -5.89331
5.90959            -0.96479             9.02297
-8.71953            -3.89878            0.619308
-8.28419             5.08453             2.92113
-5.62524             3.64984              1.6452
7.79176            -12.2432            0.597868
-1.5187             7.71549            -2.92825
6.63126            -6.97859            -7.99641
5.26755            -17.6462             2.02525
10.055            -10.1291             10.2359
0.867152             2.73331            -6.73532
3.75837            -1.71224             5.95578
7.19757            -2.34097            -6.23969
4.85032            -13.5991             3.12157
-2.05403            -1.41416            -1.10318
-5.91929            -5.58573             5.73746
3.68971            -11.7298             4.71639
-6.10883             -7.9678              2.4491
-6.34123             2.73109             -9.1919
8.82467            -14.2089             5.26229
-0.22861            -7.13287            -8.86892
5.02064            -15.7862             -1.9301
-5.86824            -13.9662            -1.43703
9.33633            -3.39846            -5.37764
5.3258            -1.77517            -9.51566
0.562379            -0.62238            -15.0996
-5.89926            -5.29136            0.411261
10.3631             6.05107             6.79308
-1.62701            -9.26904            -8.03639
-1.61564            -6.24684            -6.51238
-5.59571            -2.34333             5.07621
8.09386             7.17652             3.29123
0.676061            0.506501             10.2736
-4.86202            -8.35451             10.2925
-1.97596            -1.77823           -0.924541
-8.41209            -2.08496             2.47326
-5.7311            -5.11994            -4.93374
-1.11227             2.56067            -7.61661
3.00284            -1.15468            -1.16251
2.00623            -4.56068             9.70212
0.34196            -6.91601             1.24128
7.47734            -5.67191             5.44181
-1.07889             3.02541            -3.46912
-1.16201            0.308169             8.07114
7.77226             5.18074            -4.80675
-0.316615            -1.09931            -3.14842
6.46435             3.37844             7.60461
3.70742            -5.10372            -8.83112
9.8587            -3.15843             1.06639
7.93753            -7.70352             9.33946
9.45832            -4.73943             4.07946
-1.4654            -4.58106            -6.54207
-1.02325             6.28501              7.1496
-3.55901            -0.24026             6.12156
5.40256             6.18085           -0.112523
-3.85336             2.19017             7.96769
1.20682              1.5353             7.65821
-4.39792            0.562237            -8.85751
7.85363            -3.80401            -11.7533
3.04729              8.7149            -10.5574
-4.80032             1.62167            -2.93719
7.25104              8.6209            -6.37572
0.0150816             7.91777             -6.4195
-4.95392            -2.97001             8.34218
-2.48451            -1.90489             3.79597
-3.95027             8.52362            -5.72506
0.146004             0.60165             6.53224
1.90074            -5.25926             6.15204
7.12924             1.96771             2.19005
-1.17108             2.35062             0.55328
-6.52291            -1.31066             6.66328
6.74277            -4.17419           -0.735471
5.88967            -3.29798            -1.69185
8.8289            -6.49169           -0.778027
8.4093            -4.67641             9.27301
-4.78758             -6.0443             4.25203
-0.608535             6.42844             -5.6253
5.74736             1.31723             3.55827
9.77811             8.04278            -9.39174
-2.51884            -2.58326             -7.7823
-5.22714             -7.7589            -6.42722
0.0882058            0.996695              7.4471
-4.98365            -5.41143              4.9782
-1.10059             5.68457            -4.63245
6.99583             4.90153            -4.48844
7.54376             7.15338            -2.14155
-5.35593             9.72979            -6.30012
8.72929             1.14438            0.711014
5.18134            -1.54286           -0.818603
9.23026            -8.56108            -11.1676
2.76914            0.272458              5.1708
-7.98818             1.75593            -4.32481
2.56423            -6.99394            -14.6576
9.0675            -5.08044             9.35129
8.3852             8.72405            -5.54282
7.86584             4.55748             5.79663
5.37885             3.35141             6.65403
2.00107             5.55114             4.00178
-1.8031             -4.1994            -3.88362
2.64537            -3.02001            -1.80401
-6.6793               4.552            0.719057
5.06251            -4.89252             9.14465
-5.4281            -5.34464              7.7508
-5.92173             9.31558            -7.04627
-5.60941            -9.79892             8.59692
4.27634             1.45084             7.14755
-2.75684            -1.35338            -8.74466
9.96259            -2.66116             7.10215
0.576259             1.48457            -5.14199
-4.61788            -8.99646             4.85327
-0.3057             7.43098             1.35119
-0.360941            0.645662            -7.74741
-3.21626             6.47658            -5.49685
5.14304            -8.05806             4.35913
-0.817006           -0.507248            -3.88892
8.87878            -6.44396             3.47618
10.688            -9.84642            -4.29225
-8.30838            -5.87808            -5.14944
-2.20904            -5.45846           -0.261611
9.24142             2.45219            -3.05064
7.32345            -0.94687             7.32247
-5.96088            0.280417             2.16245
5.1585             8.92204             3.27701
4.12179            -9.54019             8.46042
1.63121            -4.53094          -0.0794027
8.18708            -5.25555            -5.60594
5.71016            -1.98353            -5.01905
1.91262            -8.87673            -8.28802
-0.0406222             1.22601             4.90531
6.47422             9.90289            -0.23346
9.78267            0.230264            0.887932
-5.52378            -8.22891             1.13219
0.142024             8.43681             3.00466
-2.79109           -0.386832             4.44412
6.88343             10.2104            -3.83241
-1.98869              -8.781            -6.35231
6.69766           -0.072813            -7.20692
4.4436             5.05318            -1.63219
2.99566             5.07651             -6.1381
-5.00394            -8.15822             9.36675
3.47923            -9.65845            -1.55086
-2.56853             7.52019            -7.87319
-4.95231             3.91506             1.13872
3.49192            -7.25679           0.0448867
7.64786            -5.37418            -6.71078
-9.39736             2.48268             10.3107
-2.85664              8.0447            -8.90092
10.4173            -8.81316            -4.37089
-7.34076             2.83204            -7.96843
-9.07155             7.04827            -2.94778
-5.47938             2.32091           -0.647986
7.02305           -0.769145             6.29222
1.05272             7.31602             2.34339
-4.41399            -2.88644            -3.63368
-1.16376            -8.29047            -22.4386
-7.088            -4.30128            -7.90457
-1.10662            -5.14017            -10.3747
-9.21499            -9.14983            -5.81576
-5.27987             -7.0589             2.32195
1.33985             6.50777              7.4749
3.64949            0.753586             1.16919
7.93006            -9.29207            -8.85417
-3.5927             7.06302              3.0394
-6.40741            0.563782            0.327901
-4.87695            -1.49156            -1.25782
-5.23545            -1.08293            -3.45412
-1.84241             10.4107             6.13975
-5.47897             4.82466             3.54997
-8.4436             -4.7718             6.73754
-9.37987             2.87067              1.5189
3.06334           -0.383332             6.96466
7.14361              7.5955             -3.1856
7.89161             4.32158             5.55011
7.77642            -6.14788             4.01949
-4.39622              -9.234             9.15813
-6.20981             -3.5267           -0.951556
-1.62834            -9.09668            -5.95656
-5.24277             -8.7184             8.33314
-9.45428            -7.63869             10.3229
-2.31261           -0.216042             5.41284
-4.47339            -7.33629            -9.44691
5.59441            -7.20513             3.29125
3.08305            -3.14025             6.76895
-4.65471             5.15802            -1.45235
4.34602            -5.92317            -1.62592
-8.784            -6.96764            -3.00504
-7.97854             4.73653            -14.4879
-1.45634            -4.02949            -3.26528
2.93021             3.06097            -12.4599
-4.82949            -1.74372             1.69749
-8.84234             1.76596             8.02617
-0.0289889             7.77349            -3.86339
6.3776             4.71179            -3.72105
-5.38606             4.16182            -3.38116
-0.157186            -8.36169               3.595
5.79239            -5.22839            0.255227
-0.586116            -5.16732            -2.02083
5.80413            -4.23309             4.67744
4.26819             3.51171            -8.52207
-1.30681             9.38783            -5.14499
6.83441            -2.37897            -5.57816
3.11157            -7.67613            -9.51654
2.19162            -2.68851             8.99497
-8.76773            -1.56378            -3.78875
-0.0506044             10.0694             6.64051
1.88787            -4.67727              6.9447
-6.80991             9.15822            -3.01593
-5.14566             1.34255             3.50563
3.45017            -9.06119             6.63652
-1.84918            -6.76206             4.29971
-0.541525            0.696235            0.270263
-2.14585             5.18672            -7.61263
5.4558             1.74762             5.11736
-6.18185             4.31989             8.68236
6.74134             8.40649            -1.92351
1.06917             2.19555           -0.119603
-6.83008             7.22335             6.82818
-6.1266             2.04929            -15.8181
5.36521            -8.17042            -2.73175
4.66643             2.58382            -10.4857
9.73682             4.66941             2.32253
1.19351             3.11821           -0.070001
2.99975             -4.6777            -5.36436
0.507419             5.19782            0.652672
8.76123            -3.22172             1.07255
1.8627              8.5832             1.99995
5.35264            -9.98968             9.10936
8.66982             -6.1099            -0.44945
6.49268              3.3134             1.56206
1.39389              2.2895            -7.98029
-6.98015              3.1569           -0.483392
-7.53136             6.14566             9.39747
0.871949             9.64124             6.06366
4.46061             5.20867             8.53636
-8.9645            -12.3823            -5.74897
2.52             -9.5609             4.86013
1.12811             5.48596             8.62519
4.63425            -3.05797             1.84726
-6.59292             3.42452             -2.2966
-3.72906             2.72144            -2.01654
4.36768            -4.56184            -5.01638
0.386768            -1.75733            -5.94782
8.86533             5.54204             9.25593
1.80497            -4.65342             9.66726
9.57068             5.63256             -9.2551
0.0169724            -2.84289             2.80581
-6.24558             1.75319              -6.018
2.80122             2.16375            -3.18128
10.1729            -3.23036             6.88199
-2.90016            -3.11119             7.58238
-3.16353            -3.45664            -9.88376
-7.86027            0.294471            -5.31475
7.79255            -13.0896            -3.24956
8.26957            -2.47812            -4.21828
7.38061             3.21015            -8.46052
10.7128             1.68561            -8.97474
2.79162             2.11754            -1.57978
-4.11872             3.33761             2.77389
-3.7521            -6.87462             9.38335
3.17786           -0.112684             2.40001
-6.10495            -6.19404             5.61051
7.15304            0.658886             8.25511
-7.87985              4.4626             7.02407
-3.78             1.28237            -2.53757
-9.58901            -13.4338          -0.0154673
-4.93751             -4.2613             -6.8119
-8.69549            -5.13604            -7.35447
8.78065             3.44484            -7.79217
-1.34917           -0.846397             5.97874
10.441            -14.3149            0.426434
-6.76482            -10.5357             3.46441
10.1469            0.573929            -1.83177
5.23188            -0.95944             10.2714
-8.89202             -6.6711            -6.76758
-4.45037             5.76078             8.45425
-7.37739            -8.11661            -3.39388
-9.21747            -2.18841             4.08132
8.95898            -13.5144             5.50943
1.15261            -5.35327            -3.12018
3.15438            -9.68434             2.95691
-7.18094           -0.742671            -4.27379
-5.67032             -3.8741            -13.7555
-3.2895            -3.05864             1.11518
-8.54362            0.824037            -1.92192
-4.97422            0.854589             3.81731
-1.55563             3.49431            -6.03204
5.10096             -7.5035           -0.322424
4.54533            -9.10834             2.65988
-8.03338              7.8818            -7.50656
7.13256            0.577878             -9.0836
5.96353              1.2987            -8.83052
3.06703             5.64502            -3.79314
7.38404            0.886874             5.16421
-0.824549             2.86725             2.39686
3.03757           -0.815994             2.00285
5.87832            -6.39375            -2.53965
5.18825             5.60252             1.75787
0.501958            -5.25893             3.17489
9.30115             2.96378             4.71425
10.1923             7.07409             10.1073
-7.73386             1.62859            -3.62969
-6.79804            -4.41662            -2.71824
-2.57747            -6.26159             10.2721
-0.560713             3.92123            -9.51747
-1.52184           -0.375443            -1.16974
2.84628             5.62655            0.358549
-4.04913            -2.72791             5.28032
-0.958804           0.0491624             7.62402
6.16311            -5.67333            -6.43245
7.67344            -5.61782             5.64136
2.5705             9.91496            -7.54775
6.46653             1.59912            -6.44671
5.81424             7.51942            -9.41964
-2.45221             -6.2945            -8.10509
-0.333041            -1.76726             2.43881
8.21209            -1.68229             3.48529
-2.86813             2.30455             -5.8894
7.78404            -1.11044             4.19882
1.23216           -0.545621             8.44549
-7.12592            -8.19684            -3.45122
-4.03591             3.67852            -2.92455
8.83048            -6.22698             8.91625
2.25533              3.5695            -7.72534
9.95621             3.06178            -8.02624
-5.53236            0.733913            0.273813
0.391701             9.64261            -6.90733
0.765771             9.15696            -8.36928
-4.71845             5.03223             9.92974
3.80405             5.02203            -7.39862
10.3617           -0.874268             -1.2967
8.60261             2.14338            -1.68996
-5.41297             6.54432            -3.23432
-3.72281            -2.63782            -1.34448
2.53684             1.98998             8.10248
-10.3278             3.12254            -7.88109
-2.90012             6.65624             9.40403
-1.27186             8.43315             9.82874
9.66513            -9.15671            -2.17277
-4.13861            -4.88962            -8.93679
-6.46897             2.03812             6.03359
9.74812            -7.35433            0.865851
-8.45796            -7.13577             8.42097
-2.029             9.24802             3.24874
-8.65016             8.08379             5.31842
-2.47715            -4.15651             9.47827
-0.986124           -0.803014            0.474469
8.11054             -1.7356            -9.74128
-0.326332             6.43734            -11.8829
5.70387             3.39803            -2.56577
-9.01672            -4.23059            -2.76692
-8.84862             7.39822             2.87255
-2.05175            0.387549             5.80828
-6.05106            -4.51675            0.840352
1.92811           -0.791667             8.17149
-6.08238             6.98822             8.54257
3.27595              1.6821            -5.30464
4.35781            -8.41512            -3.38396
-2.46729             6.09417            -8.59876
4.45225            -6.53573             2.22789
6.34867            -9.08122            -7.76883
-5.75848            -7.59667             4.70069
-6.5597            -8.82207             -4.5035
-3.19338             10.2468              1.3839
-6.00168             -6.1163            -4.70409
-1.98834            -4.05468             -7.3511
-2.90801             2.84462             9.68632
-9.51956             1.91634            -1.84014
-1.62282            -3.25293              7.9561
5.96289            -7.94228            -7.92071
2.51117            -6.98385            -4.10797
0.457082             7.68968            -6.11419
9.56131             -6.6616            -4.73654
8.46908            -6.65254             9.13422
2.73646             6.26224            -6.57823
-3.51515             9.61683            -9.42221
4.36614             3.70659             5.33976
0.467891             3.70828             -5.8343
10.2245            -1.91214            -10.9954
-7.52389             10.0967            -1.06681
-6.81427            -2.16794            -2.62052
-5.29382            -4.39171             1.46133
-1.72842             2.21821            -6.29977
5.12131             5.24782            -9.45656
0.316924            -5.36633            -2.10891
-3.52746           -0.733784            -7.37969
8.03668             6.32731            -8.17083
-8.41339            -7.07136                5.81
-8.84394             6.87317            -7.05231
7.84247             -1.7382             0.86681
-4.68165             3.83526            -9.16773
3.09733            -4.59182             2.71394
7.01446            -1.43604            0.909561
3.67466            -7.91473            -1.75667
6.51356             -7.1899             6.07819
6.98522             1.78799             5.17816
-5.44323            -7.07106            -8.85529
-3.61621             8.96868              -1.849
-6.96147            -9.16998              1.7028
8.31731              7.4487             4.88923
7.05929             5.76736            -8.90084
-2.68619             8.34984          -0.0717431
-1.93411            -9.28098            -8.18349
-5.04224             8.85573             5.70471
-5.87992            -8.26183            -2.15627
0.423874            -8.94182             5.84598
-8.5772            0.592953            -3.97203
-1.17087             10.2013             2.09234
-1.92083             6.85075             -4.4941
4.97667            -6.37167             9.72433
-4.6818            -2.28334             2.36644
1.58238            -7.90816             4.84773
-0.586906            -3.36647            -7.19879
-3.14972            -8.99867            0.420159
3.93612             6.64886             3.62889
8.1383             5.71041            -9.53495
-5.17075             6.21543             7.42638
-9.97571             9.78434            0.390704
9.39094            -1.17664             5.83559
-4.86208            -7.90863             1.88026
-5.59254           -0.286656             5.91493
7.59421          -0.0544615            -4.19505
7.78974             8.56528            -9.02397
3.25283           -0.912805              1.3775
-1.32035            -5.52783             3.03989
-7.45067            -9.20527            -9.00546
9.72553            -3.11108             10.2641
2.96648            -5.67638           -0.933716
9.01329            -6.45978             2.17402
-0.242047             1.27346             8.87953
-3.947            -8.28109            -4.36646
1.40688             5.38058             7.50286
7.10143             6.21719               -3.12
1.17878            -5.12786              4.6829
-2.73383             7.63661           0.0545469
-7.16971             -3.7789            -7.24972
1.83676             7.03008            -4.25568
-1.4715           -0.761618            -7.16041
8.8096             3.78473             10.1143
3.94418             9.67308             8.43906
2.05151            -5.72176             8.16749
-5.66299            -8.37703            -6.77902
8.59914            -3.59469            -5.34683
-4.7989            -3.58187            -15.1003
-3.82838           -0.196939             2.80818
8.7706            -3.93083            -0.60687
6.53942            -5.01556             6.33593
-0.948107            -7.51634             9.94839
8.37163             5.75577            -4.77162
1.95628            -5.99756            -8.79143
8.32803             9.23491            -4.40936
-2.59299             7.54764            0.920149
-4.45689             1.19454            -1.17299
5.29422            -7.95401             5.10958
-4.33133              10.029            -6.43043
7.18582            -4.16238             8.25753
-0.353956            -6.58396            -5.92821
-8.17734             2.86875           -0.118076
1.27205             3.70526            -5.96518
0.0505131             9.79824            -2.92298
-2.4812             8.41575             8.68305
-1.73982             9.11594             9.42528
0.138637             9.68238            -8.44951
-10.4412           -0.605159             1.64117
8.01056             9.25975             4.98523
-6.68592             3.18739             4.87803
7.52959            -8.97469             8.67258
-9.31117             4.80119           -0.884793
-6.83186            -8.94154            -8.23641
-8.91704            -1.60858            -2.71972
3.75337            -1.68459            -8.40745
-10.1718             8.01864            -7.68894
9.48746              3.7908            -7.21668
8.27955             -3.8326           -0.569075
5.71844             7.69017            -10.2444
-5.89798           -0.537173            -11.5995
8.15111             9.52086            -4.05592
-3.1691            -8.11644            -8.25937
9.31093           -0.613159            -4.90079
9.08612            -4.55546             2.50366
6.22441             9.01025            -8.92533
2.314            -3.78883            -3.51569
7.79755            -5.93816            -6.43628
-0.281477            -6.15213             2.16712
-6.74179            -3.99376             8.88726
1.02288            -1.00407            -8.48676
10.331             2.15185            -7.42404
-5.28606            -5.52453            -1.83592
4.21142             -1.9777             9.44451
1.75324            -6.54419              -6.731
-3.9182             2.49256             7.66895
-2.45605             1.44243             -6.2179
-0.713375             2.41526             5.33302
-6.53238            -3.32622            0.448625
7.52112            -3.99697            0.730292
9.0879            0.807444            -6.15035
6.79944            -1.23217             2.36457
5.75372            -3.51143            -2.18632
6.78329             5.95558             3.68846
4.36627             4.82156             7.35939
-1.59259            -8.77716            -1.69007
-6.26207              5.0003           -0.986228
-2.00106             -6.7921             8.79297
9.18295             3.12736            -1.56171
-7.2269            -0.99539             9.57047
-9.07818            -6.22437           -0.215006
