-16.9079             4.55546             4.42094
0.801134             8.39722            -84.7324
-51.6789             2.74668             10.8448
-32.4885             8.53428            -20.4729
-80.068            -97.6471            -4.32715
-37.3843            -12.5458             15.6714
-9.38122            -11.4785             3.79909
-29.6976             -19.886            -4.40764
14.0928             15.0082             6.12528
-0.120401             10.0274            -2.95025
3.7922             6.31523            -6.27308
5.51118            -50.2653            -5.59175
-41.448             5.23282            -0.85592
-15.4332            -12.6656             4.36821
-15.4455            0.367318             8.00019
-5.10447            -41.8979            -1.68214
-29.6689             4.35948            -3.64203
-14.3053            -25.7801             5.85887
-71.2527            -2.33281             1.12992
8.08211            -61.7783            -1.88581
-30.5289            -22.7053             11.9765
-27.115             -13.326             12.1582
0.0364856            -7.65582             12.4099
-0.652594            -68.6679            -1.60608
7.0925            -15.9234            -7.89194
14.0649             -16.426            0.393068
-77.0676             5.32519              10.899
-3.25435            -70.2985             5.21231
-17.3393            -17.1428            -5.27347
-12.4123            -27.5249            -2.75908
7.37316             6.12359            -4.72398
14.3026            -42.7943             -17.833
4.08889              14.559             -45.077
-5.56078             3.69215             -109.78
19.0874            -4.20485            -53.6038
-15.8521            -3.68726            -74.1716
-42.3519             3.26871            -5.02359
-15.8249             8.30627             6.43477
-106.925            -7.25786             1.32428
-35.9381             9.49519             12.2372
-14.2686            -3.91222             5.52397
-11.9803             5.92493            -1.38132
13.7832            -7.47371              6.6745
10.9475             13.8467             13.0912
12.2757             6.59667             10.9388
8.28465            -2.02317            -3.62611
4.9946            -7.24767            -5.12519
4.76607              9.4166             12.6504
-65.7249             8.66779             5.08259
-15.5665             11.4325             4.97282
-25.6419             4.46538            0.899316
-44.6204            -1.39126             10.3648
-10.0573            -3.93845             10.6513
-1.70973             1.25174            -4.76564
12.797             9.19202             12.1607
-0.795474             16.1308             7.71426
-34.8199             1.61103               13.39
-1.61231             7.91364            0.932081
6.79184             8.66891            -3.10841
-25.5773             14.8209             10.9393
-45.3018             11.4527             8.06716
-10.4376            -2.24877            -3.76326
-63.9754             12.1976            -47.2589
-27.1027             11.1211            -3.22468
-16.0254           -0.650829            -33.1754
10.8184           -0.207769             14.1121
7.58314             -4.3217             4.65381
8.05403             10.5886            -28.9238
-36.7233             11.8287             3.69023
-25.5275             6.07952             3.43982
-114.42            -5.64585            -4.19213
-53.2267              10.981            -3.68893
-35.7832             12.7705           -0.514394
-11.552             10.8663            -6.99104
-58.9458             8.77314             8.41474
-20.2957            -2.68959             1.46212
-70.9222             4.10195             4.97967
-39.4501            -5.83032             3.02438
-11.0877             9.57751            -4.73459
-22.8545            -7.01304           -0.809672
-41.2281             4.98892             1.77894
-24.8965             4.69484            -4.79736
-90.1906            -4.20905             4.92107
-46.2907             5.26499             4.75999
-13.716            -3.90226             7.71332
-10.0019             4.64486            -5.14943
-85.1494            -1.71247            -6.71179
-5.9454             2.15927            -4.72341
-13.0872            -6.06254            0.492257
-11.9179             4.55621            -3.02662
-83.916            -3.20996             -3.1791
-18.2558             2.29228             5.46621
-56.9004              9.6109            0.186863
-50.7771             6.98115             5.49517
-17.7747             9.37366             3.46359
-34.2318            -9.35631             2.74979
-73.5748             7.00512            -79.5828
-17.874             5.79897            -92.0799
-33.6525             5.59676            -24.8117
-17.4986             5.32722            -42.1178
-5.60453              8.5869             14.3954
0.789012            -2.33895             18.0412
-77.1086             4.10468             3.58284
-32.5541             -4.4966           -0.370525
-66.4179            -4.06145             5.30764
-30.2674            -3.10655             1.10344
-23.3308           -0.938241             2.15129
-35.3628             2.16479            -5.09202
-44.8576             10.1032             8.74307
-22.749            0.112259               9.986
-82.8698            0.114061             8.78703
-40.0905             8.04748            -6.69055
-67.8164            -4.02771             7.57623
-46.4951             3.37414            -1.98281
-2.08469            0.395528             4.68529
-39.9381            0.609259             9.59927
-60.3253            -1.24519            -2.67382
-17.2862              14.064             6.59683
-9.92964            -2.70652             8.93583
-42.4325            -4.51665            -2.97769
-55.2888            0.129164           -0.399831
-23.9199             5.46154           -0.874453
-11.318             4.69881             10.5613
-49.0144            -5.27979              0.4408
-1.85258             8.01111             6.20265
9.98304             8.30272             14.1093
-69.9846             9.93259            -7.81507
-51.084              2.5826             6.24487
-75.0306             7.72656            -101.835
-19.2673            -5.14887            -11.7483
-89.0524             4.34122            -21.3823
-35.2007             3.12042            -45.7032
-38.9167             11.5425             7.63215
-23.8707             2.53372             9.75109
-67.1869             -4.8073             4.46696
-43.2232             8.91629             8.08603
-45.2794             7.89249             12.6677
-40.2886             -1.3776            -1.49264
-98.1039             2.42593            -1.15885
-43.7562             8.16419            -1.18362
-32.1384            -5.24959           -0.130308
-7.87372              5.4679             2.11483
-66.8198           -0.982102             4.02477
-38.6016              6.3323             1.02005
-63.1937           -0.126478             12.0228
-40.227             4.02517              7.9255
-4.98719            0.353234             15.7805
-20.3889             5.51359            -4.45683
22.1946            -6.60851            -5.45602
-2.86619           0.0182923             10.9918
-112.481            0.697445              3.4795
-10.9584            -1.98327            -4.85702
-31.4151             4.14957             4.39113
-27.6266             9.53252             6.73811
5.31612            -1.63248            -1.83731
-9.03343            -8.20954             12.2096
-6.6881            -5.41585             1.04463
12.3487             4.25853            -3.84465
-13.5414             11.8533            -4.72847
-42.0295             7.33122             -8.8774
11.1945            -2.04011            -22.5878
6.57645             7.27255            -68.0558
-67.0168            -10.1583            -6.45087
-34.4286            -8.23786            -45.8048
-49.1989            0.933467            -6.15378
-48.0385              9.5199             3.00114
-67.4721             4.00647            -2.21564
-68.4635            -4.67594            0.453654
-65.361            -7.19138             12.3218
-33.1203            -4.57207            -3.43024
-5.29902             5.18101             7.74878
-29.5171            -3.96122             1.57426
-51.7679             8.31562             11.5763
4.28019              7.0653           -0.165098
-0.108877           -0.981967            -6.65464
-31.9888             9.64086             3.46542
-67.8078             1.05672             1.81782
-10.6436             9.38649             4.72927
-15.3957            -6.83315             -1.2394
-16.5106            -1.87213             4.46258
-18.3763             8.88577             5.25334
-3.5355             4.80441            -7.16799
-91.3806            -1.21707             5.78457
-52.4164             3.41938             12.3045
-40.3267             6.40189              10.836
-20.9683             2.24517             6.57555
-91.1324             5.42443             9.01807
-18.6809            -8.26666             8.84888
-21.578             10.0406            0.259689
-17.3013            0.261322             3.29699
-57.705             2.74672            -21.0544
-19.2283            -7.33238             -1.9165
-33.012             11.4034            -38.9701
3.87756             -4.8133            -59.4366
-78.2367            0.131213             7.78957
-37.1565            -3.87077            -56.4103
-63.1126             10.9777             7.06482
-48.6095            -5.44516             17.7823
-9.6828             5.53584            -3.37043
-49.8193             9.17719             11.4695
-30.1352             2.89834             10.4333
-4.46691            -4.52055             13.9654
-3.13758             10.7223             2.44696
-3.9185           0.0512862            -4.38771
-40.3597             6.94249             1.78557
-18.196              6.5515             1.42486
-85.3944             4.15878              13.201
-31.8066            0.711853             6.40321
-45.4764              4.5012             3.54754
-45.0343            -1.43654             1.26534
-66.3704           -0.910287            -6.74627
-45.8154             8.18237            -5.86874
-43.8863            -3.68299             9.20562
-38.1653              4.6924             2.15297
-64.9317            -4.35378            -7.24069
-61.3852            -8.15584             5.55492
-50.3619             1.34828            -1.79194
-40.383            -6.89077             10.7875
-80.5763            -5.50999            -5.62351
-54.6985            -8.09986             7.15942
-65.7324             9.06702            -5.18242
-44.4268             6.93458            -2.85108
-7.25225             4.19432             7.72931
-47.0902            0.839625            0.186088
3.72351             10.9535            -25.0798
-0.0371485            -23.0322            -54.8918
-63.2549            -8.64883            -1.87917
-45.9243            0.848301            -58.4408
-36.3293             4.22087             13.5536
-54.0874              8.7155             5.27864
-59.0757            -19.1074           -0.263067
-28.7356            -7.49058             6.10774
-31.6412             1.38314             12.4764
-18.4611           -0.757468              3.3478
-57.2093            -9.05284             9.77051
-27.0736           -0.772277             1.49852
-40.8269             4.13631            -3.61468
-23.7739            -11.1204             1.35777
16.972            -3.93945            0.813732
-15.3933            0.329287             -1.6588
-51.5493            -3.58632            -7.66238
-11.9624             4.01416            -2.23409
-47.8506            -14.4781            -4.12462
-59.3299             12.3556             3.68561
-50.4797            -2.89898             6.06522
-49.4054            -5.03309           -0.351681
-45.3942            -22.7635             5.36913
-55.3741             12.1537            -3.20475
-40.7852            -5.62869             6.61767
-48.4619            -2.69662             11.1938
-66.8907            -22.7491             11.5885
-62.0681           -0.586077             13.2245
-28.8171            -6.50475            -2.37712
-9.43479            -5.78831             7.15472
-25.0166            -4.28623             -3.0022
-24.6269             8.37202            -8.90663
18.1885            -40.4028            -58.7798
-2.21068           -0.806368            -76.2111
14.502             11.0299            -35.2962
5.97295            -61.0331             6.99215
11.2956            -36.8881             1.23497
-2.29828            -43.2523             17.5537
7.31218            -8.86196             7.62833
10.5826            -62.5759            -2.09366
9.4231            -63.3721             7.67606
8.16743            -33.1836             4.78317
7.63146            -40.8318             11.1551
2.79545             2.33341             4.67555
11.3623             -65.158             9.60392
-1.57671            -23.6297             14.1203
2.11075            -42.8518            -1.48194
1.4424            -16.8938             6.21906
7.522            -43.7738            -3.27693
9.3233            -15.3147             6.43455
18.1342            -52.3963            -6.71769
8.8675            -61.8715            -3.96886
9.20996            -48.9986             8.84976
2.8115            -39.9296             11.9469
3.69752            -42.5513            -6.17828
4.00088             -61.124            -5.63197
5.41887            -53.8087           -0.577334
2.45097            -34.2318            0.695644
14.4548            -37.5578             12.1217
6.48566            -30.6999             5.65859
9.28669            -39.4579             6.03009
12.3251            -18.2257             7.71992
8.20336            -41.4102             2.24816
5.05843            -48.2866            -38.1856
9.43591            0.294748            -37.6225
-3.53504             8.45146            -107.015
16.3175            -4.00593            -62.6313
6.76028              3.3978            -56.6923
17.7891             3.54554             16.4735
2.96226             3.52245             13.7219
20.4965            -3.12376             9.35594
4.8802             11.1681             11.4646
10.2144             9.22865             4.89685
0.0700115             3.17861           -0.247146
-0.576742             5.31305             13.7501
12.645              9.7933             9.97779
9.78629             6.20711             8.79919
4.03987            0.422798             2.21912
13.3297             3.61553            0.508028
13.2279             0.96347            -1.47618
10.8475             15.6521             9.83632
3.02358             9.17807             8.86435
9.86521             -4.0087           -0.595909
6.68969             14.3787             12.5627
11.6823             16.4614             3.22157
10.998            -4.20391             13.7999
0.330699             2.78795             6.04163
13.2132             12.7313            -2.47523
10.0228             20.0705              3.2782
12.6617            -2.42691             1.47076
9.96054            0.319634             4.83997
11.7835             4.48468            -5.23942
15.4111             3.28238             7.16974
6.60684             8.91248             15.6497
15.9261             4.08124           -0.126555
2.00418             7.00814            -4.24093
0.988167           -0.782934            -38.0144
-5.3554            -3.04778            -95.2716
1.03554            -4.80255            -40.4833
1.1863             1.62152            -61.8786
6.93301             1.88237             9.84899
1.71838             13.0416              15.217
12.5245             3.42301            -1.82557
1.79957             5.78162             3.33851
1.70392            -4.58961              10.931
4.37052              4.2642             11.4168
14.718            0.568197             11.1299
3.32976           -0.990614            0.104412
11.7375            -3.79814             -5.3901
-1.79766            -4.01981            -3.74202
11.5175             1.28785              11.201
-1.19592             9.29918             10.5678
3.94674            -3.09294            -1.55397
-5.09828             7.80263            -4.46788
5.96451            -2.20755             7.10122
9.8119             2.22247             10.9037
9.62695             9.38211             3.50509
9.08292             6.22742              8.1095
9.68159             -8.7563            -5.59501
10.2955             8.82731             9.40743
-3.87963             13.4367             13.7263
5.27762             8.67408            0.635407
6.40964             2.52046             7.83328
10.9409             -7.0697            -2.63809
10.3957             12.9664             4.45352
9.30753             5.76528             5.66176
6.95674             7.52189             7.41513
5.42034             6.67696            -6.96933
1.38129             13.5566            -61.3827
9.45427            0.218151             1.41722
2.70562             8.84484            -35.4185
0.890686             2.66238            -37.2511
10.9005            -4.92839             19.0455
11.2789             5.42529            -2.46195
11.6389            -6.41527             6.35716
0.699062             7.42866             6.68488
13.8805             8.07109             11.4759
5.02749             9.16793             10.6239
5.80655            -7.30506             10.7162
12.5485             -4.3386             7.39308
14.2162             13.8542             1.41008
5.52879              5.6772            -1.46566
16.934             11.1994           -0.796182
0.638285            -7.66606           -0.761901
19.763             6.75705             4.22219
3.23777             2.19218             3.67767
-0.443982            -2.27224             8.33177
8.16475             6.29711             -2.3968
11.0271             3.18792            -1.57621
3.52822             6.66298             5.21156
0.91612             10.7413            -1.62331
16.9192            -8.37549             8.21412
12.9646             8.19569             8.11579
1.88736             -5.4272           -0.652384
3.10569             8.86189             -5.3346
10.2637             10.2035             7.09143
8.7515             13.2007             8.78941
-3.31969             3.83655              2.8071
6.37222           -0.099586            -13.3239
2.84592             1.29126            -2.62883
7.80491             14.4403            -45.8356
3.02151             10.1708             -100.53
13.858            -6.34126            -15.6266
14.3596             5.07258            -29.7021
8.10945            0.843738            -3.21434
-5.84016              6.9694             14.8484
20.7381             7.05323             9.65045
-2.81353            -1.48339             9.96576
11.5805             6.91163             12.5041
-0.27055             11.4924             8.26298
6.64804             9.59465             8.59452
-1.62136            -0.32441              2.1799
1.51458            -3.11295             6.02607
5.03567            -2.88303             2.37932
5.73243            -7.35989             7.79843
16.7115             4.50203             11.6569
14.0808             7.11931            -2.56068
12.9718             14.0592             13.1707
7.26939             2.31383            -4.20681
8.82503             7.28256             7.93588
6.19893            -4.18044             8.47742
-2.13987            -5.22053             13.4718
19.5028            -5.31917             12.7614
-0.544095             5.15819             4.42083
7.71299            -5.10569             2.13645
10.3966             10.6399             3.50264
15.1464               9.462             13.8501
1.86778             3.50544            -3.51637
0.84384             1.98566             3.57752
-3.46769           -0.373282              3.8244
5.52817             8.94889            -9.85314
1.70639             1.55377            -2.44519
6.17504            -1.11028            -70.0065
-7.69345              6.5822              16.067
23.2175             9.20237            -20.8058
4.79865             7.35952            -37.6069
13.7814             6.93183             15.4158
5.60926             12.3593              11.589
10.8577             5.40836             6.07645
3.3814            -4.71792             5.11487
7.64715             5.74367             13.0697
3.2114            -0.31527              9.9893
12.0786            -5.79779             12.2962
7.9515            -4.74091             3.05351
14.1185             5.31677             6.74102
-1.62992             13.0859             1.63073
8.27575             6.00719            -0.35918
7.75466            -8.20109             -3.3702
19.543             5.33585            -3.17387
11.6262              6.2988            -3.56935
2.39015            -7.60899             10.4327
6.22282             4.83065             9.65061
-1.77959            -4.52829             1.22944
2.89617             6.81529             9.20926
22.6276             -7.7706             6.44695
5.42786            -1.02057            -2.63302
8.97818              4.9728            0.154432
13.1328            -1.04393             12.8814
10.7107             9.93555             10.4581
5.06995            0.796963             6.51794
4.36069            -1.71031             2.95347
-5.74116             12.3605             10.8103
9.7354             6.04076             1.75203
18.9598            -1.06822            -3.26416
12.1261             11.5035             -63.426
8.68008             3.95567            -3.69423
4.88454            -2.57766            -46.3539
16.0293             1.55357            -11.8744
18.344             4.37535             14.2641
13.3919             1.26859             13.9747
13.4904             2.26025            0.752043
8.08621             7.88865           -0.311529
6.58996             9.42435             2.89373
6.36991            -4.63446             2.85644
9.74613            -6.77093             8.25642
-1.03917             8.07919             1.42212
15.9793             10.2644            -3.05887
0.406404             3.20412             1.21158
17.2644            -7.80698             -0.2012
0.0829013            -2.03318          -0.0167444
15.2926             12.0934             9.69017
2.07888             13.0234             7.23112
21.5117            -3.97236            -4.54804
3.82852             1.86654             3.77509
5.96874             -1.4402             9.36486
5.14129             0.99937           -0.525083
8.82645             7.20543            -2.15647
8.67437              4.3578             8.05722
4.68285            0.544918            0.624544
11.822             4.58646             5.01875
17.0793             1.79984             2.66464
11.5541             9.06487             4.14797
7.21944             6.48403            -1.49413
-1.06291            -1.36131            -2.00123
6.66021             3.99809             4.22544
6.72104            -10.7719            -14.0517
12.2697             11.1792            -61.0772
11.594            -2.55222            -32.0762
15.5784             2.87516             -46.938
1.58259               2.879            -10.9504
16.1221             8.01969             8.14187
-0.123517            -27.4128             5.46151
9.38088            -11.6722             -2.0449
-0.4073            0.114353             14.2619
15.4831             14.0181             4.32821
5.51            -10.2504             1.04311
6.31739            -3.86917            -5.94969
13.3373            -3.79579             4.93867
9.08121             5.21688             11.9674
-2.24343            -31.7179             11.1955
15.0683            -2.76636            -1.10956
17.1416             10.4123            0.326137
2.6257             2.18481            -3.62928
6.84997            -17.1674             -3.9976
13.3445            -12.8326            -2.73027
4.18681          -0.0345769             13.2082
15.1247             14.0669             7.20793
15.1568             -5.3917             7.27469
3.60017             1.79944             9.32582
7.81634             7.06491             12.2189
2.88664             4.80511            -2.26263
8.4455            -18.8844             2.09834
6.90839            -8.33088             11.8705
4.68059              4.8866            -1.10823
12.9746             12.6892           -0.401562
8.88816            -24.5057             4.28356
6.17976             3.99964              6.7086
7.96852             -7.3943            -26.2298
7.58333            -45.4423            -9.97554
-7.34234             2.83692            -98.4159
4.68672            -49.2577            -48.4814
7.28464            -16.8224            -24.4788
-2.32562            -48.7877            0.732402
9.80768             3.65602             10.1642
12.1867            -19.1355            -1.71472
9.95732             5.03771            -4.69747
9.76284            -56.7852             6.18612
6.371             -11.105             7.87653
6.79245            -18.5757             1.40433
-6.16556              -18.64             5.87054
8.23792           -0.837652             5.74475
7.09644             2.01925            -5.16386
14.3654             12.2651             8.81714
6.54649            -95.2888            -7.32088
3.83422            -55.1094            0.752401
5.19303            -18.4654             7.92066
7.78464            -26.7831            0.320187
1.45646             19.0231             5.71313
11.524            -42.9761             7.95889
1.91777            -6.37491             7.56095
4.82997            -33.2814            -5.20876
-3.98862            -57.7145             6.01175
13.2372             -54.685             5.97303
3.39794            -31.0902             9.36521
-1.8302            -19.8381            -3.87673
6.98116             8.97264            0.957745
2.50376            -36.5477            -3.69585
5.75065             7.95759            -3.14794
2.70574            -20.0375            -11.9804
-0.443392            -22.0323            -36.5305
0.75298             17.6033             -61.952
-5.37025           0.0691213            -115.756
-1.55827            -3.74753            -50.6193
-2.61571             10.2785             -46.413
11.547             10.5424          -0.0522498
1.85074             4.63627             2.95884
5.50805            -1.69761            0.180601
12.6517             4.07307             2.52569
-3.2128              6.4011             -5.5291
0.451839             5.68525             3.60679
1.67757            -5.86421             2.63232
8.33891             7.96466            -4.38761
0.596669            -1.56998             -4.9005
7.02713            -1.78061             11.9433
5.90139             5.67705             9.64904
6.82651             15.8117             13.5684
7.09384            -3.10678             10.3246
-0.809936             11.0838            0.736254
4.31126            -3.64203            -2.68065
2.45328            0.690484             11.3763
7.60026             6.77199             2.83952
-0.588653            -2.31579             7.04003
4.86024            -1.87521             1.09385
6.0904             5.62557            -2.27457
3.49277               6.312             6.04605
-3.79857             14.0482             5.58156
15.9417             2.24668             9.51867
-2.78099             8.90519           -0.131281
2.88506             9.09731             11.0562
4.41843             12.6947             4.99964
1.4041             7.22129            -15.0113
17.2551             9.20657            -6.69133
4.20666             6.06904            -72.7085
0.155217            -4.02612             9.20254
2.99303            -2.69472            -40.2876
16.1583             10.5667            -28.6219
-3.20447             3.12062             17.7234
4.07021             2.33826             4.90486
3.08388           -0.236823            -4.12804
7.23717             3.00703            -3.12945
11.0642             2.18476             8.40472
5.16665             11.4688             5.25556
5.88908              4.1376            0.388134
2.60903            -4.05728             7.89338
-0.167632            0.536643             3.36278
1.55523            -3.14702            -3.86042
8.03173            -2.54376             9.55966
7.67171            -6.83241             4.50204
6.58367            0.790852            -5.46361
0.420629            -4.71321            -4.97452
1.13728             7.77711             6.56475
7.0451            0.159658             9.26096
0.718367             9.93902          -0.0607227
2.26306             10.4143            -5.34124
10.0524            -3.05105            -3.76481
16.8341             4.30915            -2.66249
13.0687             10.3752             3.35617
10.4766             2.95996             13.8797
-0.837554             8.88848             1.06027
2.38928            -6.59549             9.07848
0.0226594             4.24997             1.14817
4.80277              3.6429             3.78174
12.212             10.6678            -6.48795
10.7956             -6.8155            -9.86699
-1.7728             1.53281            -44.9778
-3.93446             3.59143            -109.178
2.78307            -8.83772            -24.7605
13.7289           -0.530496            -23.5586
1.5937             11.7594             4.50677
-5.32603            0.462601             16.3411
16.3455              6.3103             10.0453
7.94815            -5.65924             7.35642
5.68995             10.1149             1.68539
9.24122              6.9048             10.0979
11.9091             8.17832             12.6787
6.63992             5.96656            -1.46907
7.72707            -3.20175             4.56916
6.87919             8.68692            -4.77256
3.0474            -4.36131             11.8968
9.99958             4.51183           -0.214182
4.74001            -4.74986              6.5666
2.84995            -1.56108            -3.96427
12.531              1.1694             5.98979
16.0296             8.91601             8.02984
2.16195             11.7605            -3.71629
3.38417              4.4377             10.2101
13.2577             1.55362             13.7395
9.40842             10.9133             9.79573
3.82129             2.10644             10.1904
2.63627             9.36865             1.84369
-0.375712            -1.71858           -0.882929
12.6579             5.11919             -2.6777
-1.97805             11.7993             10.8952
-3.81651             6.81224            -2.35561
-7.09463             8.68205             10.0925
12.8341             4.99464            -4.39452
10.671             3.73407            -58.4559
0.0856204            -8.11169            -2.75778
11.2345             5.41032            -42.6168
9.36578             4.49039            -51.1906
7.37936             6.67184             1.64881
11.3757             7.60566              11.161
14.6007             2.85899             14.0507
2.76919             5.96937             9.92571
3.60318            -2.37004             1.22642
10.5993             6.67447            -4.69047
7.92724           -0.830179             8.64371
7.46712            0.579809            -2.13783
8.49634            -1.72912               12.19
4.69585            0.596788            -5.70768
7.44798            -8.23636             5.62914
15.9604            -4.99927             3.66263
12.0023             4.83795            -1.13234
6.814            -5.41525              6.2695
2.97787            -2.22019             11.7495
7.71242             1.57055             6.15873
6.07257             12.9125             1.35122
-2.29388             5.04746             7.11781
15.0744            0.819443            -4.87053
4.56723            -7.21591             1.39471
8.80859            -3.20684             11.9746
3.94677            -4.79359             9.83652
13.2807             9.39747             -1.2793
14.4794             8.52788             1.80669
12.2236            0.497702             13.2263
6.89423             3.27263             5.97293
3.12912             7.38507            -15.2066
17.7729             5.29471            -18.9633
1.49873              7.2516            -55.4707
4.83936             12.0865            0.474787
1.7257             5.62756            -9.61178
9.12458            -4.75457            -13.3548
-0.982232            -2.29314             10.0799
10.7319             12.7716             2.18274
8.13745            0.188497            -5.34106
8.65763              1.9581             11.2573
0.92223             6.30866            -3.37609
-3.4427            -2.20418             12.3355
5.06225             8.46441             5.20396
3.44833             2.40804             12.5642
-0.449218             6.82342             2.45968
13.8991             5.03462             -5.2557
5.75908              7.8499              4.3394
10.9921            -6.13435           -0.190112
9.47109             7.40752              2.2794
-0.252544              11.587            -2.39722
3.83416             2.50911             6.74148
3.78358           -0.489106            -4.85177
2.80424             1.75583            -4.00819
4.43893              4.7667            -5.70214
-0.597221             5.86258             7.06407
-1.49018            -1.69352             8.05405
5.85737             3.35167             13.4835
3.52335             8.80887            -5.68504
7.90548              1.8123             12.7995
2.2671             4.33916             9.77447
9.70831             12.7104            -1.55605
2.28719             2.14565             12.4287
12.9028             11.9889            -22.2103
11.2561            -5.04213             7.72795
-3.34267             10.7285            -26.6436
5.44293             4.01799             5.72579
14.8538            -3.43593            0.853881
-1.00798             4.15668             3.00022
-4.36116             8.52585             2.06166
-3.4874             11.0967             0.74401
1.56619             5.03256             13.1476
14.4966              8.5681            -2.59653
14.0209             3.59002             4.75549
7.15993            -5.02322             10.4052
-1.76015            -8.00429             11.7822
16.3118             8.20229             11.1883
11.7719             8.91966            -2.78385
4.60962             7.28064           -0.629547
9.55705             11.0246             7.54248
-0.854031             6.48366             11.7881
-0.0336627             4.65008            -4.23866
9.27199             2.05853             5.00097
8.46411            -4.36327             4.52466
11.6763             8.05031             10.4107
7.88575             -1.0087             13.9781
4.88952             1.46126             9.16455
-0.0813274             6.15768             7.59505
9.13801             6.35981             5.82856
5.50886              13.201            -2.20168
1.31074             4.10031            -4.87952
12.5673             6.56616            -5.01479
5.97637             9.32331             2.38494
-5.45218             10.6006             14.5798
13.2845             6.65411            0.872538
-0.501015             11.7224            -26.6128
1.46236              1.7885            -17.7156
12.2752              17.115            -27.6577
-7.30566             -4.5607             -14.805
14.1979            -4.46419             10.3114
8.84844             3.56359              1.7665
4.37692           -0.442033             2.43353
12.4852            -27.4456           -0.344677
15.0595            -7.14267             10.4017
6.51701             7.43969             4.71664
4.86749            -2.59619            -5.13194
15.2848            -13.6714            -5.32749
4.11118            -12.0473              1.5477
12.2386             4.06073             -4.1495
6.72572             8.65234             11.7436
15.3231             -12.748           -0.348713
3.90425            0.891145            -1.81974
2.61572             9.01261            -5.11454
-1.56226             10.1297             8.43413
1.40218            -24.2586             14.5472
10.4916            -7.71316            -1.80664
7.76773             6.13967             10.9178
-3.73414             14.4154              6.6551
4.97777            -2.35392            -3.52728
3.03066             -10.366            -1.73862
-2.04442             7.26062             9.07018
0.0781745            -3.46901            -3.51079
14.2662             7.36399             3.57131
7.2752            0.630557             6.52589
-1.73946             5.05748            -3.89244
-2.52533             10.7059             11.8564
1.30377             -10.753            -4.34997
10.5665            -7.63544            -5.99736
8.71571            -6.68212            0.562892
4.74435            -59.3012            -50.2041
9.78825            -13.4684             12.5952
10.336            -21.0273            -16.4109
-1.87331            -40.5234            -1.63859
5.94709            -23.9587             14.4081
-3.42147            -11.8974             11.0216
9.04413             4.49628             4.09387
6.9042            -57.8426             2.16881
11.264            -46.6718             7.95826
2.45865            -17.7751            -4.40717
8.4404             1.04406             3.12841
-5.69025           -0.706719             13.6276
9.53753             -44.633             8.03952
1.79839             1.16323              13.723
-1.02238            -23.2846            -2.88425
3.88189             4.88363           -0.426704
8.95591            -37.1393             6.24122
6.3984            -3.84616              12.565
-1.17005             2.19914            -7.01458
10.7941             2.06026            -2.02143
-2.63776            -70.3408             8.33075
9.01206            -23.2116             4.14071
0.253323            -33.7103             9.68015
-5.72675            -9.66637             14.2925
5.78197            -38.4497            -2.04628
4.13074            -25.3651             1.58155
7.72471            -8.38632            -0.42303
13.0369            -64.8199            0.548534
-3.39631            -48.1196             11.8091
7.24239            -40.1201           -0.323501
-0.699841            -41.9683            -2.72555
-5.2425            -15.9267            -43.1186
9.4344             8.79508            -46.5302
8.13089             3.12616             -108.57
0.440674            -8.39164            -69.8589
13.5754            0.730683            -39.4706
12.8657             1.09867             1.40997
11.7292            0.226936              15.994
8.82166            -7.69195              11.592
1.00963             15.1265            -1.18553
11.3654             1.92495             -3.2069
12.6577             6.35758            -3.45596
13.9313            0.468816                  12
2.62005             9.98497             5.47987
12.3462            -1.02142            -3.58109
8.03443             14.2496            -4.79695
0.73561             8.04435             6.34695
8.08419             2.27675           -0.783054
10.3047             6.79131           -0.313982
10.3329             1.47318             3.19433
10.5671            -5.23589            -5.24989
15.8865             3.00568             10.5894
0.342485             9.96601            -1.81817
3.22738             10.4561             1.66425
12.0122             5.35435             4.82369
-1.12207             1.92851            -2.83204
2.00035             13.5166             2.71021
6.97053             6.87956             7.18292
5.17864              2.0403            -3.22985
10.6899             2.37082            -2.58898
6.25511             9.62763             10.8583
1.42968             8.82625           -0.154621
-1.69986             6.48202            -21.1641
8.93984             5.07621             2.49514
-2.50943            -3.06044            -65.9176
-5.48449            -1.30171            -93.0612
14.9352             5.38628            -21.6205
-1.20417            -4.23724            -38.9179
8.69381             13.3487            0.687425
9.28689            -5.22321             6.55582
6.37414             9.66868            0.056065
0.48571            0.660502              5.2509
9.2223             6.88315           -0.978286
1.42785            -3.92146             9.64919
15.1214             10.0952             10.5806
-2.11293           -0.766084             7.54752
7.58609             8.15638            0.577928
9.50243             8.65728            -1.06049
9.7376             4.25969             6.40018
15.6806              8.0237             13.1413
-5.39221            -1.60939             2.53144
-2.23054             11.2076             6.79144
6.33191             10.9691             12.6639
15.7788              4.1624             13.5163
-5.47677             7.00588           -0.523487
4.05767             1.07031            -3.82253
15.3391             10.0688             2.93104
9.65934             7.46681             10.9571
13.8845             8.23849             9.59901
6.8191              3.2265            -4.01011
14.8673            -5.31426              3.2471
6.59452             9.78052             3.15558
13.7184              9.8842             5.59279
-4.6253            -3.69018             13.7534
2.40651             4.74741            -11.2696
9.55399            -3.97106            -3.87009
2.18503             5.60349            -72.0173
-2.28008            -5.13837              13.266
0.768884             1.27599            -36.8578
10.0307            -2.58472            -34.5833
10.1553             9.09457               17.48
2.23437                6.05            -3.35625
6.77306             2.10827             3.08129
8.27333             7.21686             13.4761
5.45057             11.5941              10.027
-1.3674             12.2173             8.79563
11.9551           -0.756289             11.6928
0.652229            -6.26571              13.016
12.4447             8.04653            -2.63197
-3.97314             2.46078             5.21995
12.6456            -1.33198             1.43565
2.78889             10.0828              5.9057
9.38276            -4.03909             1.43733
-5.80961             3.25541              7.3119
-0.679137             5.75596             6.22085
7.16721            -5.66267             1.27356
9.83501              4.1904             13.2684
-1.18507             6.02314             4.79357
9.93213           -0.913092            -2.67887
12.374            -3.55653            0.227002
-1.00833             6.96615               10.39
-3.32051             11.6292             5.41979
4.28947            -2.55077             3.84807
-2.46983            -8.41983              13.378
-4.64439           -0.833396            -2.77859
-5.06024             13.7605             6.34601
-2.06442             5.93465            -17.2284
10.7412             4.58259             8.97206
12.3928             5.99997            -48.4648
-0.307431             9.48337            -104.695
-1.51192             2.55588            -25.7278
9.66374              10.902             -20.027
-1.75162            -5.54281             2.69139
11.6797             3.00182             10.0243
4.47735             7.41916            -0.60426
-1.91747            -1.77389            -4.57787
-3.12714             2.79717             3.32856
4.14205             12.8834             2.13807
11.4475            -3.89181             1.77643
-2.43051             4.43969             2.57694
12.3365               12.11             4.79694
2.07645             4.48082              12.576
13.881            -5.94243           -0.644909
9.49815            -1.44513             8.39705
-2.47015             11.9011             2.71429
9.24164             13.2614              -2.538
7.21643            -0.31624             9.45399
11.4565             7.47985            -3.08988
11.304             8.33455             7.08875
0.66192            -3.08785             7.40208
14.408            -4.61231             6.00826
4.79118            -3.85484             4.18721
4.87967             3.93929            -2.68128
-1.95347             2.90587             3.09175
15.8929            -5.09148              2.1453
-0.797084            -1.98638            -2.00177
1.60309            -4.09464             5.79728
10.6418             12.2161            -2.50532
0.582173             5.74083             4.40674
18.1935            -11.6543            -15.0478
12.9976               8.498             -64.645
-3.17165            -1.98803            -6.71924
16.7928            -5.56713             -10.285
9.36683              7.8272            -39.1305
1.90815            -3.09323             10.2823
-3.77762             11.2565              7.9423
10.1563             7.96391             10.2819
10.7788             10.0118             8.61677
-1.4349             9.71459             8.33061
5.73075             1.36745            -4.01831
5.25521             1.09044             7.05408
7.84759             10.6958            -3.18948
7.77956             5.94319             8.86073
7.65058             13.5051            -4.18837
5.80079            0.507883            -1.02645
6.45751             2.40016             8.86542
11.1177             2.48295             7.98689
4.88868             3.09543              5.1777
8.04682            -6.68874            0.517864
9.69143            -4.83998           -0.859647
-0.691996             4.44709               11.18
-5.28611             8.72414            -3.58344
10.5343            -1.09478           -0.449148
11.4211            -2.22519            0.334714
12.2076            -2.66223             6.94951
13.9582              11.969             4.64401
11.6096             5.37602               1.394
9.97584             7.58446            -4.03342
-4.7444             12.4478              12.712
4.86635             1.50724            -4.17699
-4.95512             6.01963            -26.4313
5.84234           -0.443226            -2.56292
-3.24102           -0.678625            -31.5727
6.65854             -3.9326            -92.1351
8.60501              1.8571            -15.5198
13.7791           -0.469086            -9.67552
-4.31511           -0.871071            -4.26552
9.23174             4.16532             12.3884
-2.13951            -4.87126             1.96546
4.86901            -7.50103            -4.04155
-4.39413             3.78005             6.91062
10.481            -3.55551              12.225
7.889             6.91682             5.44312
5.91555             1.31685             7.39488
3.72034             9.58143             11.9846
-0.856602             11.7931             3.48591
0.932075            -7.52793             9.58797
5.54533             6.60396             12.0241
3.8769            -1.83226            -4.43008
-3.63686             6.50165            -4.40469
5.38386            -6.38157             1.14359
11.3028             5.23487             4.18032
-0.589663             12.3647              4.8036
7.54022            -4.98179            -1.01187
1.57248             -4.9306            -5.70926
1.52481             5.12303             4.12823
4.65168             6.70514             1.88182
5.26191            -3.13379             10.5514
14.0397             5.53639            -5.79794
-2.58923             10.1858              7.5614
6.26216             6.09165             9.02793
11.6395             6.62115             9.44154
10.3565             3.58804              9.8252
9.54189             1.41958            -16.3424
3.26423              10.135            -58.8299
-0.204494             -3.1491            -40.4861
7.77112            -10.0041            -37.4851
8.33687             -1.2155             -34.592
7.25793            0.419547             11.0359
14.1208            -12.7155            -5.18524
0.755404            -12.2715             8.26728
13.625             8.91012              12.111
-4.73394            0.615021             10.5687
3.25365             4.45348             6.28836
2.90815             4.92978            -5.16754
8.74306             1.05783             12.2194
4.14185             2.95281            -1.57405
-0.0448379             4.90972             8.72523
7.63531            -10.4714             2.06249
8.3262            -2.10427             8.61112
4.37749             10.8452            -3.53017
-2.83748             3.43144             9.36666
5.70321            -1.62054             12.4687
-1.55999             3.05266            -3.48152
12.4863               4.344             4.41649
9.8484             -7.6939             10.0573
4.87127            -2.08588             11.2515
2.32397            -6.70632             4.52322
4.47726          -0.0108641             10.6218
10.9687            -18.8765            -6.78204
3.61787             4.45501             4.90729
3.20768             6.76694             3.07548
3.77983             15.8131             12.8192
-2.49238             3.53173            -4.63262
10.404            -5.43439            -2.24761
3.2895             6.46808            -3.64235
11.9534             -38.356            -33.6444
-7.02032            -3.83503            -67.0555
11.4058            -35.5688            -21.5379
11.8469            -73.7929             3.82995
5.7069             -59.649             11.0855
6.74682            -30.4606             14.2688
1.86364            -29.3199             1.51048
7.13983             2.41703            -5.36095
-3.60431            -41.4692             11.1743
5.16764            -22.6787            -6.04123
3.31743            -23.8103             3.40274
2.23539             -70.573             5.75254
-5.48167            -38.6113              5.2428
5.32997            -39.4594             11.0264
4.1435            -12.8672            -6.24454
-6.54959            -54.0931             5.34263
5.0126            -45.8439             -2.9995
-4.31748            -49.2003             1.44791
-1.22859            -12.8507             2.36124
-0.106922            -52.7672             7.57799
0.649959            -60.1824             2.22932
4.58137             -45.499             13.0625
16.2447            -22.4887             5.71984
0.225312            -10.2611             2.45874
5.39334            -28.6115            -6.50463
0.567984             5.89175             7.56556
14.4089            -19.9963           -0.676095
10.9438            -85.8018            -0.39558
14.1004            -61.1331             13.2193
10.5298            -33.8835           -0.324417
-6.47238            -51.6308            -1.92281
9.6615             -17.117            -16.4666
11.6833             10.6388            -46.3378
-0.583912             9.60924            -76.8042
5.17208             3.81385            -66.7455
3.14068            -1.58292            -63.8321
-4.81576             13.5288             13.1416
4.84866             -5.4891               16.69
2.06524             6.83645          -0.0318864
15.0879            -2.41874             6.37282
8.60778             16.3439              1.6979
6.47767              2.4873            -5.08105
7.38216            -7.37442            -3.41658
-1.88473             11.6426             11.6461
12.8444             13.4986            -5.48819
10.8293           -0.586516            -4.92887
6.44128            -2.45223             1.41033
9.36644            -1.44861            -2.22408
-4.5264             2.47046             13.5786
-4.4445             2.72937             5.13356
9.90962            -2.44211             2.93118
13.3877           -0.639733             4.24598
11.8415             2.42679            0.425931
13.1395             10.6323             1.92274
10.5411             10.4619             7.48445
8.14369            -6.68045             6.16445
-2.00315            -1.56609            -4.20954
-3.05001            0.445263             5.66345
6.15397             -2.6886             10.0862
-2.08431             4.28398             3.77171
-1.16694              13.821            -3.32052
0.733992             2.16873            -2.61154
7.30738             2.97199             2.59375
11.6206             1.90567             1.27774
5.5015             10.4424            -67.6537
-3.20399             2.91825             -3.8107
13.2365             3.73982            -31.0504
6.77409            -5.62477            -39.8568
0.0745306             3.33595             18.5069
5.08699             4.35038            -5.54227
6.31748            -5.80139             5.83425
-1.28115             10.4524            -1.66823
-2.40697           -0.668168             12.3861
13.309             2.86933            0.700336
-2.23204           -0.942015            0.655935
9.09061             2.44495             11.2399
-2.7316             7.17024             11.0124
11.7826            -4.39787             7.21205
15.2271             3.44149             -2.1499
13.4463            -2.04768            -2.41892
11.286             12.1008             13.9549
4.14009            -2.44391             1.32585
5.68361             7.81669             14.0966
9.87374             6.38258            0.583724
7.13431             3.87468             4.56062
0.819366             5.70154             7.67813
16.2977            -6.38322            -3.91387
1.86568            -4.38354            -5.17846
-5.21791            -2.27262             6.20319
0.38387             1.62568             6.80248
12.7918           -0.377795             10.7808
12.4351            -7.90556              12.987
10.0977            -5.25571            -1.78037
7.34802             1.53508             1.81446
3.34319             2.69539           -0.729873
3.3969             3.64587            -1.71673
14.3228             3.07474            -55.2829
-2.67314            -5.25788            -12.8662
7.157            -6.47494            -8.44959
16.2982             7.33311            -11.8051
-1.40893           -0.283477             6.17929
12.6487           -0.293442            -3.44096
2.64813            -7.35861             11.0262
6.10266             3.78146           -0.201532
4.40647             2.22123             10.5586
10.2149            -5.22486             10.7189
8.76417            -5.91048             2.37001
14.3567             3.59641            -2.35532
-1.74098            0.906039             2.68218
2.91567             2.20728             9.72479
1.59346            -3.47263             12.6754
11.6951             5.45081              3.4722
2.59797              8.3502             13.4184
4.70411             10.3019             13.4073
10.3577             0.53872            0.308274
15.3574            -0.30593            -2.74196
13.9446             2.24213              12.211
11.5551             10.0832             12.9592
12.1077            -7.50546             -2.4487
9.508             4.49744             1.85564
9.16043            -5.67911             7.61256
7.54733           -0.756393            -1.41199
15.926            -2.66406             8.56201
16.3511            -3.77662             8.02404
4.89514           -0.487561             5.84279
8.51005            -5.71992           -0.200273
13.6362             3.85624             -9.3959
4.62742            -11.7201            -13.5065
-4.87492             7.68147            -51.0071
-6.20967              2.5074            -94.5211
9.61973              3.4432            -49.4262
10.0857             2.25837            -24.1848
12.3284             -4.2686            -1.62545
9.18026             8.41268             1.31286
7.95386              4.3616            -4.43492
14.6294             6.91073            -4.65785
-5.5305             3.14574             3.47581
13.5129           -0.585684             11.6258
-0.16768             -0.1435             11.0685
6.84171             8.95447             6.23583
0.645343             10.8389            -3.97807
-5.28358            -2.00653             3.12966
0.219856              6.5952             6.90333
10.924             2.41709             6.63788
12.2984             12.6334            0.519275
4.17458            -3.11112             10.6521
0.773164            -8.03536             4.91713
0.319056            -1.04517               1.148
10.7101             12.1054             1.34975
2.49327            -3.17906            0.466806
9.20966             7.45574            -1.18603
6.70872            -1.32575              9.8448
11.8603              5.2451             11.8679
-3.57197             1.40006             3.05697
2.71572             -5.3996             -4.2043
7.91588             9.61789             6.74791
9.02175            -5.23909               4.866
6.5167             8.90015              14.319
3.96342             11.0014             7.73463
15.1032             -5.5044            -14.0445
-1.68801             6.24338            -59.4989
-5.2576             1.26387            -18.7288
7.82369             10.3281            -11.9391
-0.448231             9.09592            -34.8852
7.01911             13.0703             15.1327
13.2383             6.38271             11.7161
-0.473527            -4.23311              4.4852
10.7272             -7.6964             10.7869
-5.42502            -1.43599            -3.28353
10.4407              1.7042            -5.75845
3.5706              10.298             1.33575
1.16617             11.1692             5.95381
6.6999             2.06395             3.86132
3.20064             6.95864             1.01536
-2.32973             2.10708             12.2436
2.40346             10.6353             1.49081
6.81668             4.43286             6.05958
4.19651             6.25778           -0.899086
0.59593           -0.649293            -4.20248
9.06879              6.5181            -3.09268
-2.10365             -1.9978            -4.33307
6.44186             7.26303             6.84931
11.5162              6.7857            -1.69568
4.44643           -0.930999            -5.82278
2.2702             1.39694              6.8788
3.74768             7.83771             9.08989
10.8303            -1.56191             11.9805
-2.56247            -7.89268             8.05414
-5.04245             12.9426             5.81577
-5.33896              13.215             10.8028
6.69222             10.6782            -16.8283
11.4882           -0.743601             2.81445
-1.92653              3.0947            -58.3302
3.72006             5.08343             6.92489
-2.08402            -9.06684            -25.0969
5.52386             6.74826           -0.828177
9.57353             9.87305             5.21065
-1.19443             3.17748            -2.77122
12.5365           -0.452715             5.71431
-2.35823            -8.32519             1.85697
9.16618            -3.96007             10.6182
-2.22636             7.03755             3.38703
0.766032           -0.288604             7.99101
-1.12117            -3.83927             9.65027
5.84468              2.8292            -4.11419
5.3896             7.43672           0.0302428
3.87601            -7.91277             12.9935
8.67599             -1.2844             12.4351
5.40469             12.3412           -0.546432
0.204232            -4.25912             14.2407
14.5606             6.28536               9.566
1.23676             2.24996             -1.2396
-3.13415            -4.23536              10.087
7.12863             5.54725            -5.26165
-1.75946            -2.34364             8.59564
1.02991            -7.05756             6.83042
1.38068              11.646             13.7878
-1.88032             3.80432            -2.33538
0.930204             2.66699             1.80036
11.111             10.2628             12.7026
-5.78612             1.64594             -3.9615
0.142558              8.5756            -3.83073
14.535             12.7075            -3.08182
17.0947            -3.32733            0.703805
13.727             14.9014            -53.7163
6.65944             -11.018            -31.6219
2.34205             -5.4539            -28.0734
-0.620478            -2.91094            -25.5057
-2.47866             8.45703             4.19694
11.8576            -26.3525            -2.33201
-1.59195             4.54152            -3.16569
15.9026            -1.16485             10.4492
5.16523             5.19124             4.29643
-2.94378            -22.4327             1.09871
-6.13441            -11.1872           -0.858677
16.8875             1.17582             8.56149
8.9494             5.22687             5.42067
5.21775            -1.63865             9.70067
3.54164            -14.0991           -0.148394
3.6148             4.55441             1.18555
3.5569             6.13964            -2.86551
13.9189            -12.8045             -5.1666
1.90905            -3.62898             3.54755
7.48761            0.245539            -1.62034
7.81107             6.87235             9.21275
4.3511            -19.4236             11.6469
-1.19824             6.00719             1.59334
5.43608             8.23923             12.3165
-1.81208            -1.25075              5.9236
7.17889            -22.7373            -6.23725
-5.03538            -13.9231             5.02348
5.51065           -0.504442              12.216
12.2028             2.65187             11.2099
8.08658            -26.2371             15.8103
4.91214            -3.33879             2.79094
16.7399            -2.43287            -23.4859
0.116189            -40.2397             8.23515
0.353491            -20.9716             11.3466
-0.753123            -46.5343            -26.9759
-8.54658            -75.5615              4.5293
8.94237            -51.9542             6.72941
-3.28084            -25.6778              13.221
-2.26921            -8.03001            -1.47262
-4.91904             7.01794             10.7832
1.1362            -35.0972             5.87639
13.466             10.4396             10.5659
7.45534            -16.1033             1.30863
4.26482            -63.8492             3.84106
6.0703            -52.9274            -1.46808
1.25237            -28.2968             -5.7497
13.5616            -32.8019             12.5169
5.34987              -49.05              9.2368
-2.04725            -37.8239            -2.73989
7.26023            -41.3112             9.00811
11.2275            -41.3131             1.13959
8.08666            -64.1058             10.1977
9.17556            -46.6511             5.68951
-5.75269            -32.6997            -1.90913
11.715            -4.10952             5.59119
-1.83675            -70.2943            -5.00818
-1.86915            -55.9305             -3.4422
-1.7908            -8.82764             12.2464
-2.33252            -29.7366            -3.82578
-7.35402            -58.0614             8.14653
7.20985            -56.3711             1.61676
0.255742            -27.1652             12.4986
4.95587            -3.58651            -6.44148
0.929322             6.05414             4.38658
0.300715             2.14758            -64.8443
3.10329            0.546586            -10.7078
10.4087             -2.1813             -38.477
-0.495375             13.6667             -26.387
-3.00073             10.4204             2.39732
-1.56327            -2.22102             8.59573
7.91255            -5.86494             7.27498
2.32362             2.95665            -1.59467
-3.33213            -2.88644             7.82886
-4.99863            -4.74491             13.5463
2.25407             5.67686            -5.29639
15.6436             17.5699             5.04595
0.558338             3.29342             7.62781
8.98988             13.3761             1.91958
4.46684             9.43576             9.45418
-0.370996             5.96056             11.1252
-5.29334              13.757             4.34357
-1.61453             5.96632            -3.29462
16.4228             1.49701             3.10403
8.22883             8.61926             5.94896
0.379602             7.56569            0.813427
1.43305            -1.71553             10.0877
0.618368           -0.484338             4.18091
3.68166             5.41536             -1.2278
5.73782            -2.36255             5.31439
-0.586829             5.81262             4.55444
2.243            -2.82932             13.5038
7.76209             9.39242             13.3789
-5.45523             3.60825             12.2895
10.4828            -5.51269             7.27563
2.58122             7.22372            -2.50346
13.4116             4.49353             8.42057
5.12203             10.0217            -37.7544
2.57132            -5.27129            -94.0964
-0.958542            -3.73275            -51.7977
-0.458062             3.78167            -47.4843
-1.18414             13.1668             5.99632
2.68369            0.772483             1.71988
10.0236            0.596701             4.22631
-2.37614            -5.62634             9.61493
4.17422             6.19229             1.75749
7.93033            -1.63804            -5.05251
3.00754            -5.18946            0.532821
13.5901           -0.324447             12.7597
7.69009           -0.223179             13.5842
0.479381             12.1013            -1.38227
0.814477            -3.55258             10.6339
14.3242             6.98704            -2.19665
0.49723             7.85877             7.66071
-5.53279             10.6631             0.54744
0.278486             2.06856            -1.30218
12.8275             7.95801             2.97189
6.00525             2.48009             4.30482
9.37839             4.21124            -5.41332
2.50475             5.50208             11.5669
5.10634             11.0605             12.2656
-2.60498            -3.16205             13.8052
0.708034           -0.544221             11.1907
6.14704            -5.59416            -4.12125
9.76657             9.34874             1.86939
6.55561             9.35213               11.72
11.7726              7.7095              7.7147
4.86323            -5.69415            -8.91027
13.4939            -2.63423            -5.93067
4.05409             9.97412            -55.7943
2.13047             10.3364             1.62377
2.55578            -2.62997            -8.91091
-2.22367             8.77425            -19.5386
3.96502             4.00487           -0.276393
6.50057             4.47203             13.4389
6.62011              2.9093             1.98468
11.3512             6.57821             6.13071
-3.12959            0.883161             6.68267
4.4558            -1.11046             9.41983
11.7326             7.42961             4.78819
13.3048             9.76133             1.72955
9.28535             13.2231             1.77338
-1.6832            0.630473            -2.16791
10.2194             6.76982             8.05963
14.3948             9.67292             8.98245
12.299             4.83997             5.21909
-3.04486             4.44182            -5.73944
8.00756            -0.91252            -1.63158
14.1632            -8.76169            -5.83441
0.788828            -3.12355             7.58378
5.53611             5.55764             8.43452
5.67631              4.6725              11.706
14.4388            -3.14179             -1.1281
-4.42551             11.3341            -2.27321
0.758835            -2.26517             -4.4553
2.73265            -5.59563            -1.50728
15.1091             10.0709             8.63301
2.97151             3.43303            -4.09613
11.7789             6.56828             1.09748
7.72235             1.17051            -3.69123
0.2094            -2.67961             1.94493
-3.78195             6.66886            -59.0153
11.5495            -5.27676             11.8528
11.6108            -1.60544            -17.1186
15.506             7.53392            -13.9652
-4.97166              1.5712             4.70439
1.3061             2.42992            -2.50388
7.96924             7.32174             3.80993
10.5821             3.56858            -5.14084
10.6054             13.1358             3.28249
12.0923            -4.71341            -4.98398
-1.22807             5.81444            -2.57446
1.17343            -1.93118             3.13213
-4.5838             10.7782             13.8796
10.556            -5.66056             2.33803
16.3719            -6.93494            0.428504
0.147003             1.96077            -4.90497
5.21759             10.2595             3.18413
2.95201             1.37395           -0.998832
9.16197             1.00268             6.40237
5.51853             -5.9453             0.69274
13.0934             8.60514             5.98431
8.65897            -5.74738             12.4086
8.08673            -4.28319             12.9058
7.80887              -8.582             7.65357
8.7081             7.84288             13.3637
13.2228             6.21367            -5.27322
8.90778            -1.76967             7.13611
-2.42789           -0.916977            -1.24062
8.51102             3.18905             0.52627
8.49497            -5.81198             9.84638
0.386734            0.426241            -8.47939
7.40431             3.84808            -15.1534
7.18645             10.1209            -36.0295
9.00644             -3.4796            -113.706
-0.0250656            -8.11257            -43.2818
2.43038            -6.52378             -51.041
-1.63507           -0.958459             1.88628
7.786             6.85066             15.7421
11.1022              1.9738             5.17576
12.6241            -8.78357             -3.4592
8.26679            -1.37688              10.352
10.113          -0.0179654             10.8107
1.34483            -6.74648             12.9174
4.09408              2.1992             9.53235
3.62289            -3.37752            -2.86428
-1.99164              4.0905             11.9108
2.11733            0.168725            -3.78961
16.7316             2.31298             6.08258
4.71793             1.63468             8.65557
-1.97476             13.3783             1.71417
-1.68501            -5.89688            -1.32886
12.6251            -7.30676             13.3861
8.29946             7.72037             3.21015
7.0852            -1.20985             12.7233
16.4618             9.27813           -0.737847
-0.436131            -6.44186             10.4266
2.51244             1.82292            -4.04577
-1.58791             5.18855            -2.77602
14.0167             1.35942             6.50401
16.3459             -8.6204            -2.57964
9.19486             8.28457             0.15736
2.0598             14.0363            -4.13866
-5.60757            -2.13772            -2.50719
3.62316            -0.69908            -7.60488
-5.61456             13.8722            -55.2472
-8.42784           -0.966658            -3.47027
-2.88966             9.29826            -26.8228
7.20604            -1.86954            -31.1794
-3.86877              4.3127             1.51054
6.20255             12.7691             8.23239
10.1514            -3.11487             10.1973
9.78318            -7.39586             1.07917
11.9042            -3.86164             3.59788
-2.38462             7.81757            -3.64581
12.0458             1.17609            0.288857
3.56367             1.65173             -3.1442
4.63779            -2.26748             11.6653
7.08505             12.9847            -4.88442
4.80092             5.84791             1.47019
8.9976             6.51419             7.38258
9.88935             5.26305             9.87769
11.5438             13.3598            -4.56504
0.079035           -0.702065            -2.10462
3.52795             8.02008            -2.00687
-5.67366             13.4806            -0.98099
7.06679            -4.34665             4.91909
13.15            0.563303            -1.70458
-0.0978888            -5.93414             7.69187
11.2904             11.9729            -2.91107
5.69039            -4.41474             7.34028
9.17758             1.59871             9.70662
-0.640542            -5.73215             3.10953
2.2888             5.99689             1.52587
1.89746             10.7088             1.05784
11.1368             12.6731             -15.081
12.4385             -3.3377            -8.64807
-0.42762             16.5792            -27.0419
-0.238989             6.00159              6.4226
12.1419            -1.38742            0.602219
3.69479            -3.41506             11.4228
13.7095             9.59529             5.74343
8.15322            -28.5926           -0.350054
7.94039            -7.99594             2.00631
8.60457            -4.21069            -5.11243
9.70085              5.9588            -4.62332
3.33867            -24.6869            -3.66936
2.7391            -4.28834              12.523
10.3641            0.184217             3.26739
-1.31839               8.252             1.73603
5.49184            -3.04764            -5.57277
-2.41905            -5.85096             3.26126
1.77937            -3.98002             12.9442
9.71514              4.0324              5.1241
4.61231             -12.181             9.33039
5.37789             3.89503              10.953
-2.55415             10.7574           -0.338761
1.44762             5.64451            -1.74801
12.6305            -12.7894              3.8596
6.31479            -7.11721             10.4796
10.4979             8.16925              6.0704
-5.31914            0.990988             1.96863
0.943856            -7.85411            0.234825
10.6717            -2.52605             9.67045
1.90105             4.09169             1.01019
12.6992             5.35043               5.926
3.72537            -5.80456              7.0273
-5.66812            -6.85199            0.387553
6.13159             3.83388             5.78696
-4.30088            -98.5553            -74.9227
4.92965            -13.3975            -89.0553
2.68172            -51.6152            -46.1227
4.84773            -11.6727            -44.4911
-5.03691            -30.5595              19.293
8.25137            -1.50118              9.6947
0.937161            -7.01891             1.99031
4.47525            -94.2349            -4.09717
10.6912            -61.3971             12.8447
-5.22256            -24.9361             4.31699
-1.82941            -17.6498              5.2829
-0.155894             10.2067             4.70759
14.3406            -42.7869              2.2946
1.86984            -6.92335           -0.525567
11.5293            -44.5981            -5.57104
7.6895            -83.9704             5.18273
15.0968            -47.7195             12.5951
4.02134            -32.9119            -4.14002
9.11269            -39.3541              8.3492
10.0149            -37.4054             -4.0186
10.8318            -49.1094             5.15191
0.313815            -30.6971             1.29589
-0.933407            -42.8026             8.10456
6.06802            -47.3935             7.36224
-0.427353            -42.9251             4.80195
-3.92114            -32.1338            -6.84966
13.744            -51.7418             7.67726
2.1414            -40.5079            -6.61761
9.50894            -66.1963              3.3247
-3.519            -50.4251             3.47101
11.1788            -40.2776            -4.87133
10.2861            -34.4363            -17.0267
3.09725             10.7013            -65.9446
-5.91466            -4.70576             -19.106
16.6315             5.79276             -10.949
3.38751            -8.30814            -47.2516
2.00859            -2.36628             3.41811
-1.9502             1.26071             9.63338
14.3516             8.23609             7.01597
6.94043             7.88875             13.9482
-1.07776            -3.00717             13.8056
1.74088             1.89265             2.78421
-1.97184            -1.10633             6.17258
0.513039            -4.04817            -1.20576
2.52225             12.5438            -3.78313
6.7132             2.49185             2.46058
8.37322            -3.55971             13.4174
6.67555            0.515739             4.86378
11.0708             4.38741             9.09289
2.53162             6.76132            0.170374
5.12971             1.32336             11.6897
14.1624             10.8453            -1.11932
3.32204             8.85047            0.600462
10.1556              7.0465             11.4371
9.91852             -3.9475            -5.17764
16.1995             4.23131             4.65448
11.5031             2.50509             12.9864
13.1837             -1.1566             7.77848
4.834             -3.5149            -2.90905
5.29547             13.5858             10.8923
0.17706              9.6635             11.3125
9.14093             9.99193             4.40496
-0.217942             5.93308              9.5807
10.2146             3.22816              7.8765
0.509433             3.14645            -41.6647
8.92875            -2.03736            -94.7801
9.35679             8.45452            -67.4725
0.154279             2.65768             -41.796
10.777             12.2747             3.75428
3.7447             11.7939              3.4969
1.39213            -2.03795             11.9385
3.80614           -0.704191               7.429
-0.271037             12.0318            -1.91364
3.81499             4.30293             10.2518
8.23579            -4.23618             9.88365
13.4518             2.91891             5.84378
2.64724             6.04101             4.30269
-2.96514             2.37493             10.5286
12.9897            -3.01978             2.93872
12.1902            -2.26015             1.96308
12.4088            -2.68746              2.9613
12.2482            -1.01919             12.9908
1.67036            -5.05509             7.86639
5.70291             7.39075            -1.83281
9.40423             4.99117             7.35903
13.5388             11.8185            -5.85538
3.83487            -1.45285            -4.14291
1.14222            -6.67388            -2.75816
3.90051             4.68432             11.0301
-1.38868            -1.72588             8.76873
5.26156             6.86403           -0.890053
13.333             5.90154           -0.736085
11.2283             10.7685             3.12762
-1.69921             13.5574            -1.13606
12.3654             4.93706          -0.0792235
14.2388             -4.2645           -0.528035
13.2645            -2.22993            -54.2811
3.23885           0.0961692              -4.941
-1.66017              2.7503            -20.3004
8.7219            -5.93704            -52.8368
12.6599            -1.33653             19.2196
12.0562             12.4623            -2.05732
14.271             5.61011             9.51804
11.73             4.43921              10.344
5.78909             9.21904             7.75667
1.94082           -0.533466           -0.168273
9.01165            -1.95438             1.92321
-0.336809             5.56605             4.50724
8.7424            -1.05624             12.7857
-1.77974            -1.66792             11.5797
0.382548             10.5161            -3.41706
0.707545            -8.66314             12.4279
8.03568             5.17041             10.8057
0.930109             2.38772            -5.02332
16.2771            -1.62028             10.8124
7.02442             2.49883            -1.52729
-0.847767            -5.22576             8.44183
3.39544             11.1632             5.08941
6.02282             1.65016            -4.07308
3.17668             7.45384            -1.76196
8.78208            -4.24976             7.92301
2.89628             3.23808           -0.256668
15.19            -5.32501             7.15191
17.1692            -8.76356           -0.683496
-4.56056            -2.14824            0.122346
1.46632            -1.91311             4.27515
12.8258             6.08929            -20.3101
16.3516            -1.22465            -9.90833
-0.25658             5.37963            -31.2027
5.5316             11.4617             6.06569
10.5746            -8.98532             11.6915
6.67902            -3.42518             3.90055
11.7805            -1.51608            -1.24798
9.49429             1.64291            -1.35319
8.26317             -7.8562            -4.61762
6.31855             2.31737              8.6371
10.1289             13.5024             3.58814
13.5588             3.94839             4.58703
0.87528             -7.1869             4.81214
6.49637             9.40651             6.79475
0.91422             3.26606             8.08334
10.557             13.9127           -0.238761
4.39783            -7.74676            -2.61983
13.0262             1.01981            -3.58577
8.08427             8.66032             2.07647
6.75537             8.83988            -2.61549
1.35852            -7.25435             13.1123
9.88924            -8.52824             2.04084
1.16246             11.1073            -4.05983
-1.31986              7.7371             4.88313
9.87337            -6.16442             3.77423
14.0998            -4.34482            -3.13062
-5.51656             6.09232             13.9662
0.719639             11.8471            -5.18739
16.7788             -7.7902           -0.564048
-0.92859             3.87854            -4.23849
-5.2592             10.6044              1.5707
-1.84568             6.02555             3.89215
10.7119             1.77049             -3.2615
8.83763             5.68935             5.31992
-0.118557            0.527188            -47.8609
-0.846642            -7.33769            -125.582
-0.76458             -3.6766            -53.6614
5.08878            -4.04196            -35.3012
-5.46823            -5.46801            0.297232
-1.67543            -3.53526             12.3645
7.69184             7.48423             11.1445
9.84375             1.75631             4.80876
11.5078            -5.63779            -5.08421
0.0402173             10.7803             6.75946
-0.0587555              1.5663             4.03665
1.4397           -0.468311              2.3827
-1.54205             2.53846            0.215758
1.7441             14.2121             9.76453
0.871284              5.9435             7.21716
-2.30719            -3.60105             10.3645
-5.6785             6.45096             5.20569
6.63897             3.25109               10.66
13.3303             8.72307            0.485761
14.1915             5.33629             9.24349
11.4381              -2.307             7.76712
-0.786194            -5.60693              13.022
0.110894            -2.42354             2.72221
4.74213            -8.05485             -2.2865
-1.40559            -4.87571             11.8705
-5.88183            -4.07291             14.0961
3.95912            0.824066             9.00003
1.82355            -6.34097             -5.7757
9.1579            -3.44339             8.07226
6.76932             0.41436             12.0159
-0.972194             8.10134            -16.3731
12.5905            -8.84857            -18.9129
-4.4381            -1.86914            -65.8087
-7.26808             4.87068            -88.1153
4.85566            -4.36119            -24.8304
7.92628             3.96775            -54.5677
-1.0162             1.95773             7.21346
-5.33037             5.42914             18.1181
6.25509             8.79289           -0.159034
12.7417             5.69858          -0.0485284
-1.62535             7.92165            0.329025
3.53258            -4.77379              7.3746
12.0774            -4.21216             3.97047
5.76081            -4.12348             1.73733
9.35781           -0.462066             8.31292
8.05835             7.13591            -4.94898
5.0183             10.4584             -1.6033
13.2037            -1.25912            -1.84557
6.74696            -3.85581            -5.82024
5.84383            0.853981             12.7121
-2.42025           -0.493573           -0.159766
6.22274             11.1146             10.4589
5.52556           -0.949597             10.5656
-3.22406             13.0597            0.558013
1.16558             2.44556             7.17798
9.67542            -7.99467             10.2725
1.81072            -3.04399             7.92157
3.06558             4.40356             4.00905
4.08148             6.25129            -3.95808
11.8701             2.82389              8.7856
-2.41877             8.03034             13.2868
10.4278             12.1562             3.29401
3.39758              5.0132             1.27619
1.13646             5.60267             6.85827
-3.0131             9.25802            -58.2091
9.24089            -10.7728            -58.2907
9.62481           -0.945114            -58.0819
14.673             6.42018            -43.2617
4.94948             7.67746             9.83413
8.06474            -19.2666            0.196453
2.76187             2.66319             4.03393
15.068           -0.562944             4.78999
5.61995             13.2028             5.69095
10.6276            -30.5399             14.2221
13.6715            -9.89508             2.34012
12.8667             5.10136              5.2946
5.05919             7.53634            -4.25083
-0.599236            -16.1017              1.7992
-3.77918           -0.117314             13.0022
7.09994             12.3394             9.85416
8.2586             10.5839             12.2357
-2.53515            -27.5412             -1.5907
6.69168              -15.31             8.62594
7.48519             7.88463             12.3265
8.24369             2.22349              5.5374
-0.238159            0.336422             1.06063
-0.0509039            -3.40396             1.68551
10.6778            -1.93693            -1.37575
4.03201             3.50803            -2.25092
15.236           -0.397026             12.8839
5.51603            -10.8128             13.2788
15.9976             8.25346            -5.60744
3.71113              2.4614             7.99273
0.135296           -0.819724           -0.241873
2.71183             0.89144            -2.02483
19.2245            -2.99397             6.58493
-0.620894            -19.0793           0.0675672
-7.93456           -0.369935            -39.3788
-1.19253            -18.8693            -41.9183
3.66376            -35.6876           -0.150393
14.6267            -51.0251            -1.40241
2.46186            -41.3757             2.73699
17.6012            -23.5606            -5.31852
0.40299            -33.0985             4.00377
0.403702            -35.4653             5.29225
-4.60378            -4.72573             11.8418
8.9135              1.7167             5.90478
-9.99376            -39.5321             7.50042
12.2651            -52.3799             10.6996
-9.99396            -12.9214             9.41881
2.01753            -19.6559            0.657817
-12.8503            -39.3314             1.35164
1.32968             -60.301            -3.05913
-13.4802            -30.1603            -5.42279
16.1606            -16.8963            -5.39286
-4.39434            -15.9199             8.88233
16.904            -65.0888             2.04862
-9.44187            -39.3352             8.25153
16.8386            -37.2348            0.690918
4.02989            -31.4249             13.4362
-2.18629            -53.0602             -5.0224
-7.1421            -13.3976             10.3122
-0.108619            -44.6029            -1.03442
-11.1894            -28.3714             7.05792
14.657            -49.5488             8.94827
-2.35994            -31.4564             2.21944
6.2623            -33.3593             3.37157
-8.6846             2.64471            -3.23946
-0.971428             3.10095            -63.9681
-5.75432            -3.14997            -32.9459
-1.47042            0.477488            -22.2768
-5.90025             9.58456            -36.9042
3.70285             9.32266             4.08848
0.255474            -3.83888             2.89532
12.5169            -8.16227             6.40571
-8.8545             8.02052            -2.33941
11.5022             4.61906            -5.26585
3.57317              4.8975            -3.77919
10.1732             6.74045           -0.227887
9.14788             8.32606             8.81892
3.64878             7.74525             6.03454
0.903764             1.50431             5.74177
12.9368            -5.41233             1.21083
5.68174              12.911             4.09155
5.79994             1.12602             6.76031
5.48322             6.63615             8.22462
17.4749             8.12635             13.7493
-8.66178             6.01338              1.4747
-2.24043             5.60301            0.950709
-3.58763            -2.69551             14.2683
6.54493             5.04053            -5.79036
-0.14571             2.33713             2.06985
7.64914             14.9147              4.0953
-5.36276              1.5015             8.99419
6.22518             1.14608             11.3313
4.74969            -0.48313             -3.5125
12.8718             4.38032             10.9234
-2.27371             13.6103            -4.37719
11.7752             5.38491             -4.9601
7.56854              11.935            -7.63332
3.41619            -3.62018            -54.7217
-4.05672            -1.49573            -34.0878
15.3055           -0.944101            -34.7496
-2.32837             3.22622            -28.4763
12.9986             2.60105             14.2885
-2.30042             4.44768             11.3435
0.813377            -7.14457            0.225072
-6.37327             4.61867             1.98493
13.3873            -2.42302             12.5349
-2.84143             6.18085            -4.01767
17.845             4.20086            -4.23521
-6.44475            0.466162             2.87528
5.69224             13.1997            -3.13184
-4.02912             12.9009             -3.3886
2.53193             6.08966             13.6144
2.89218             6.04059            -3.64894
15.6263             2.75712             2.42632
3.72153             5.88146            0.583276
2.68943             7.65339            0.365191
-4.71746            -2.65143             3.76133
7.0597             5.79733              11.669
-15.0854             5.60098            -4.17365
5.05733              7.7484             13.1314
-0.848702             8.16115             13.6109
14.0007             -5.3757             1.48247
-8.8451            -2.40559            -5.22952
1.55061               3.103             9.60955
8.85128            -7.56211             3.02248
-3.12216            -3.32304             13.5012
-5.78961             14.3236             8.75976
-2.7134             11.7401            -11.9835
-0.895065            -4.44703             12.2309
4.48567              3.9325            -41.0405
0.257339           -0.995118            -60.3767
7.06688             6.22927            -30.8061
5.87264               4.085            -44.8205
-4.46712           -0.515255             1.96101
-11.7839             10.7386             11.8599
5.91219             1.43563             9.50086
-8.21393            -3.39934             3.11495
7.22291             2.94861              11.827
-11.2482             10.6668             13.2637
10.4147              2.7585            -1.48176
1.81261            -6.18873            0.301893
2.76765             9.72134            -4.79329
0.473576              -1.624              4.9198
14.2237             -8.0924            -3.99748
-7.88244            -7.83739             8.33911
-1.26459            -5.04294           -0.761244
-8.10584              13.914             6.36171
1.13137            -5.07199            -1.04981
-4.1317            -1.59795            -3.69496
2.47688             6.63134             13.2838
-11.6229             6.90665             1.80991
5.54679            -2.15735              11.718
3.77002            -5.47619            -4.22955
7.68969              -3.252            -0.42913
-2.27978             12.1794             -2.4959
16.628            -5.58483           -0.951094
7.51691            -4.16801             13.9953
7.202             9.90111            -1.83066
-5.6133             13.4199            -5.53826
8.30388             6.35633             6.91464
0.906545           -0.169912            -5.69016
14.9891             3.79612            -53.7863
-12.1269             12.6103             -43.283
1.19374            -1.32722            -24.8401
-6.82431            -4.25081            -61.6584
3.00824             5.88541             3.86044
-0.187583             8.03086            -4.04676
8.30128            -4.39559             1.58512
-6.10179            0.338653             -4.4974
13.2519              10.019            -4.34854
-14.5611            -3.34518             9.55191
-0.934396             8.00197            -3.40035
6.39818            -1.65478              5.8685
-0.061745             7.41672            -5.47545
-1.213             -1.4431             6.44046
14.9332            -0.34512             4.58137
1.34482            -6.81737            0.626983
11.7053             -3.3785             9.71627
2.06307             5.36731             10.2141
1.64086            -5.98183            -5.21003
-3.07479             9.90578             3.27048
-2.47108            -5.43209             5.29381
5.79132              10.914             7.17976
14.9775             6.83834            -5.27533
-2.78076             7.96083             3.05431
2.75475            -5.46192            -4.46809
-8.06596              12.865              10.707
1.18023            -7.32075             1.51591
1.67578            -7.73674             9.92006
-4.19824             4.18652             1.24379
-2.22668             13.8556             6.73125
2.24444             10.6177            -21.5832
6.59621            -5.48578             8.24522
1.02511             3.35717            -54.7788
-2.24615            -7.69357            -12.6565
7.19999             -3.6421            -24.6493
-5.37924            -7.80846            -5.26142
9.20793             10.2564             8.07854
1.9719             9.47428            -5.95195
2.89673              7.2875             11.0177
-13.3409             10.7316             4.18962
14.6164             2.67098             9.49054
-8.73976            -3.37756             6.96771
1.53527            0.669952             9.67479
5.97118             2.31551            0.325993
12.649             12.2079            -5.12574
0.516375             2.12621             5.02065
5.82424            -4.55155             6.76999
-8.85886            -6.76689             -5.8944
14.9941            0.700056             13.8943
-0.473727            -2.02351             2.69422
16.0825            -5.41013             5.98234
0.0924749             2.27233             13.7228
0.627099            -4.60959           -0.720206
-2.36203             7.86579             9.86179
14.967              7.2011            0.705433
-0.178467            -3.91606             8.23884
1.99581               11.32             3.75022
-12.2342            -1.02064            -3.43328
9.70997             8.21801           -0.614898
-1.39535            -1.07061            -3.28411
13.3338             7.52669               14.57
-1.11485             12.1421             12.8703
8.66755             -3.1498             9.86454
-3.67629             -10.754            -3.92154
16.4027            0.827008             -38.042
-8.52911            -1.34894            -71.1099
4.06439           -0.397529             -53.047
6.18863            -2.81326            -43.9354
11.7879            -1.25132             16.2502
-5.19971            -3.07023             21.3227
15.5039             6.86868           -0.965263
0.509373            -3.75269            -4.13862
13.1181             12.8796           -0.625265
-4.81401             11.0677              4.6433
2.64369             2.25018             2.50758
5.17252            -6.81488             7.88431
1.06432             13.6169            -2.61799
3.2749            0.519164             10.6448
7.54845            -5.57426            -2.16274
-10.314             2.47173             3.64716
6.49743             7.24008            -2.20323
-6.19126             13.4905             0.72736
5.59299              9.4702             12.4078
-3.98288             8.81331             13.0804
5.35862             13.2742            -4.65026
-16.4969             3.20153             5.40896
15.9223             10.3021             8.63406
-10.1732              4.2814             8.56487
12.7324            -5.06986             12.3686
-15.3951             8.53728              2.8251
1.16361            -7.92413            -4.48158
-12.3289           -0.533817             1.02328
8.91248             2.00277            -2.95488
-13.7789             13.0655            -1.09787
13.9074             7.53821            -8.05124
9.67781            -5.31535            0.918924
11.0283              14.175            -43.5564
-8.9753            -3.92335            -44.7545
12.0015              5.5285            -51.5164
-4.58922            -5.46437            -67.4274
14.1118             4.17597             5.16765
5.31202             -6.7347             13.6859
12.6366             6.16343            -4.85212
1.34439            -3.04047           0.0512007
12.71            -1.31815            -2.71806
-3.09641            -6.37227             4.67416
-2.65426            -6.46949             12.4541
0.33648            0.243801            -4.12929
14.986             6.76334            -3.57548
-6.11073            -7.54729             3.22945
8.70857             -6.3377             12.7717
0.582976            -2.48103            -4.10287
1.45768             7.25265             11.2983
-3.95561            0.906559            -2.97938
5.08582             -1.7643             8.14251
-9.93566             -1.0938             4.18707
12.6877             1.41747             4.47217
6.65568            0.209376            -2.30589
13.0171            -6.29842             6.14078
2.2549            -1.41165             1.48354
12.0807             11.2001             7.43083
2.06495             4.49686             10.7992
4.54546            -13.8587             1.90689
-8.43993             7.07775             3.98056
2.53269            -1.40557             13.9261
8.2264            0.452702             2.90428
-6.05395            -2.16107             10.5153
-5.84451            -7.40167           -0.993728
