-7.61835             1.59856            -4.84208
-0.567647             8.99197             6.01245
5.78203             5.84887            -6.91305
-6.75832             2.61513            0.344553
-1.81708            -6.73362             9.03714
-0.8063             4.94064            -2.76101
-7.98182            -3.22123               8.952
-9.94659            -9.80286            -4.52315
-4.07088            -9.56879             9.84619
6.11804             8.73867            -3.32102
6.98355             4.54176            -8.90103
1.70934             9.66246            -9.55443
-4.96904            -9.42596             1.03885
-4.99344            0.513931            -5.50493
-9.75556             2.68899            -1.76855
1.07943             7.92657             -4.7615
1.98614             2.54586            -2.89072
-4.6086             9.72961            -2.95237
4.29914             1.89612            -5.14542
-9.42075            -3.09458             1.86681
3.29203             9.41832             -3.9497
4.27656            -8.57814            -3.68907
-7.72456             2.27332            -9.37834
-8.65597            -5.50554            -6.52791
6.88741             6.11103           -0.789816
4.93332               7.275            -3.00058
1.37547            -3.18247            -1.20182
9.1229             -7.5222             6.53585
-9.76593            -5.54582            -7.94336
8.09564            0.931732            -1.56285
-0.19411            -3.89355              5.5153
-2.99418            -7.01468            0.109254
6.77846             9.64904             5.19272
2.7308             2.70058            -4.75998
-8.51102            -4.96628             4.99039
4.20423              1.3358            -2.72439
3.89415             8.31996            -4.41603
-3.47331             -2.8724             4.13465
-9.44671             8.79086             2.19764
-0.815152             3.97015             5.91693
5.54368             6.15437            -3.16934
-8.62636             8.62423            -6.90298
0.116278            -2.72561             -3.9439
0.763578            -1.04404            -6.49586
0.729695             2.85745            -7.19596
1.38524            -4.09283             4.47432
9.82421            -3.27189            -2.49886
-6.92221            -9.89197             9.60234
-7.59699             8.28669            -9.04723
2.72347             5.47532            -5.91145
3.42661             4.71847             3.40739
-2.41615             6.85598             4.05621
1.14535             8.06086            -5.00595
-9.37437           -0.829497             7.27012
-7.0684            -0.69949             4.57137
-2.1305            -6.51417             3.42387
-3.77759            0.673546            -7.49687
5.34745            -9.27275             2.75552
-8.46035             2.09845            -6.28529
1.34708             9.52025            -1.24668
3.3607             2.04749            -5.17319
0.419932             9.26206            -8.63216
8.90346             9.73632             6.92068
7.44713            -1.24546            -3.86609
-8.50154            -8.46767             7.86736
-4.03577           -0.643637             5.82415
-9.23185             5.28428             3.93933
5.61754            -8.40908             9.28587
-5.71184            -3.83008            -8.59065
8.05445            0.160524            -2.14667
-6.87368            -8.83542            -4.92843
4.49996            -5.88154            -5.50462
8.15821             2.14788            -9.77294
-6.78243            -5.10147           -0.102845
-6.21143            -6.57491            -8.33949
-2.71767           -0.855442            -6.76137
0.678431             1.24454             5.92731
7.73004             4.78591            -1.18289
9.429             6.98416            -8.62636
2.21839             6.56392              1.1246
-0.758992             8.57876             -9.9286
-1.52715            -4.56557             2.60659
0.0369314             9.01822             5.46006
9.37315             2.73812             7.87255
-0.154116             -5.1326              5.0911
4.43648             2.03528             7.44499
6.26027           -0.694295            -1.71819
9.76257            -4.99191             8.08802
6.83706            -8.31019            0.236216
1.901           -0.136415             4.05591
6.47481            -1.52684             9.92889
7.59789           -0.318001            -6.92221
1.97211            -9.76867             9.93713
6.5682            -6.84377            -5.77776
3.88593            -7.24723             1.85613
5.70269            0.884731            0.949121
-1.59367             9.13602            -7.12089
9.2169             6.11988            -6.80961
-2.62947             -0.2472           -0.925328
-7.00125             3.32408             9.05972
7.67785            -9.54069            0.229808
-6.04083            -9.83001             5.22325
-2.48786             4.18287             -2.1604
-3.4492            -5.69079           -0.324715
-8.29829            -5.89678             2.11494
0.710168            -5.29771             9.04203
4.40627             -6.1745            -9.33103
3.34025            -9.28953            -7.27225
1.55095             1.88025            -2.85561
4.65957            -8.19635             6.32161
-3.99731            -5.04379             3.99548
2.93222             7.54875             8.00866
2.93558             6.53463            -3.69641
4.03455            -5.45488             5.17441
5.22141            -9.02158             6.12445
3.3253             9.13694              5.6273
-0.881677            -6.44184             4.28053
6.73574            -7.87714             4.66964
1.43041            -1.36693           -0.992764
-8.53206            -7.49931            -8.33949
0.106513             4.39833           -0.373544
8.00043             7.14987            -2.55409
-5.96301             7.33482             2.03223
5.67553             -4.0144            -8.76461
7.49291            -0.53224             4.26344
7.95343             6.93655           -0.722675
9.47539           -0.925931            -4.32386
-3.25662            -6.94571            -5.81897
0.173349            -6.79832            -5.02153
-9.56999             2.73903             4.38398
-6.20166            -4.86282            -8.42708
-8.42189             3.38328             7.63909
0.511493            0.790724            0.816373
0.486773            0.217295             5.85132
-6.32557            -2.22327             9.22392
9.17417            -6.36434             8.97824
7.66045            -9.81019             0.46663
7.09769             6.65151             8.90256
6.65212            -3.17271            -9.47508
2.46315             4.35133             1.51219
-0.395517            -1.11882             6.41591
4.36934            -5.23942              -4.644
6.76901             5.23178            -2.76498
4.0907            -5.26659           -0.494714
-0.901514            -9.33011             6.32495
-9.8233             6.91031             4.81308
-2.88369           -0.516678             5.53514
-1.37089              2.2602             6.19526
4.20515             6.85904             5.46282
-5.10788            -9.34812             3.46355
-6.52272            -8.38862             2.88064
-4.48103            -3.40861            -3.56059
-2.93924            -8.38007            -7.08609
3.61309             7.90704             2.96396
-0.281682             -6.9509             7.80847
-7.44254             2.52144            -8.53938
2.12653             5.22508             2.99417
7.55181            -8.11212             5.25132
-7.81731             1.83447             8.63765
4.6669            -3.25327            -4.49813
3.67199            0.661034             1.44931
-2.95389             4.42549            -4.27749
-0.257877             5.70086            -4.23384
4.00708            -3.70159             7.18009
-5.24643            -1.98279            -4.64461
-6.0097             4.97299            0.581381
6.23555             6.90939            -1.76031
2.24861             3.68053             1.62847
-3.25449            0.360121            -2.91177
-9.1937             6.91428             3.93079
7.71173            0.779443             6.63961
3.98053            -1.85919             9.52849
-4.5732            -4.37818             7.85577
0.616171             2.14332            -4.96566
8.79635             1.89154            -9.40489
-9.78331            -4.94858             -0.3882
6.74398            -8.20276             1.60068
-5.03311            -8.01142             1.78441
-9.74028            -0.85513            -9.13938
-4.66902             6.12995             5.01328
1.31291            0.316785             4.33821
-9.95086             -2.7543            -2.40821
-3.29111             3.99273             8.18018
2.71493            -4.90493             -4.6968
2.30813e-006            -3.75774              7.3629
-5.27024            0.316165            -9.06247
5.60106             9.36735             7.78192
-8.82442            -5.56261             4.57381
8.39137            -3.79589             3.78308
-9.90234             4.25458             5.21073
-8.87081            -7.59728            -9.42411
-3.55418             6.44612             4.57259
6.8334             3.99364             4.09772
3.7907            -5.41429            -1.28239
7.92169            0.893278            -1.44963
1.9483            -7.20604             6.40065
-3.22733               6.581            -8.82107
-8.78811            -3.05948          -0.0265482
7.87988            -8.75607            -5.72527
2.30872             6.23126         -0.00213374
7.40227             8.08221             5.34593
-6.81051             4.14991            -7.43461
5.16099            -3.76873            -4.00616
-5.84887            -5.44329            -7.92901
1.75695             6.13787             1.23478
8.72066           -0.448625            0.165107
8.94406            -5.92883            -8.69748
-3.16141            -4.64004             1.05563
-7.86309            -8.45301             1.12276
-2.36732             8.15027             5.41185
-5.31968            -8.95077            -7.69554
8.44203            -2.57881             4.08124
-3.70678              9.8117             9.42046
3.22489             9.71496            -4.14777
-1.30466            -6.97623            -8.00195
-7.40104             6.98569             4.25489
1.26774             8.09809             6.00635
-6.06525            -2.59743            -3.68907
-0.902428             5.13749             7.79016
9.80865           -0.675068             1.75817
-9.11618             5.25559            -7.09616
-1.10538             4.56099            0.510577
0.40651             2.40089            -1.62145
2.6017             5.97522             5.18998
9.71343             4.12733             8.47192
3.06375           -0.254219             9.25382
-5.12741           -0.135197             8.48964
4.49904             4.63637             0.58138
-6.11224            -7.11203            -3.26517
6.56361              8.7518            -8.86196
4.73251             4.84115             7.38487
8.05353             5.41978             7.38731
7.73767            -7.57286             -1.4777
6.32221            -6.73543             1.78442
9.38811             8.47499           0.0683638
0.0866737            -6.54652            -9.88586
9.93347             -9.9411             3.42632
-5.56414             7.00858             7.18375
-3.88897             4.81185            -5.73809
-6.43971              5.1973             7.42577
-6.97103            -9.44334            -4.30312
-1.09073             7.03146             4.08154
1.96356            -5.27879             7.27622
-1.97424             -1.2537            -1.96112
-3.20017            -7.40104             2.03467
-8.45332            -7.16025             5.38835
-7.94335            -2.69784            -3.76934
1.76946            -7.46116            -6.30482
-2.03253            -3.02896            -5.63158
5.65355            -3.28379             8.74569
7.98059             6.37898             8.98343
-4.44594              3.2078             1.54515
-7.44316             7.67815            -6.21204
8.82534             3.54076             5.12345
-8.00836             6.99576            0.482194
-3.5551            -4.10291            -7.06076
