-7.73881             1.63749            -4.92138
-0.593654             9.00728             6.07105
5.75415               5.874            -6.91664
-6.769             2.60344            0.327865
-2.27121            -6.97879             9.08273
-0.771685             4.99213            -2.75812
-8.16046            -3.27574             8.98695
-10.1592            -9.85411            -4.52557
-4.30892            -9.84346             9.90928
6.12408             8.79131            -3.29557
6.95267             4.47518            -8.88135
1.63707             9.54576            -9.52528
-5.34552            -9.63274             1.05843
-4.97751            0.528068            -5.49189
-9.97292             2.70861            -1.78508
0.984821             7.84692            -4.76594
1.96379             2.56247            -3.02499
-4.62007             9.81418            -3.35149
4.30715             1.89585            -5.32359
-9.37444            -3.04115             1.81956
3.3274             9.44667            -3.87374
4.34875            -8.56492             -3.6596
-7.92123             2.27584            -9.39741
-8.74262             -5.4725            -6.49588
6.7812              6.1701           -0.759425
4.97079             7.35988            -3.01229
1.39747            -3.16147            -1.17547
9.18438            -7.48781             6.52568
-9.81904            -5.55308            -7.98786
8.14582            0.948635            -1.55635
-0.391429            -3.90761             5.45247
-3.07993            -7.02297            0.103727
6.76472             9.67326             5.05962
2.76464             2.67647            -4.91923
-8.96659            -5.01943             5.04859
4.22189             1.34486             -2.8393
3.58731             8.31638            -4.38238
-3.47034            -2.83385             4.18261
-9.8212             8.83023             2.24097
-0.843826             3.98873             5.95584
5.43738             6.18775            -3.11768
-8.71044             8.68785            -6.90811
0.134313            -2.73151            -3.90144
0.824445            -1.02582            -6.48361
0.747854             2.86551            -7.15648
1.39746            -4.07988             4.53124
9.82396            -3.27624            -2.49135
-7.02241            -9.85089             9.56713
-7.81814             8.31862            -9.31783
2.71155             5.49273            -6.26964
3.34021             4.67284             3.38034
-2.40282             6.85827             4.04653
1.1076             8.08574            -4.94785
-9.46387           -0.847241             7.28834
-7.12818             -0.8323              4.6002
-2.20713            -6.46588             3.41082
-3.85791            0.707629            -7.45662
5.29536            -9.33258              2.8047
-8.64358             2.04154            -6.27859
1.2956             9.51383            -1.19739
3.35267             2.06168            -5.14637
0.293377              9.1618            -8.63163
8.57592             9.73235             6.89395
7.48444            -1.23413            -3.87558
-8.45892            -8.47939             7.57312
-4.01431           -0.647111             5.85238
-9.18452             5.26853             3.95614
5.65606            -8.75153             9.32223
-5.69964            -3.85134            -8.59246
8.0818            0.101775            -2.15495
-6.81852            -8.95609            -4.91053
4.5264            -6.29545            -5.50323
8.19894             2.06263            -9.73412
-6.76484            -5.05119           -0.100582
-6.15082            -6.54489            -8.31717
-2.71555           -0.918665            -6.77845
0.740489             1.14335             5.94029
7.71772             4.80081            -1.15492
9.4624             7.05996            -8.65113
2.24297             6.56222             1.13858
-0.720021             8.63852            -10.0745
-1.50886            -4.56129              2.4858
0.0829763             9.04107             5.46625
9.42104             2.77309             7.89412
-0.127688            -5.07722             5.11208
4.45782             2.08977             7.49127
6.29773           -0.656901            -1.70141
9.85091            -4.96331             8.12498
6.84037            -8.24973            0.236829
1.92899           -0.101262             4.09686
6.53535            -1.50888              9.9419
7.65788            -0.29194            -6.90162
2.01742            -9.68656             9.90669
6.65392            -6.84721            -5.76823
3.92975            -7.20954              1.8288
5.7943            0.887368            0.890764
-1.53512             9.17181            -7.20696
9.24961             6.13417            -7.18209
-2.56668           -0.245281            -1.05458
-6.98282             3.34966             9.10606
7.66453            -9.45577            0.315497
-6.0314            -9.79716             5.31464
-2.4197             4.21957            -2.16324
-3.39835            -5.67385           -0.277947
-8.22637            -5.83019             2.13003
0.699876            -5.30006             9.10868
4.3918            -6.15986             -9.2887
3.39032             -9.2804            -7.24586
1.5788             1.90171            -2.81173
4.70024            -8.20316             6.37636
-3.94605            -5.01082             3.95161
2.99904             7.47779             7.88598
2.99636             6.57754            -3.90595
4.08372            -5.47853             5.13977
5.24912             -9.0725             6.04966
3.39635             9.14103             5.65016
-0.847947            -6.39131             4.32599
6.77752            -7.96511             4.72068
1.46136            -1.40267           -0.966211
-8.47006             -7.4934            -8.29145
0.168691             4.38671           -0.348934
8.06482             7.12503            -2.58297
-5.90694             7.33934              2.0271
5.72194            -3.99703            -8.76358
7.52928           -0.507817             4.29575
8.01602              6.9419           -0.680097
9.47907            -0.90898            -4.31933
-3.18124              -6.917            -5.81649
0.200318            -6.95697            -5.32793
-9.60103             2.72165             4.35407
-6.15335            -5.03681             -8.4879
-8.4093             3.34875             7.65929
0.544747            0.475938            0.867321
0.507464            0.254282             5.87564
-6.26573             -2.2995             9.24876
9.1956            -6.59304             9.02294
7.71886            -9.99014            0.479786
7.09347             6.66384             8.97133
6.67594            -3.27758             -9.4583
2.51554             4.30505             1.55391
-0.3372             -1.2353             6.43338
4.4097            -5.27355            -4.60748
6.7943             5.17243            -2.83819
4.15798            -5.46903            -0.59142
-0.888533            -9.23814             6.18898
-9.85367             6.94557             4.85247
-2.83519           -0.497583             5.57876
-1.33378             2.29152             6.23445
4.27955             6.89704             5.52865
-5.03137            -9.32257             3.51905
-6.4598            -8.37487             2.93451
-4.43368            -3.38741            -3.51986
-2.88912             -8.3299            -7.01441
3.63153             7.91794             2.97566
-0.19508            -6.98803             7.81789
-7.38879             2.53297            -8.49057
2.18637             5.23262             3.02091
7.64969            -8.14327             5.28125
-7.77527             1.87883             8.53303
4.72586            -3.23892            -4.57317
3.66419            0.701901             1.21528
-2.9808             4.48536            -4.64065
-0.231176             5.73268            -4.40284
4.05751            -3.67804             7.22751
-5.20726            -1.96008            -4.61271
-6.01144             5.03075             0.63332
6.26252              6.9295            -1.73088
2.26794             3.67288             1.62757
-3.21938            0.367962             -2.9083
-9.21712             6.98201             3.97062
7.77272            0.809841             6.68452
4.00624            -1.85992             9.54969
-4.51509            -4.35991              7.8807
0.621615             2.20741            -4.91879
8.82354             1.93019              -9.457
-9.7377            -4.96438           -0.353414
6.77115            -8.09142             1.11361
-5.02745            -8.02291             1.70884
-9.63672           -0.875235            -9.20112
-4.6338             6.15369             5.05694
1.34667            0.357967             4.34955
-9.92477            -2.73583            -2.37975
-3.21846             3.92608             8.16348
2.80221            -4.85336            -4.67088
0.0299091            -3.70216             7.34375
-5.20326            0.257224            -9.01978
5.65098             9.31231             7.79368
-8.78452             -5.5043             4.61845
8.38057            -3.69674             3.82994
-9.85327             4.19458             5.25284
-8.84402            -7.60511            -9.34005
-3.47948             6.45562              4.5978
6.83845              3.9958             4.11994
3.72537            -5.38022            -1.37119
7.94286            0.909303            -1.49467
1.91299            -7.39135             6.40089
-3.18205             6.43386            -8.76648
-8.79075            -3.12847           0.0508417
7.93196            -8.84556            -5.64654
2.26468             5.94491           0.0451418
7.44663             8.06406             5.38967
-6.82057             4.21482            -7.37755
5.19099            -3.72826            -3.94576
-5.93311            -5.54254            -7.92338
1.80155             6.02748             1.27808
8.64384           -0.560015            0.151051
8.94666            -5.93503             -8.6857
-3.18864            -4.66654            0.938174
-7.83684            -8.40997            0.959025
-2.41748             8.17325             5.40845
-5.28699             -8.9355            -7.65512
8.45196            -2.54661              4.0489
-3.64009             9.84666             9.47761
3.18263             9.74595            -4.17586
-1.24424            -6.94387            -7.92618
-7.38383             6.98643             4.28982
1.30489              8.1302             6.01248
-6.07196            -2.51076            -3.64299
-0.834567             5.15197              7.8351
9.76865           -0.647332             1.71832
-9.03656             5.20473            -7.08347
-1.15282             4.61146            0.533524
0.451046             2.42798            -1.62877
2.56865             5.97769             5.19548
9.72817             4.18495             8.46787
3.04093           -0.257132             9.21415
-5.07514           -0.116841             8.50946
4.48192              4.6099            0.629072
-6.09105            -7.10473             -3.2514
6.50109              8.8079            -8.82143
4.79384             4.87287             7.40252
8.00254             5.43738             7.41059
7.74726            -7.52092            -1.44445
6.29266            -6.73213             1.86162
9.42788             8.50986            0.078676
0.119837            -6.54186            -9.84605
9.92696            -9.84184             3.45996
-5.57741             7.04633             7.24724
-3.86329             4.82927            -5.70122
-6.40826             5.18696             7.45169
-6.9148            -9.39975            -4.28249
-1.11794             7.00114             3.86483
1.99426            -5.30675             7.29652
-1.97725            -1.20869            -2.03246
-3.15517            -7.33973             2.07485
-8.45643            -7.17774             5.43773
-7.89598            -2.71904            -3.75539
1.72923             -7.4116            -6.28257
-2.00487            -2.99206            -5.59456
5.54182            -3.33603              8.7095
7.95549             6.29522             9.01153
-4.43161              3.2048             1.57632
-7.4231             7.68537            -6.15183
8.78106             3.46873             5.14719
-7.97101             6.96001            0.491386
-3.5456            -4.06422            -7.02968
