Number of particles: 256
dt = 5.08585e-007
Number of timesteps: 100001
0   13139.1
500   13141.1
1000   13143.2
1500   13145.3
2000   13147.4
2500   13149.5
3000   13151.6
3500   13153.8
4000     13156
4500   13158.3
5000   13160.6
5500     13163
6000   13165.4
6500   13167.9
7000   13170.5
7500   13173.2
8000   13175.9
8500   13178.8
9000   13181.8
9500   13184.9
10000   13188.2
10500   13191.6
11000   13195.2
11500     13199
12000     13203
12500   13207.2
13000   13211.6
13500   13216.3
14000   13221.4
14500   13226.7
15000   13232.4
15500   13238.4
16000   13244.9
