Number of particles: 256
dt = 5.08585e-007
Number of timesteps: 100001
0     15924   10354.1
500   15924.8   10357.4
1000   15924.6   10361.8
1500   15923.2   10367.3
2000   15920.9   10373.9
2500   15917.4   10381.6
3000   15912.8   10390.5
3500   15907.1   10400.6
4000   15900.2   10411.8
4500   15892.2   10424.4
5000   15883.1   10438.2
5500   15872.7   10453.3
6000     15861   10469.8
6500   15848.1   10487.8
7000   15833.8   10507.2
7500   15818.2   10528.1
8000   15801.1   10550.7
8500   15782.6     10575
9000   15762.6     10601
9500     15741   10628.8
10000   15717.8   10658.6
10500   15692.8   10690.4
11000     15666   10724.4
11500   15637.4   10760.6
12000   15606.8   10799.1
12500   15574.1   10840.2
13000   15539.3   10883.9
13500   15502.3   10930.4
14000   15462.8   10979.9
14500   15421.5   11031.9
15000   15377.5   11087.3
15500   15331.8     11145
16000   15283.1   11206.8
