-6.3042            -1.41483             1.96781
6.86727            -4.85306            0.768728
4.6281            -9.55504               6.292
3.43851            -9.19797             7.50481
-9.28068              8.5067             8.23878
8.60438             8.44538              2.2367
-7.53441            -6.77664             3.19224
-7.88049             -7.9229            -2.73507
6.69848             4.95403             -8.7109
-9.99055            -9.14091             5.80309
-9.23276            -6.42354            -4.22468
2.26478           -0.115966            -6.73788
3.07838            0.237708           -0.817288
-6.10462            -4.57015            -4.97757
4.98974           -0.307936             6.11563
-4.92508             0.24351            -2.71185
-4.03515             6.88498            -3.86761
-3.35094            -7.52647           -0.360419
-1.06509           -0.466323             5.30899
3.86577            -7.27714             9.79338
9.00995            -1.01932            -1.14383
1.91533            -2.35054            -9.23704
-9.68169            -3.00027           -0.194708
8.8351             2.21992             9.22208
-6.52364             5.35447            -4.67788
0.19195             5.39903            -2.92367
-0.731225            -1.70324             3.97717
-1.4652             1.43895            -3.10556
-1.6367            -5.56352             9.88616
-9.62066            -4.28022            -7.80847
2.41123             4.91043            -7.87681
4.41816             2.97983            -4.21673
-0.303042             5.96698             2.25894
3.37168             -5.5501            -1.01564
-7.96869             4.00769             9.35209
-5.47045            -8.05963            0.264896
-0.307018              5.4738            -3.28837
-7.31957            -5.54918             6.64449
-0.74892             7.03909            -5.02701
-7.47674             4.92447             1.07822
-3.46843             9.71343            -7.81793
-6.73178             4.07392              3.5023
4.73247             5.84887            -3.01675
-0.1526            -7.25517            -2.13233
-8.80519           -0.298166         -0.00946272
-7.12425            -5.56719           -0.288401
2.74449            0.196844             4.32937
4.60829            -4.31318             2.86387
-1.34098             -7.1514            0.110751
2.71217              7.5149             9.14912
-9.53246            -7.28414            -8.04193
6.57612            -5.01236              3.2081
6.24619            -4.83688            -9.20774
-0.896333            0.737647             3.55388
1.88877            0.123923             9.93286
-9.26359             3.10098             6.79617
2.99384            -8.83481             4.15571
-6.2215             -1.2662            -1.42399
3.01764             3.20171            -9.25596
1.7777            -5.64959             4.24848
-9.22909            -2.69265            -9.87488
-2.24433             8.48172            -9.45311
3.32343             8.85435            -3.35091
-4.04859            -2.02216            -5.00654
-9.02554             1.99375            -1.19174
4.75173            -9.21873              9.5544
-4.81368            -2.81137             4.77004
4.19752            -5.52721            -1.13316
-5.23179             -6.0799            -1.42521
4.76119            -2.50894             3.37748
-1.30314            -2.33437           -0.611286
9.2819            -4.92843             1.52745
-0.581072            -3.46415             9.89227
4.74654             4.65865            -5.82812
1.60711             5.38865             8.75149
5.35752             8.00894             9.98291
-7.26157            -1.87566             5.53087
-6.52028             9.34477            -3.52764
-7.90704             -4.2906           -0.652163
-7.79626             4.37297             -5.5336
-9.62859            -8.86715            -8.82289
-4.21796            -2.41707             9.15308
-6.48305            -2.26478             5.44633
-7.79168            -9.67254            -8.52413
-9.75188            -3.92773            -9.20469
0.814234             6.09943             7.59301
2.99631            -6.34663             4.97147
-5.99658            -8.44844            0.834681
0.479752             8.03858           -0.154118
1.61382              2.2663             4.85733
-9.50957             5.07157             4.45418
9.22575             7.77062             3.71044
5.71215             1.60588             -9.1406
3.15073             9.49583            -5.68011
-5.43046            -4.38887             8.52536
1.16184              8.8702            -1.61838
-2.566              6.7098             4.62353
0.935698             3.57158            0.746759
9.57427            -0.23072            -7.25089
3.00607            -8.94223             5.58611
5.12589             4.60952            -7.29606
-4.49141            -6.13941             9.49461
-5.52263            -1.18503             1.87628
-5.00198            0.315256            -4.44105
4.45998             4.43648             7.74438
-3.10465            -1.18595            -9.40886
-7.47124             9.69848            -4.96078
4.78164            -9.17264             7.40562
4.59792             -4.0202            -7.73004
-0.745262            -4.04431            -7.76879
8.75484            -5.25254             4.59367
-3.4608             -1.0062            -6.47082
9.14945             8.77773             7.26643
3.5786             2.60172            -6.76626
0.234688             7.95527             7.38303
-5.43046            -5.00534            -1.99836
-8.25526             9.60784             4.68795
-8.51283             5.40514            -7.94305
-0.736717            -5.97246            -9.89868
-2.77139             4.54817            -9.97894
-0.56032              5.7271            -1.89001
6.22089            -6.34661             6.88314
6.7275             5.25042            -3.26151
-0.241707             6.00299            -4.38887
9.89288              3.3845             1.93823
7.07389            0.620157             4.09406
-3.41716            -4.95924           -0.564269
1.76153            -3.01309            -3.08357
1.33274             -6.3921            -1.22348
3.41624            -1.63366             3.01947
4.47493            -7.09373            -1.81127
4.34492             8.45787            0.661942
6.37349            -9.40977             3.35795
6.63411            -3.56639            -1.11576
2.54494             3.67748            -6.06555
-0.406812             1.27778            -6.74123
-1.84057             9.92246             6.99606
2.43843             9.25901             4.93515
-7.75201            -9.99634            -5.49089
4.38887            0.351849             3.07993
2.27699             9.84433             4.76852
-2.81503            -8.12159             5.14786
6.3802            -7.30858            0.975087
-4.63698            -2.60933             7.98732
-0.466933            -2.69112             5.51803
-8.06757             3.75042              2.4448
-6.91824            -3.46324             4.02478
-6.47206             7.57073            -1.45085
-5.79638            -7.25577               7.022
-7.39677             5.93799            -0.25605
-5.65416             -4.8677            -4.61379
7.38914            -5.49974            -9.43083
5.12833            -3.72417            -1.39164
1.45573             6.76595            -5.22324
-9.00571            -8.23786            -9.67895
-0.321665              1.3599           -0.744652
-5.88885             -3.1727           -0.336316
-5.30961             5.46648            -1.36265
-4.78164            -5.57268            -1.94675
-5.91327             1.75329             4.99499
-6.04602            -6.37959            -2.47351
-5.24735             -1.7423             8.85949
-9.55229           -0.790124            -3.78125
9.72533            -7.04062             -4.9617
0.671712             2.89041            -9.88311
7.87683             2.22907            -3.42448
4.32142            -1.45848             5.73534
-5.32762            -5.82171             1.91076
9.77172             6.27705             6.08295
-4.94308            -9.79278            -7.16056
5.68896             4.06293             4.49904
-9.20652            -3.96771             7.24815
-7.07327             6.52333            -2.62093
2.30659           -0.342723             6.86361
4.68612            -6.24714             9.93166
8.42158             5.39079            -8.95747
4.45875             5.47807            -6.46534
6.51936             6.85661            0.708301
-0.476394            -4.46118            -5.85834
-6.95914             6.74093            -6.26393
-1.72887             6.31214            -5.38377
7.43522             5.29346            -9.24711
1.10508            0.462068             4.32966
-1.71148            -3.21513           -0.954924
-6.38783            -2.91605             3.50078
0.294198             2.09603            -1.66295
-8.48994             5.09539             8.02026
4.02417            -7.66717             8.80123
3.13181            0.177005            -4.21491
-5.71703            -7.95799             3.21604
-9.83398             2.79918            0.463285
7.7459           -0.205391             9.50867
-7.73858            -1.07425            -2.66822
-1.04494             7.54722             4.81701
-2.65481            -5.27299            -8.80307
-9.72044            0.469652             8.64925
-5.03006             1.52346             4.95438
1.46857            -9.87915           -0.666524
-5.6148             7.73949             8.75393
3.65827            -9.76469             9.99725
5.61357            -8.91812             6.25263
-4.37542            -9.01579             4.90097
2.33466             6.24225            -6.45558
3.32349             -5.2507             1.71361
-1.07395            -5.29527             5.07401
5.36059            -9.78821             3.17759
-0.389723             9.41953            -6.90876
5.97432            -3.37107            -4.81824
2.313            -1.07181            -5.80888
9.33319            -8.22626           -0.138248
-2.66427             3.18247             3.68144
-1.9965            -4.70138             7.38242
-0.718103           -0.280465             6.76351
5.15886             1.37883             8.69228
3.25968             1.74749            -9.57121
-1.66446            -7.41813            -2.88003
-6.85568             3.25114             5.87115
-7.2756            -6.22181            -2.04901
-5.1384             3.44768            -2.91238
-4.96901             1.56224            -6.14277
6.36585            -7.66686             1.26682
2.71769            -2.33009            -4.44655
1.69591             4.77096              9.2166
5.44971             1.29734             5.34228
7.75506            -3.94086            -8.91445
-6.98933            -8.01111            -1.50516
9.44517             1.05716            -2.83029
-3.96678            -7.33604             3.45011
1.76946            -5.84399            -4.46821
7.22222            -4.57991             6.14979
4.00098             -7.2927             8.30256
-3.3555            -6.73666             7.60857
7.04001            -2.32521             1.56499
6.05581             8.46797            -1.03488
6.55385             -7.4398            -6.14307
-9.89226            -2.24616            -9.84375
-1.67974             1.46031            -3.72631
4.67912             5.84918            -3.41319
3.0195             5.73931            -2.66669
-2.51745            -8.38404             7.56983
-5.53118             2.46773             2.06211
8.46829             9.47815             3.37868
-3.05033              -8.424              8.6053
5.75184             6.44978             7.31315
-2.74209             -6.7272            -5.96332
-3.66037             -2.4143             1.43101
1.09958            -9.27791             6.17542
7.23565            -5.64501           0.0958281
-9.36217            -3.74096             8.96878
-8.5003            -8.33917            -6.29139
-6.72262             7.48193            -9.29411
5.83974            -2.49703            -1.91809
-5.64654            -2.97311             6.99789
7.29547            -3.13118             8.90927
6.3036              1.1826             6.62223
1.27844              5.7683             7.77705
8.84943            -1.38187            -8.54274
4.87167            -1.19603            -5.05142
3.70523            -5.96606            -2.87272
1.02389             5.14631             6.47938
8.09378             1.26832            -8.11426
2.19306            -9.93011            0.328991
-2.71278             6.59169             -1.5482
2.85012            -7.57255            -1.09073
1.77035             -8.1521            -2.37342
8.72829            0.260013            -5.92242
7.02381             7.86828            -2.64931
2.07922            0.314619              7.4929
-0.923482              8.8775             5.86016
0.635696             9.36704            -8.31111
8.13041             7.52128            -1.39193
2.88278            -6.40095            -4.97664
7.55758             -2.7958            -9.42076
-3.67351           0.0909452            -3.63781
8.61718            -9.76562             4.22894
3.61186             2.64687            -2.48147
-1.68309             4.38276             1.10935
-4.24025            -6.55141            -4.59975
-0.230413              4.8442            -8.98068
0.155331               8.334              6.3213
6.89624           -0.246894            -3.90667
9.971            -1.11118             3.29997
4.07938            -2.18177              4.1258
-1.8186            -6.32435            0.579241
-7.93175           -0.223701             1.19266
7.0693            -1.13163            -4.74166
-8.89767             9.33866           -0.690317
9.40641             7.55699              7.3745
8.62389             7.23716             -5.9096
-6.56637             8.94406           -0.655838
8.31688            -3.95245             5.17044
-0.202949            -4.86099             9.17294
-3.71929             5.61846              4.3553
6.6924            -3.48552             8.34712
-3.07382            0.856349             6.92801
9.53428             7.02078             0.33845
-2.96975            -2.56966           -0.542009
3.54929            -7.03116             4.24726
-9.10336            -1.56041            -8.49879
3.59721            -9.03378            0.113224
-0.953091            -2.46101             2.06061
7.27224            -5.46098             6.86331
-7.44072            -8.28333             2.24526
3.24838            -9.49675             4.20424
-1.04861             8.64345             3.38325
5.86474            -5.50003            -8.80794
-6.88466            -9.72287             1.79631
-3.43639             -1.0593             7.17703
7.01556              2.4723             7.54753
3.89996             7.36933             2.59835
-5.34744            0.750773             1.70904
7.96624             4.88143             2.83547
0.602095            -4.22437            -2.15583
8.27204            -6.28161             9.91363
-0.834066             3.22521              3.7907
4.28235            -5.02823            -4.77645
-8.63124             5.59618            0.630816
8.18261             1.22717             8.99441
7.99124           0.0967582            -3.51785
-7.96137            -3.75134             4.30801
-7.99219            -8.47193             4.65801
-1.55797             4.47676              9.8785
-1.15543           0.0100665            -4.99192
-1.59551            -3.57982            -7.92016
1.9834             9.64901             8.76095
5.07675           -0.249032             2.15094
9.84741            -4.57656             7.86706
7.76269             7.16816            -1.49205
6.44032             6.20896             2.94107
-9.99756             -5.9737             4.90555
-7.6397             5.51103            -4.68612
-0.760521           -0.834983              3.4254
9.08261            -1.21799            -4.32356
-0.976592             4.58906             3.59813
0.347301            -3.82245            -2.06792
6.80349             2.73199             3.89144
0.524003             4.44899            -3.74065
-0.0622578             1.31474            -3.48369
4.4676            -8.23817             4.17675
7.35832             1.57567              2.3783
-0.38148             7.80999             -8.1988
-3.0491            -3.33232             4.32112
-1.81097             5.05722             1.91504
5.31785             6.88772            0.726951
6.91549            0.166326             5.15641
0.385449             5.81469             6.03687
-1.26591              6.6158             6.27796
-8.68892             6.67257            -3.84381
-3.64513             -1.2479            -9.56267
9.81964            -2.73934           0.0320434
-3.62407           -0.552995            -9.30264
1.49083             3.47789            -5.27419
-1.37486             9.32157            -9.58067
-2.96915             5.92669             5.82229
-0.41261            -7.06717            -1.05564
-6.54683             -4.7673             -9.8288
9.06613             2.32276            -1.94342
-3.0076           -0.735801             7.69524
-2.66854            -6.34327            -6.09149
-9.85717            -8.54976           -0.447096
1.99408             -7.1337              2.8779
-5.64714            -1.86041             1.07822
-0.589311            -3.35032             7.82067
-1.24271           -0.199896             1.48991
0.631124             6.68905              5.5266
0.613727            -7.65709             3.29844
-0.00244049             2.18299             -4.2268
-0.946989             1.40751             5.63801
-8.68587            -9.60509             9.81717
-5.79577            -6.44854              8.4243
6.58773             7.14593            -3.36924
-6.87857            -7.19108             6.59871
3.74096             2.01391             5.70696
-1.25523            -3.23738            0.878628
-3.78979             2.76073            -2.10547
2.18818             -1.9187             4.79812
-8.9285             6.29291            -5.74755
5.29374            0.264308            -7.50755
-5.36332             9.88985            -6.47755
-7.86828            0.268562            -8.24824
-9.07468            -6.37623             7.89727
-9.75158            -9.85532             2.79366
8.47987           -0.157461            -7.19289
-0.0518815             4.06812              5.7784
9.75707             4.33482            -4.53169
6.73513             2.98867             6.90265
8.34193              -5.862             8.64253
-6.71438            0.949711             4.81704
2.70821             7.91495            -8.57936
-3.95917            -2.02368             1.24668
-0.236824             7.56096            -4.88998
-3.45164             -5.7625            0.912503
6.00574            -3.72051             2.72347
0.887478            -1.02696            -1.25919
-9.97162            -6.52151            -1.07334
-3.02988           -0.670488             1.17893
-2.48207             5.72677             2.61086
2.86111             2.13293             -1.0593
-8.62026             4.22223            -3.65122
-8.39259             -4.8857            -8.85462
-4.79934             3.81573            -9.99816
5.40574            -1.37761            -9.70183
2.52937             6.09149             7.93603
-3.81085            -9.96368            -1.16337
0.617084            -2.01575            -6.77938
-5.89923             -2.4427            -3.69457
4.51308             1.67119             6.35029
-3.86853             1.60283             -7.6632
6.29749             1.13682            -5.83087
-4.7911            -1.74749             5.47563
-7.17612             8.39656             5.84246
-4.96231             3.88959            -1.26804
-2.58309            -5.49028             9.60723
3.56151            -3.32438              2.5309
-4.30372            -1.17374             -7.8994
9.01273             -6.9158            -9.13875
0.684225             8.37275             2.42955
-1.60283             6.91977            -6.84804
1.25858             4.94797            -9.59533
4.06873             3.71746            -5.61816
2.21473             6.01245            -7.40532
-9.21873            -7.75262             9.38597
0.313425            -2.44514            -9.11405
1.49327             7.46635             4.40931
1.41179             4.65804             3.91095
-8.91903             -1.3715             9.25504
-1.86773             4.27931             -4.1789
4.41969            -4.85153             -2.1775
3.07962           -0.497147            -6.57979
-2.20832             -2.0481            -2.28858
7.47734             3.60942              6.8325
7.16391             -6.5923            0.766032
4.69253            -7.09891            -1.73223
4.04645            -8.14079            -8.70021
5.64074            -2.53363             3.00118
0.282296             1.01382           -0.211196
-6.09546          -0.0589027             2.18421
2.17353            -2.87055             4.50453
6.274            -2.41125            0.281686
-0.961333            -1.63152            -9.74975
-5.24094            -3.54351             6.37135
-3.4846             3.94331            -6.40309
-4.81674             5.29772             2.38746
-3.4257            -4.67238            -8.99503
-3.39671             8.41151             2.72652
4.64614            0.458708            -4.80728
1.90405            -8.67731             3.69428
9.05454            -7.47765              6.4855
-8.26564            -6.60786             5.25373
9.1333            0.539865              4.6983
-9.54161           -0.689109             2.32002
0.892077              3.7214            -7.77582
8.45179             1.51522            -1.22227
-7.88413            -8.12494            -9.00418
9.72198            -8.02515            -5.17655
-2.24126             6.38292            0.270394
-7.71233            -8.94802            -6.93564
-5.75424             2.35419             4.18317
-6.42201             3.69212             3.43303
4.02327            -4.41053             6.98355
-2.43111            -8.47804            -2.49947
0.957383            -7.99555            -2.70638
6.91366            -6.82639            -1.82529
-0.599057             -4.0144            -6.40887
0.755026             9.78332             1.53169
9.68446            0.338755            -2.11584
-3.33049            -1.74322           -0.252393
8.73198            0.524918           -0.692775
-6.82394             3.69976             6.75405
-3.08358            -3.00394             5.35691
0.426648             -8.4167             1.09439
-9.3826            -1.75756             9.29716
8.53908            -2.67037            -7.39525
-8.79359            -2.09357             2.06519
-0.460831             1.56713           -0.690329
-7.02564            -8.81558           -0.332347
-2.30384           -0.274055             9.35362
-4.21337             5.13291             5.49974
-1.15116           -0.556047             8.41397
6.17086             5.27299            -6.76136
3.1724            -4.52681             4.04672
-3.69791            -8.23176             4.80725
-7.63177             -7.2631             1.78503
-9.78055             0.67629            -9.64691
3.84899             4.63637             6.89291
-6.86817             9.90631             7.30583
-4.34858             4.14197             1.05411
9.26757             9.29777            -5.64226
0.968962            -5.90411             1.35594
-0.219414             4.99802            0.475784
7.84081            -9.64049             1.69469
-0.764169            0.077517           -0.906705
-2.10669            -2.45949             9.49827
-9.2236            -7.13095            -8.34559
-6.33046            -3.16752             8.24612
7.34826             8.70296             8.63187
-1.93976            -2.51106              4.9696
3.09765             3.13549            -1.95898
7.07175            -6.80408             7.93908
1.91048             7.74315            -2.37098
-1.0123             5.80675              -9.382
9.44733            -7.88993            -8.61263
7.38945             -5.9337            -7.54662
0.359526             -5.7976            -2.35786
5.53545             7.98791            -7.99219
0.949754             3.00243            -9.54924
0.346384            -5.99199            -1.89123
-9.84159            -1.57964            -6.99698
1.65563            -1.52562             5.64684
-1.28451             7.78407            0.796837
0.978727            -7.51151            -7.45565
-1.66782             3.88256             6.72203
8.86808            -3.70461            -2.12491
-4.39898             1.00337             7.81975
-1.75234             8.99251             8.61262
-5.37524            -4.28876            -6.73487
6.46235             7.20942            -6.79188
2.72526             -5.4299             7.16483
3.32745             2.99568            -7.73949
-2.61392             4.63334            -1.76366
-6.44365            -2.27449             5.92761
-4.25982            -8.20281            -4.12183
-4.42419            0.425992             3.42631
-1.20739            -3.11985            -9.81384
2.84309             8.20557            -2.41067
2.97737            -4.55826            -6.49283
6.10376            -9.69269           -0.657768
-0.572235             3.38696            -9.29515
-7.43457             3.66467             3.31649
3.46865            -8.28059             5.26453
-3.38847             6.78182            -3.32409
8.48831              -8.753            -5.29158
-4.86553          -0.0137333            -3.63659
8.52957            -2.67586           -0.435499
1.53449            -5.17502            -8.22169
7.83958            -5.73504             7.73492
1.87783              2.4125            -6.73421
6.53824            -2.19367            -4.90249
-8.11545             8.36146             1.26591
6.73539            -7.44101             9.99359
5.29559             4.60646             3.73117
-2.05547            -4.37788            -7.35742
8.08434             3.38633           -0.593374
-7.94886             -9.0054            -1.30808
-8.46544             8.34559             9.00298
8.08339            -6.83828           -0.122005
4.02201             8.87234            -6.24932
8.60648            -2.26539            -1.51251
0.847262             -3.3668            -3.97626
3.42294             -8.9285            -2.86385
8.73958             5.95111             1.14109
-6.07137              1.8656             1.47435
-0.437566            -8.88455             -6.4153
3.56577            -2.82083            -8.12464
2.43658             5.54277             2.95511
-0.954698              9.9707            -7.70135
-3.70455            -2.51747             7.38241
8.5604            -3.65917             9.60783
1.59636            0.418409             1.71013
3.19402             -1.7835            -4.54033
-2.73864            -7.59912            -3.06555
6.28555             3.48536              9.1534
1.80702            -5.48983             2.64862
2.13411            -9.05027            -2.41498
-4.29385            -4.80119            -3.65092
4.57441             8.61861             3.34391
1.69531             4.75408              9.1464
-6.55112             3.73789             -5.5324
0.409931             9.01302            -6.43971
-0.622319             5.18375            -5.67583
-0.162312            -8.33778              5.3267
-5.55319            -9.08262             7.50328
-5.30865             7.41048            -5.38531
-1.11675             2.46824             5.23421
-4.10684              8.0806             3.07183
-6.30185            0.179124             8.30915
8.24122            -9.65659            -4.24868
1.52837            -8.80033             7.81091
-8.82381            -5.08294             3.11562
-9.48027             1.31747             1.05165
6.98355            -6.16622              -5.551
-8.00104              9.6337            0.400403
-8.26777             -7.6727             4.90555
-8.46156            -2.24063            -1.93091
1.66571             5.37402            -2.51564
-0.271615               2.526            -5.01083
7.36565             -3.2127              4.9208
-3.09763            0.513097             1.87567
3.61583              5.9484            -6.18703
-9.07071            -8.70172            -2.73143
3.56792             2.19762            -8.13816
4.08124              2.1992              3.2782
-8.91414             4.87748             4.91078
6.42567             5.88092            -3.98904
-9.82695            -8.07215            -2.32491
8.80734            -8.01935           -0.260674
1.34069             7.37694             8.36726
-2.31605            -2.06885            -5.93584
6.1858            -1.20762             9.85595
4.67727            -7.18771             5.91571
4.40718            -9.54985             3.33903
6.11347            -4.98733            -2.90078
2.1711            0.480667             6.73544
-0.78402            -6.11408             -4.9556
-7.15384            -9.73785            -3.41016
-6.24165             6.84011           -0.847509
7.17277            -0.88168            -3.51277
3.91003            -4.15265             5.21152
-3.40799            -9.50102             9.77322
-6.49983            -9.09482            -1.77244
0.997955            0.600604            -7.78379
-9.78179             3.59203             6.41461
-9.18455             0.16541            -5.34135
2.48207            -6.97623             8.98161
-1.79174            -6.01917            -2.95511
-5.51439            -6.06891            -9.70397
-7.91863             5.87329             9.34385
6.53249             8.35108             9.18271
-3.50444             8.05322            -2.97372
4.18653             2.59774             6.28956
8.21956             9.07346            -4.60313
-4.67147             6.69454            -2.33559
0.101016            -8.27937              7.6945
-7.48009             9.39817             8.71867
-3.82915              9.3942             4.67057
3.93475            -2.82794              5.1888
-8.69472             8.28531             -8.5809
7.32353             6.71283             -3.1715
-0.476689             -1.8302             3.01645
3.55846            -5.11445            -9.44853
8.79177           -0.676417            -9.42991
-2.47993            -2.80008             6.23585
-9.31639             5.18294             1.45268
8.44874            -2.79437           -0.510269
-9.8419            -5.18794             1.79785
1.00894           -0.291166             4.58449
1.62909              6.6936             9.99082
-8.37489             2.15912            -7.70137
4.27199               8.322             9.82503
4.55061             7.09523             1.00763
4.4911             3.80357             5.30112
-1.3245           -0.238363              1.9556
8.19941             9.96428             4.13738
5.35752             9.04602             5.22533
-2.07617            -8.98582            -9.98596
-4.45235            -5.70033             1.87567
7.00491             5.41146             9.52666
2.02246            -6.47294            -2.92489
-2.29835             8.57143             9.82727
-1.06662             1.64066            -4.10413
7.96045            -6.24254             6.07624
-4.83413             1.88457            -1.45756
-3.46934             1.52688            -1.22229
7.08914            -9.95976            -8.95537
-7.0922             8.47559            -8.44182
-6.6979           -0.954865             5.63451
-0.664693             -9.1055            -5.97575
-5.42283            -2.00079             7.23284
2.47047            -1.44902            -2.95671
0.561235             3.99518             2.05385
-6.48457             -1.3132            -5.64347
1.66814             -5.1558             -9.1821
-1.11301             5.86383            -7.26066
-9.28251            0.104383             5.40666
5.89618            -1.13468            -2.61513
9.62737             0.10651             1.50029
-1.68767             4.42061             2.13355
8.87295            -1.18168            -5.18632
-9.84588            -2.44514            -0.12422
0.0238044             8.40358             3.36098
0.206915             3.49254            0.227508
-1.06326            -7.98882              6.2522
-7.3278             2.55318            -8.36904
0.892972            -5.06088             7.37176
0.893277            -9.27427            -1.37368
-6.11774             5.45152            -1.67093
-0.598468            -5.30992            -8.93489
3.05918            -5.86138             6.41469
-9.41221             6.83431            -9.16746
1.84057              9.3881              1.2891
-3.22153             5.72314            -4.70504
9.15525             4.05347            -2.30232
-0.652791             5.52355            -8.50307
9.71587             1.84881            -4.45814
-5.63341            -2.00934            -7.44836
9.61241            -6.13117             7.18739
8.24976             9.16074             8.75807
4.10566             7.25852           -0.361161
7.91498             6.03044            0.268263
-4.06018             -1.3838            -3.66429
-8.02759             4.44615             2.30566
-5.4619             -6.5441            -4.37545
4.45906            -8.04011            -7.10532
1.57476             4.90477             4.49996
2.56081             6.03396             3.05216
-3.47087            -1.44201             3.90393
-0.219123             6.68994            -6.47176
-8.21131            -8.73724             7.92901
9.035            -1.70025             -4.6733
1.08158            -6.16628             2.12012
3.22672             0.22307            -1.62147
5.25895            0.863852            -9.45556
7.59239            -6.05069            -3.25337
-5.34959            -8.62759             3.06122
3.06801             9.79891            -4.32565
-6.65805            -6.70466             6.09422
2.35938              6.1943             4.00185
6.03464            -8.39133             6.50128
0.0021165           -0.883475             4.45144
9.01351             2.82871             3.99274
2.33159             7.83375             -6.7391
7.88711             3.56091             6.05426
4.41571             3.64305            -2.52968
2.64094             7.55881            -5.36637
4.31378            -5.19945             9.84161
-7.56875             3.77667             8.93094
1.2903            -8.28114            -7.49749
7.0921             8.15606             5.69138
-5.09478            -3.27163            -7.33067
-1.1363             1.50885            0.797289
9.38565             -6.2505            -6.80462
-9.58145            -9.27671            -7.08729
5.0505               5.721             8.79352
3.02846            -8.84914             4.16726
9.80833            -3.28775              1.0709
-9.76971            -2.38563            -8.82716
-0.359833            -7.01468            -6.82211
2.49449             1.96631             3.76629
-3.66926             5.19547            0.480972
-9.32506           -0.813013           -0.916471
6.02099             2.11432             1.66051
8.40467             0.43733             7.30735
-3.50812             2.31942            -5.10484
-9.71142           -0.142827             1.67515
-6.85539             2.21473              7.7491
8.37449             3.61858            -5.11381
8.17407            -3.65459            -6.33312
-6.63455             8.62392             5.25928
8.6886            -9.95117             1.84392
3.14206            -1.26164            -7.02815
-5.85194             6.51509            -1.61198
4.58775            -7.28355            -0.06592
-6.89415             2.51808            -7.41478
-2.14005            0.552995          -0.0390637
4.9211             2.71126             9.66643
-9.9299            -4.43983             3.94818
4.48773            -6.13758             4.99161
1.19403            -6.76748             5.07828
-7.3333             7.16605             -8.3987
5.94152            -4.29334             7.19014
6.96064           -0.307932             3.16254
-8.28621            -9.72076            -6.40261
4.19567             9.90995             2.65147
8.2829             -4.2892            -9.16959
6.03685            -5.28136            -9.89845
-8.32649            -3.21208             2.02242
-8.25221             7.39554            -4.02326
4.30729            0.937096            -9.65147
-9.54651              1.1962            -8.89981
-2.86334             9.64413             8.59493
2.94349            -4.06081             9.91424
-4.65603             8.77337            0.646077
-9.59717            -2.30882            0.651875
5.67296             7.00062             9.23185
-2.73813           -0.089124             4.00889
-0.576655            -2.15623            -9.77387
6.23553             4.76473            -2.87043
0.163419           -0.381196               7.653
