-8.4743            -3.92883             7.03833
-6.60143             2.02081            -5.88579
2.90489            -0.21028         -0.00507911
-6.54958             5.99377              -5.468
4.37452            -4.45497             7.92561
-7.48914            -7.02766            -2.75218
9.27189             2.07626            -2.90868
6.68623             6.75241             5.73294
5.36856            -8.63549            0.644154
-9.62829             8.70389            -8.36908
-7.06147            -2.66503             2.54302
5.90508             -4.1037            -4.35732
-6.57745             9.74438            -7.25421
-11.0978            -6.13698             -6.4102
5.54838            -1.27974            -5.47439
2.47847             6.77115             3.06679
9.24223            -3.57493             9.13586
6.16713           -0.546918              7.1565
8.18785            -8.84005            0.491251
-4.78571             4.96779            -9.19073
7.76014            -1.65321            -5.73004
4.0065             7.72039             6.88568
-6.40553            -1.89904            -5.83194
-8.13099             4.96077            -9.24036
-1.86045            -9.46395            -8.43145
-1.97555             2.18649             8.39581
-4.85769           -0.745716             -8.7081
-0.961968            -5.23294            -2.90563
0.149589             2.88259            -1.01634
-9.91529            -3.75458             8.61604
-7.09023            -2.43813            -1.15518
-4.45078             -8.7696            -5.42631
2.28053            -2.33731              6.3953
3.48922             2.19375             -4.2785
-9.62921             1.35276             -1.3328
7.90638            -2.03003            -5.84337
-3.0362          -0.0609242             8.10503
2.26021            0.828304            -5.96177
0.65271             7.29994            -1.94082
-0.606015            -1.54104            -5.87397
-3.41899             7.98078            -7.19021
-2.88676              1.4505             4.02558
-2.5609            -6.47784             8.88213
7.21213            -6.52127            -3.71795
-3.44735            0.856833            -8.20687
-3.93047            -7.11973             6.07687
1.50136             9.90512            -2.66476
8.92309             -5.6358            -6.27175
5.19857            0.628521             -1.4052
-3.98126            -3.51646            -6.66439
7.31773            -6.15448            0.794955
-9.48971            0.518238            -3.03464
-0.99292             7.52284             5.32312
2.52997            -3.71574            -3.62746
-10.4679            -7.76314             6.54883
-3.81968            -6.88838            -7.49776
-2.57614              4.0897            -7.91559
4.0306            -9.60713             9.04375
-8.69686            -4.92335             5.52736
5.17592             5.14903             -8.3089
0.828808             3.85392            -6.95125
6.09923             2.57321            -7.94548
-7.27177             8.24036             7.99455
5.34715             9.45531             4.79443
7.22112            -1.20866              8.8749
0.635159            -8.55425            -1.72507
9.90072             2.95586            -5.53802
-0.174649            -9.30727             7.60411
-8.41349              7.4261             3.92574
6.62165             9.85881            -9.69448
7.03545            -5.71912             3.62487
5.74805             1.49424             6.94833
8.4981            -4.94722             1.31802
-2.04261             5.30635            -1.10672
-6.72066            -8.95239             -7.1637
8.19448            -4.78736             8.23717
4.68125            -9.74619             3.22809
2.42874             -7.3455           0.0986504
10.0831           0.0935954            -2.31197
-3.84028             8.93885            -4.60872
-9.82766           -0.131116             1.06758
1.84991            -3.35761            -8.79271
-3.10847            -4.32785              3.0559
-0.913452            -7.32043             9.32832
9.36781            -1.06898             0.28217
5.51113               9.333           -0.137622
0.977369            -6.25258             -1.1259
-8.63828               5.023            -4.84491
4.9315            -7.86671            0.752025
-0.528745             5.92617            -1.39495
7.06256             8.39747            -1.50255
1.20158            -4.32373             2.75785
5.1787            -2.87265            -4.38401
-9.76608             -4.1679            -3.00567
4.03667            -4.80682              9.5828
4.06415            -5.81592             -1.8439
-7.84009             -0.4603            -10.6259
0.87188           -0.357563             8.16502
4.96872             4.53878             9.89417
5.47241            -8.90137             9.17084
0.932563            -5.13201            -3.75175
1.59989              5.2658            -5.37377
-3.67             4.80642            -4.33945
0.480094            -1.89928            0.286974
4.12879            -7.26948             -6.8838
-3.93995             1.84394            -2.39689
0.500041            -8.64814            -9.41132
-0.369238            0.165086             -8.8833
-6.29603             2.04225            -3.66355
-0.893324            -4.47546             1.86343
8.46597            -6.69219            -8.58858
3.5262             7.45065             3.74323
-5.20676             2.88571             8.60819
4.6722            -1.19809             6.76961
1.7759             7.63319           -0.152163
7.15954             8.61238             1.71959
-2.64338             0.44949             2.21114
3.99703             5.86609            -9.24522
7.32468            -7.02326             8.91308
6.70298             4.01149            -7.83292
8.13499             4.57061            -1.38075
3.58102             9.98861            -7.31387
-7.31997            -9.72328            -8.45568
1.62753            -9.79686             9.62628
-8.35995             9.51208            -2.99629
-9.91506            -1.61436            -3.57731
-7.98285             4.48375             6.03707
5.50303             1.44311           -0.324785
-1.94552            -3.56683            -3.75957
-2.50066             1.12757             2.13333
-0.0576456             -6.2871             2.92768
8.87161             3.26547            0.538803
3.4846            0.870695             3.33597
-9.52675             8.59626            -7.21888
-2.76106            -6.68663             -5.1358
9.68965             5.00678            -7.57764
-5.28366             5.83468             10.0398
-9.27406            -6.96186             -8.3432
8.86348             4.48193            -6.59749
-9.12374            -6.31296            -2.30178
-2.99193            0.391443            -7.67855
-1.51981            -5.82451             7.51574
8.10099            -9.38565             9.72628
0.425859             8.35734            -8.60319
1.19814             3.62348            -6.18288
3.65115            -2.34919            -1.34114
-10.5608             1.06811             4.31504
-0.291309            -6.97849             9.12315
8.44417             1.87608             9.96066
0.212755            -3.83366            -6.20112
-2.31878             4.99425            -2.17184
-6.36871            -3.85467            -3.22052
-7.28987             1.16488             6.63186
-1.87495            -4.29958            -5.96873
-7.6522            -7.85432            -6.61244
1.67621             1.11146             -8.1393
7.91764           -0.579224             -9.0632
2.70606             6.54965             2.15895
-8.98593            -4.41602             2.55053
1.45184             6.87476            -6.16332
0.291571            -7.19132            -9.10976
-8.10364            -8.32669            -8.43279
7.81383             8.44699            -1.63629
8.45804            -5.29718            -8.88867
4.48926            -9.43578            -3.48035
-2.96318            -9.59042            -2.06599
-1.90189             8.95128            -0.85013
6.73046            -9.02527            -1.01284
-6.90288            -3.48371            -7.37583
0.603777            0.585269             -7.1571
-8.41047             5.55367            -8.98418
9.8262             8.53487            0.317029
-8.0638            -6.06844             -9.7331
8.0654             7.42746             -5.7512
-9.02912            -3.13555             7.27711
6.49865            -5.84881            -5.61167
7.61522            0.566025            -7.84422
-4.37494             -6.5467             2.00804
5.43633           -0.184381             6.28163
4.70077            -7.31102            -6.13392
1.13368            -9.35744            -8.02015
7.42148             3.46954             9.63215
3.97253            0.245103             8.10996
-4.29272              1.4974            -8.33785
7.20877            -7.17897             4.16372
-7.63036              5.9905             4.65533
2.48252             2.21434             5.75673
2.4109               9.084            -2.82464
1.25912             1.17326             5.57982
-9.13146            -9.24065            -3.78441
-6.00829             7.79452             8.05278
-3.07609             -9.4658             6.03338
-4.48357           -0.565111             5.80496
6.98926            -3.44243             8.32298
-7.47821            -1.64202          -0.0660844
4.90041           -0.620582             5.26053
-5.40698            -4.63383            -3.22968
-5.54587            -7.86639             -9.8528
-9.64558             4.43632           -0.344649
1.59753             9.21232            -2.82658
3.27962            -6.74442             8.01684
-3.72146            -6.14597             4.97511
-2.48636            -1.23834            -5.06931
4.31899            -3.49973             -9.8115
-9.7981             7.78472             1.04672
4.61966            -4.49411            -8.60352
-0.407214            -8.53508            -7.59535
0.199325           0.0745568           -0.649423
5.44493             4.12186             -8.9132
-7.92053             7.39234             5.06408
-7.5125             0.79734              6.3214
7.51607            -5.04634             2.42631
-3.48977            -5.27643            -8.39766
7.74186            -3.27761            0.488392
-9.90143            -8.62312            -7.47514
4.49506           -0.196101           -0.679221
-6.88255             5.80405            -3.57656
-1.8947            -5.67131              8.0536
5.95165            -2.41197            -4.12654
-3.0893             6.30845             3.57067
-5.48011             3.80565             -1.7697
8.32737          -0.0420437             7.14349
-5.3274              2.4828             6.64447
6.71351             2.65225            -6.15249
0.315234             5.99086            -6.92236
2.87852            -2.26022             2.95418
2.69329             -6.9015            -4.65424
1.92936            -5.87968              -8.021
-0.2948            -6.75361             6.90313
-7.96167             1.66179             3.12159
5.35458             1.08908             6.57729
4.14502             7.05004              5.8393
6.95848             5.06866            -2.14791
-2.67922             1.74239            -5.29346
0.506525            -1.50449              3.4709
5.58073            -9.69545            -3.39189
4.69028             2.07421             9.18397
6.6111             1.29831            0.417586
-0.804463            -1.52916             1.30524
-9.09098            -8.04699           -0.323775
0.732738            -7.82698            -6.38286
1.4059            -2.23549             5.38519
-9.39843            -9.33912            -3.47174
-9.34477             7.92214             -2.6962
-3.61286             9.11072            -8.86191
-5.63795            -1.03207            -2.83285
-5.20453            0.207499             5.25575
-0.885251             9.88577             8.13154
5.5745            -2.04375             6.14139
-8.216             7.91789             9.03236
7.77297             8.24733             9.94345
-9.24192             7.11316             5.10913
-2.83791             9.09486            -3.63256
-9.65487             7.15635             2.59646
9.50434             1.89033             4.80602
9.50509             6.94106              2.4598
7.69559             7.97469             1.30773
5.24556             4.20485            -3.66022
-8.1127             5.41452            -7.63743
-6.01522            -10.8888             9.25585
9.44616             3.32869            -5.92132
5.74618             8.26585              -6.998
1.19224            -2.97472              6.4688
-9.85194             -1.4985             2.81906
2.57154               8.539            -1.72893
-0.133645             9.32049           -0.186879
-4.54658              6.0104            -1.15191
9.47042            -8.49188             8.70926
0.165526             2.90768             8.59338
-7.39264            -2.42028             -8.5343
2.43348            -2.84437            -2.20415
-6.77416             3.47037             1.56721
1.93144             8.26648              8.8547
6.76552             2.84313             5.22686
-0.113159             1.47231            -5.96839
-0.654936             4.95032             -7.5725
8.78196             8.72607             4.34379
-2.32393             -3.6247             3.60974
-5.18329             2.40533            0.781646
-2.4718             6.94858             8.75422
-8.90934             3.74241            -4.28703
3.66846              3.0105             8.35135
-2.72065            0.104556             9.48384
-8.29992            -7.40516             7.92872
-8.80213             3.64736             3.91498
-2.00024             9.40718            -3.97622
6.60113             5.00458            -3.95661
-3.93344             9.16991            -3.22258
1.57988             4.53922             5.31959
8.42569            -3.21034            -2.07141
1.23254             8.78141             1.60826
6.06733            0.892168             6.70295
-6.81085             -5.2223            -8.46453
-1.83922             4.24592             10.1891
9.52023            -8.50954             1.28144
3.24585             5.08714            -7.13668
8.19337             5.74521           -0.235274
-2.73557             4.92347            -9.05223
4.16206            -6.09922              4.6771
-3.98566            -6.91119            -8.49123
3.6407             4.15883             9.96542
-2.65583             8.13206            -3.17701
3.98099            -9.09659             9.01752
6.72739             6.27227              1.2276
3.63996             4.33486             6.12535
-0.736678            -5.08278              4.7678
-8.63309             4.39367             1.45775
-9.74227            -6.77907             2.64398
0.693729            -9.00863            -5.70179
3.91495             7.37433            -2.16535
-0.495084             5.65605             6.72737
8.49497            -4.44935           -0.911309
-8.66629            -4.04003             2.38632
-6.13921             2.50806            -4.13478
3.64853            -8.76792             8.69594
9.97528            -3.36982             -7.6676
5.46207            -8.35287             1.49237
-6.75445            -3.07824             8.31144
3.19486             5.52358            -9.45667
2.28857             2.41468             4.61463
-7.89599            -6.04712             4.97625
2.27254             7.00025            -4.94699
6.85598            -8.88679           -0.485536
4.34613            -1.67196            -5.16361
0.27311            -2.24204             8.99303
-0.279304            -4.90952              3.0911
-4.77054            -1.71726             -5.8207
6.24796            -1.17304            -2.46609
-0.639024           -0.416746             -2.6074
-3.34892             8.42908             -9.1822
3.97832             -1.6163             9.13085
-1.34183             2.73668            -1.57563
7.51514             4.12665            -0.68036
-7.56187             1.49274            -7.26178
-3.3639            -1.92954             3.81003
8.65471            -3.29027            -6.83523
-1.52063             7.95409            -9.85686
-6.46907            -8.95353             -1.7874
7.82301             5.30311            -5.79479
-3.97931            -5.68727             -8.3914
-3.61304            -3.82498             1.06451
-3.56213            -6.82426              -1.028
0.805004             -7.0007            0.569817
4.3037            -1.91277             3.53202
6.26467            -4.59082             6.30682
4.92401            -4.02258            -2.84828
-8.43914             4.71869             2.54741
7.0854             5.16378             5.46108
-6.54635             -2.6838             2.10191
3.94194             4.44433             4.36151
8.82919            -2.91309            0.664259
3.05221            -7.00076             4.60743
-1.79242             6.22818          -0.0102313
-2.29939             7.46922             2.93801
7.19271            -7.90497            -2.63671
5.56311            -5.04716            0.585445
-0.779272            -8.12982             8.29049
-5.54643             4.94469             9.93192
-3.13614             2.39424            -9.63613
8.95735             7.22712             2.81632
-5.96551             4.33858             5.45274
-9.65405             4.09354            -5.55641
6.20839            -3.80827            -8.77985
5.56619             -8.6143            -1.33071
8.5811            -1.18873            -4.91108
8.03006            -2.53338             6.80392
-1.1657             8.36338            -3.14234
-0.492371             7.72395            -6.21462
-0.282671             4.13151            -3.67262
-1.4574            -8.13776            -2.61359
-6.9915             1.30894             4.76238
-4.71836             5.29663             1.56416
-6.46175            -4.03224            -4.43374
-6.09823             6.39767             5.66414
7.47169              8.6668              -3.325
-3.65318            -5.58073            -5.58708
-1.45423             3.18038             3.19534
5.03097            -8.86545             8.45366
-3.52643            -9.23317              -4.781
5.4886             2.50316             7.49771
-0.818148            -9.77562            -7.96074
4.41574             8.47733             4.70353
-4.61574            -1.90843            -1.57572
-3.30482             9.43447             1.13455
7.17091             0.97164             6.34095
-8.71463            0.468995             7.22963
-0.352477            -8.53926             9.80545
-7.22295             5.29201            -9.23594
5.05326              -2.936            -4.19317
-1.97459            -7.78697            -6.98117
2.42694            -4.92449            -5.98936
8.90401            -7.24595            -2.11539
9.11054           -0.170744             -6.7185
-4.50594            -9.87145            -1.23032
-0.0194327            -4.20121            -7.55339
-3.44821            -1.10286            -6.62272
-7.09473             1.25233            -3.08536
-9.45477            -1.00118            -9.84753
9.12054            0.581144             7.76751
-8.6177            -9.38921            -7.50432
3.18046            0.204349             2.09816
9.24492            0.660193            0.639047
-3.57993            0.197693             2.68487
6.14138            0.973645             3.34132
2.62396             8.54082             7.08296
-6.01078             9.14924             3.74144
4.26604             7.87479           -0.528874
8.75634            -7.96005             6.65563
3.95302            -8.74004            -2.00421
7.50236            -2.12402             -2.5554
-0.51461            -3.92153             8.76719
3.73634            -7.54309            -5.38237
-0.867618            -9.15608             8.13353
-9.17287            -9.36396            -4.05776
3.41804              2.5467            -9.09467
-8.22009             2.61811             2.41077
6.22268             9.16107            -4.97968
-7.59065            -6.01148            -6.17741
1.82175             3.41479           -0.564668
0.510053             8.72985            -10.8101
2.59108             4.37903              1.0505
-4.76067            -6.33975            -4.16042
1.17199             9.64013            -2.12317
-1.51446            -2.57504            -5.26274
-3.28146            -4.38359              6.4077
6.7781            -8.43963             7.11652
-0.393551            -4.25501            -7.70565
-5.39415            -7.70786             2.11932
8.46056            -7.43079            -2.00715
-8.51898            -5.86224             8.37246
0.12063             6.40628             2.14322
-6.57121             4.71819             -8.8507
-2.0916             6.65037             -1.2627
-7.76839             8.58438             7.20002
-0.607054            -9.97272             3.15335
-4.68645            -9.54547            0.773842
-8.16752             3.71614            -6.11045
8.59769             7.11442             6.28534
5.9031             7.36243             1.61361
8.35156            -8.49102            -6.11227
-1.62296              4.2704            -3.32326
-8.2319             3.22484            -5.06879
-8.18558            0.688408            -6.11231
3.11125            -3.75246               6.225
-3.38402             -8.2356            -7.62198
-9.84548            0.560915           -0.561036
8.61708              10.048            -5.55187
0.425048             6.28334             6.38025
1.20313             2.72796             7.07408
-0.0136419            -8.32595            -1.65355
2.49388            -5.60013            -1.96212
-7.64498            -2.86228              -6.121
-7.05111            -7.77092            -9.04403
-9.09958            -2.29115             -3.6154
-0.133667            -1.68884             9.40105
-0.420627            -0.53215            -6.96105
-2.0774             5.51963             5.60674
-9.71639             5.98999             1.42713
-9.38771            -6.13695           -0.822534
4.03627            -7.84893             6.98803
-0.470931             1.43453            -5.66049
-1.67493             4.52208             6.19386
-8.96098            -8.68824             4.78847
6.07513             6.62104            -9.27335
8.87426            -6.54714            -9.29629
-1.2             7.82406             1.60356
7.67594             8.82738             8.56387
0.568482             9.64272            -5.85477
4.80835             4.41182            -5.86038
9.22137            -1.70028            -6.86616
-8.67662            -5.24268             9.57249
10.0243             -3.0406            -4.33575
-2.343             -4.3316              9.1685
8.93394            -5.21521            -3.36114
1.58356             1.39613             -8.1726
7.7711            -6.21378             2.05527
-8.93763            -2.32493             8.49608
-7.98836             4.11519             4.79885
-5.94571            -4.73717            -5.76474
-9.63047            -6.77175             3.35356
-2.73179            -6.21204             8.16165
2.48785             5.01681            -8.75867
0.118012             8.79144             2.04433
-5.59879            -6.85524             7.34552
-7.24738            -6.81936            -6.12272
-0.439963             6.35674           -0.250648
-2.26838             1.86107            -3.20158
6.74758             5.34218             2.38032
7.28306            -4.82684             7.11922
-2.61281            -2.55513           -0.518793
5.64608             -2.0356             7.64327
4.75198             2.45737            -6.21963
-6.63528            -1.97117             4.18187
6.01879             3.54138            0.528113
-2.4714            -5.74566             8.56843
-5.81569            -4.47229              7.5361
-3.94865            -6.20282             5.86108
8.73028             7.88723           -0.938992
-0.531125            -5.40968           -0.795946
-5.74493            -1.01768             -6.3454
-6.80714             2.80901             6.89979
-3.29534             3.38707             2.23998
1.52297            -4.88249             2.32378
-8.47325             3.90994             1.50469
-2.69214             7.43998             3.16547
5.97674             5.58664            -2.74592
2.08577             8.41676            -5.13663
-4.47199            -1.51645           -0.477352
-2.87943            -4.24864             -9.3121
-5.53831              1.3707            -9.78199
-3.19125            -3.00882           -0.347198
-4.95742             6.81936            -1.15409
1.66614             7.02911             3.00326
6.66992            -9.06808             8.93624
-9.83729            -6.97601            -7.96681
-2.87385             1.78043             0.26792
4.81444            -3.03702            -5.87566
4.79399             8.63193             2.29873
0.942369            -6.58726            -3.17058
9.18715             7.42313             -6.9293
-9.66079            -7.25611            -5.37003
-9.90957             2.96682            -8.89829
3.59693             4.27524             7.80982
-5.70131             3.76166           -0.245692
-3.45587             4.52099            -4.01379
-8.31409             10.0595            -1.00349
8.6905            -1.06292            0.350751
-3.51162              4.5583             2.98086
-6.65488             3.40838             1.57871
4.50064            -5.07341          -0.0969959
3.07229            -8.60026           -0.596326
6.18391            -5.83461             4.98567
4.31271              -8.952             -6.0843
7.4274             -1.6991             1.41306
-2.8723             4.84007             1.10509
7.14032           -0.844941            -8.18807
8.0974             3.69938           -0.183499
-1.34497             6.28417            -6.24854
-8.11002             4.89093             6.27743
3.46751              8.2144              -4.488
-3.67178            -5.30386            -5.01314
5.32793             3.00184              2.3992
-8.57448            -6.00742            -2.66451
2.15633             5.41495            -9.71268
-6.10906              5.8948            -9.31391
9.64996            -6.10754            0.481332
-2.72304            -3.35251            -3.10307
-1.2829            -9.68033            -4.50881
-5.59641             4.38904             8.82425
8.28827            -7.86916             10.0276
-1.28436            -5.86553             3.02626
-4.40999            -4.50325            -6.49477
9.77148             9.77242             6.37462
1.2869            -5.49586            -8.36442
-4.70554            -6.24906            -9.88295
-8.35618             5.97197            -4.28432
2.10992             8.70601            -8.91182
-6.42996            -7.49237              0.8149
6.73541            -3.56135            0.833243
-3.90085            -9.25534             5.21627
-5.91433            -2.30883             9.19619
-8.34856            -5.77407            -1.71246
-3.85769             7.87788            -7.73372
-9.36196             6.13027              9.5218
-9.6248            0.871742             7.34778
-7.49319             4.39402             6.66936
-4.78069             9.08508             1.75755
6.12024            -6.84203            -5.36303
-2.91191            -7.53322             7.30159
-2.69528             2.30522              4.8006
-4.7781              3.7912             9.82506
6.85628             5.41352            -2.13038
4.47797            -2.91912             7.31167
9.59929             8.28398             1.21667
2.83888            -9.65795           -0.687512
4.94392              9.3024            -8.65602
-4.99729            -5.08523            -3.16644
-3.92946              6.5775            0.461234
-6.2892             3.06797            -2.16616
5.37598             4.64426            -5.93001
-0.50031              8.4666             1.84331
-7.22848             2.00163            -7.00803
-0.830079            -7.55555           0.0532121
7.46562           0.0507476             7.36418
6.36792            -1.81511             7.36829
1.31712            -2.99636              8.8906
7.67146           -0.942884             2.26878
-6.77778            -4.56795            -9.48236
-7.18788            -1.92804             8.60107
8.2864           -0.718241            -4.81112
7.83305             7.58619            -4.87656
10.0986            -8.01958            -4.15188
-9.28938            -4.87329            -2.87421
5.6381             2.83848            -6.47806
9.46365            -2.50307           -0.994806
6.73139              7.4348             3.67454
0.692937             4.16202             1.10889
-0.230586            -9.59679             2.86089
-9.59978             6.89846             3.80844
4.1729             6.75421             -4.2783
-1.31653              4.9102            -2.70158
2.46266             3.42944            -6.97428
-3.06713            -8.24726             3.11001
0.207677             5.04601            -6.95836
2.09064            -4.87677              4.2164
1.35353             5.78667             8.22733
7.26989            -6.63731            -6.19926
4.90801           0.0972497              8.4002
-5.1868             1.01192             -5.9172
-7.16779             -4.7989            -3.73693
5.10426           -0.689822             8.69184
-2.26082            -2.07066            -6.12842
-3.43358             9.95186             8.52887
-8.80822             8.24703             9.99168
-7.71056             3.37018            -6.04928
0.265227             4.40765             5.72348
-7.64318            -6.93592            -7.55114
0.677433             1.91994             -7.6524
6.63506             1.85428            -1.30876
-7.75043            -6.42364             1.89733
-8.10425             6.52931             9.56433
1.66671            -2.62837             1.63777
-4.57958              2.3914             1.72538
-1.98147             6.37966           -0.129115
-3.47909             9.27264             8.28825
-6.21072            -2.51418             2.57425
-1.97154            -2.46442             8.46252
1.6881            -5.79709             6.07584
-8.2281            -2.45054            -3.90422
2.94418             3.85178             7.63065
1.98849             2.92226            -1.04505
7.47226             8.01016            -6.72792
-5.80884            -4.86772             6.32614
-8.51508             3.28201             9.60576
-1.16173             2.15474             2.68127
1.61784             9.67299            -7.69981
7.77217             4.93666            0.539629
4.14487            -3.13093             8.19582
-5.68021            -3.64264            -5.49621
1.71647             7.13518              -8.913
3.11564            -1.88113              -9.254
2.42739             9.42471             9.69947
9.5109            -1.13235            -6.41442
-2.38173            -9.03681            -10.7872
2.84062            -1.02588            -8.78766
9.98937            -2.48406            -7.39281
2.42779            0.245068            -7.15555
3.22258            -4.44352            -8.16825
-1.33311           -0.525364            -7.77879
4.89209            -2.78482           -0.470771
-2.9268             2.84989            -3.26337
-0.702517            0.691795            -2.82965
-7.95091            0.526372             4.75355
5.25222             -5.2714             2.20922
-1.56406            -2.93808              4.1119
-8.58207             6.63879            -3.64049
4.46293             5.48641            -2.62072
-6.14572            -5.52914             6.15295
0.92976            -7.84962             -6.6502
0.896479             9.06867           -0.711651
8.10178             7.27912             9.46642
-2.50203             2.82167            -1.51025
7.39171            -7.00001              1.5063
0.0908172             6.02313            -4.29564
8.33972            -9.60395             -9.2735
-4.10853             9.66027            -6.55086
-3.45018             9.44782            -3.85468
2.21293            -4.00745             8.71839
6.6128             5.00692             7.51414
-1.23575            -6.91657             8.57849
3.21039             3.51611             7.99065
-2.4684             6.07605            -1.30855
-3.77143            -9.48229             4.01545
8.0195             2.56732             1.39455
-7.11117            -9.81713            -5.56784
-8.6292             4.19648            0.627974
-1.03975             2.27032            -9.82951
8.09381            0.192652             1.81121
6.10754            0.885274             2.87826
-4.135            -3.94888            -2.12531
3.58879            0.963614          -0.0788181
4.84505           -0.560134           -0.417788
4.62833            -8.13614            -2.95355
8.34181             7.19475            -9.13228
3.88316              9.7027            -3.66928
-7.62402             10.0309           -0.440295
-4.29434            -9.33701             9.39349
6.02793            -7.89535              5.7902
-6.77971              6.3268            -4.94708
6.49165             6.34353           -0.839255
-1.52595            -9.28178            -2.27479
3.71885            -6.68124            -7.23835
9.33872            -7.40435            -7.34344
6.75348            0.915077             8.17805
-3.12037            -4.36144             6.60589
4.10172             2.52597            -9.47548
9.76715             4.27009             5.03954
8.10405            -4.11712           -0.375306
1.19844             4.43152            -1.33411
-5.62499             3.96404            -8.95765
-7.6535             4.97497             3.10261
7.07475             3.15505            -9.55889
6.17766             3.58058             9.37464
-2.6908            -9.06663            -6.60756
2.07173             8.42023            -10.0728
-7.51256             1.09948             4.85112
2.14369             2.32173            -7.28067
6.92897            -7.57186            -4.58063
4.55708             1.60641             4.74109
-0.799755             5.51243            -7.73662
2.21984            -3.19532             7.12348
9.326              2.7542            -4.75793
-9.58871             -9.3704             8.21749
-6.67661             4.04648             8.86306
-5.61121             -2.1077            -4.76984
5.36284             -7.9485             2.97017
-6.74545             8.16277            -2.62077
-8.15629            -6.74586               3.287
-0.155543            -6.93323            -8.26286
8.04216            -5.39597            -7.45433
4.70913             7.68407            -5.60817
3.23715             3.44633             9.09795
6.51776             7.52662           0.0976257
-2.19689            -9.43787            -9.89779
-5.56791           -0.268955             4.45839
-3.41716            -2.20868            -3.39655
8.88451             5.54837            -2.45295
-8.9739             5.80096             -4.5367
9.82227            -5.84724            -7.49397
4.02958             2.88691           -0.942267
-1.52085             1.78084            -8.75492
9.09027            -7.01482             3.78464
4.57888            -2.70187            -1.54426
5.30778             6.22504             4.43128
2.77517            -7.05991             6.14574
-5.06275             4.71702            -5.75931
-0.831581            -4.97588            -7.48331
-10.0105            -5.49705            -8.58433
4.76127             4.53809            -11.0873
5.46137             1.03022              4.0411
-3.79449             4.84737            -2.91663
-6.54043             -1.6322             2.94209
5.5107           -0.384821             7.84166
1.81019             7.37526            -3.67708
4.25407          -0.0467003             7.56463
2.16219            -6.04822             4.22891
-6.99374            -9.60732            -1.63029
0.2337             6.34711            -1.60379
-2.40475             7.27427             4.36522
6.20647            -5.26738             9.93522
-7.96506            -6.79051             6.75631
6.63075             1.17416           -0.249865
1.04225             7.90267            -6.40923
-7.99459             9.40996            -9.73442
-4.1728             3.45357             4.11055
1.91319            -9.84176            -9.03192
4.81087           -0.381066             3.80288
1.01963             9.34935            -6.42423
-4.49191             6.27762            -9.11081
-2.49147           -0.722693             2.63942
7.80463             5.48529              3.4082
1.2642             5.26309             5.97543
-8.97496            -6.40235             8.78433
1.40581             2.53968             -2.7799
4.40077               3.768             4.32907
-0.71443          -0.0552669            -9.02099
-2.64707            -2.66695            -1.40838
-0.394825             8.38062            0.745723
3.26222            -9.99375             7.37378
9.77424            0.437925            -2.27107
-2.05551            -3.09433             3.86821
5.93846            -8.93597             7.19822
-3.59408            -6.21753               1.331
3.59643            -1.28492             7.52556
2.33564            -1.02041            -7.06607
-3.15343            0.761585            -6.98235
0.726932             10.0267            -4.77086
7.97439            -3.42656             3.30997
-6.51812             5.81519            -5.93188
3.62562            -8.35328             8.08707
10.0149            -7.44469             7.94496
-1.03673            -4.52145            -2.84167
-8.39498            -4.91908             3.37514
1.38089             3.43313             6.16685
7.87498            -8.79911             1.10943
-8.05343            -1.42898           -0.611332
-0.199748             8.87877             7.85849
9.93041            -3.32843             9.81062
-7.93606           -0.900884            -4.88569
-7.60696            -5.19577             9.07894
-2.41562             -9.0061             0.80806
-0.0211499            -9.31109             6.54745
-1.49695             5.47782             9.99893
4.20207             -6.4562              1.0636
4.58438             -3.3432            -3.04869
-4.8651             1.03149             1.63231
-8.37985            0.920667             8.34104
8.47687             8.13474             2.32126
7.27             -3.8832            -1.03871
-7.21303             1.91297            -3.47477
0.511259              5.3671            -9.11819
-6.15426            -4.63679             8.53538
8.04524             3.85964             6.13096
-2.35934             -2.4886             6.15057
2.55889             5.92903            -2.28668
-0.295999             5.26589             4.71616
-0.337222            -8.23763           -0.990347
-2.92829            -3.77441             3.06087
1.76368             -8.2733             8.58402
-6.17684             7.54427           -0.672332
-7.81585             -5.7866            -8.64585
9.36047             7.16626             9.99565
2.84263             3.30223             9.22899
3.2959             9.67636            -7.28817
-3.41546             2.03136            -1.82866
-9.72129             8.51089                7.08
-6.24943             -3.3009            -4.43335
5.49818            -9.23464              6.9609
6.54063            -5.32592            -3.36052
7.3537            -1.90436             2.72786
1.36941             1.34427            -4.00311
2.52096             8.58362            -5.64595
6.51144             6.83576            -5.17708
4.62276             8.37051             9.87728
-8.32521            -3.54909             6.51663
-2.73045             2.98827            -9.47618
5.11253             8.66198             2.59429
-4.91925            -4.78836             0.70159
-2.47816            -6.32488            -8.00972
-3.23656            -1.67745             5.68595
-9.01647            -9.70068            -5.74554
2.03462             3.74999            -6.20456
-3.24124            -7.02354             -1.7589
4.37999             1.05362            -9.02655
2.55061             -4.3498            -3.86153
-1.95998            -1.96571           -0.222077
-3.10358             4.60103             6.11805
-6.11812            -4.50198            0.836745
9.56352             -1.9331            -9.64278
-8.05209             1.53056             0.32305
-8.95582            -7.98735             8.88112
4.53526              3.1283            -8.69727
1.81352             -5.7059           -0.371568
3.80809             3.94838            0.901311
8.4998              2.2836            0.681537
-2.7019            -9.22276             1.25625
6.79578             5.72991             9.60005
7.32311            -6.84816            -5.31135
6.64729              9.7556             -3.3333
-7.48558             -8.5648             1.50222
1.59079            -4.75057             2.35032
7.42232             6.26576            -3.64996
-4.17707            0.430379             4.09711
-4.48153             -1.2648             3.92848
-1.44563            -4.62911            -4.71467
-7.01358            -3.21633             6.33537
-4.44341             7.33772             4.05345
-2.07556            -7.64735             2.70988
-4.52197            -7.80081             7.13987
9.40657             7.78782             6.24124
-5.77226             8.17507              4.2567
0.89921             2.16818             3.39796
2.97083            -4.75328             9.79581
-8.38697            -8.83317            -1.57278
1.52504             3.50731              8.6134
-4.54031            -6.36863             -6.9486
-2.25132             1.57858            -2.29263
-4.5688             4.02929             1.50813
2.49887             8.90628             7.97362
0.0351208             8.74037            -4.14605
0.639106            -6.40777             7.47676
-3.35734            -7.19502             7.64844
-3.27747            -4.30588             7.29556
-5.60278             9.29809             7.43763
5.22454             1.36446           -0.414965
6.32005            -7.45236            -9.34608
-8.38761            -6.47327            -1.25764
-0.39473            -8.54989            -5.16965
3.25154             7.63951            -7.82182
6.70869            -7.00576            -4.03772
-7.76741            -6.99043             6.05415
-7.5763            -8.19377            -4.95175
-0.136076            -9.76153             -4.7086
-6.16314             3.93615             4.11865
0.821416             4.24222            -4.20278
3.35412              2.0503            -3.81674
4.80235            -8.71216             5.86994
-6.43869              5.1709            0.169252
-5.00874             8.66357            -4.56086
2.72461             6.83395            -9.43223
3.70226             7.11652             5.49004
8.7325             5.33825            -9.33432
2.20138             3.28477            -3.74123
6.99774             9.57825             2.74108
4.52605             8.59137            -1.94418
9.13516            -8.51493             2.18944
3.72132            -5.55099            -4.99342
2.07805            -1.55118            -9.13449
-0.769086              -3.051            -6.92752
-2.79591             8.15327           0.0459509
-1.16604             3.84792             1.08173
1.90961            -6.03823            -6.85438
6.04872            -1.23675            -2.28192
1.76557            0.478297              4.5319
-4.24026             5.28302             6.77745
-7.5167            -9.30987            -4.57963
-1.9933             9.07486             7.38655
-8.86486             8.90596             9.58763
8.58092             6.83017             6.52929
-7.06653            -1.79467            -2.91547
9.85712             5.00012            -2.28799
-8.80258             4.03336             6.18087
-8.54855             8.22947            -2.05883
3.71381           -0.836289            -6.38832
-4.11452             2.84059            0.534088
3.28237            -5.32426           -0.363024
-8.55306              6.6316           -0.573705
8.76826             8.91189            -8.68755
4.25551            -1.20527             8.34767
-9.30871             1.77614             5.50316
-4.43551             2.48698            -2.30786
0.142267           -0.323345             6.92987
9.0855            -3.06192            -5.71367
6.58369             4.38855             6.80286
9.00966             6.39567            0.830091
7.77035             2.99461             3.80109
1.32974             5.95907             -4.7594
-3.3352            -1.16658            -2.12706
-7.74677            -7.52128              3.9736
7.93523            -1.67141            -6.76906
-7.87831             6.53187             1.14058
-2.17325              5.3876           -0.655115
4.41119             2.28936             4.29796
1.45724            -4.65567             3.53221
0.150066              1.5428            -6.75502
3.48554             6.99775            0.387497
1.08427             1.81219             2.20502
-3.90286           -0.570497            -6.28974
-2.57245            -5.52621            -8.46668
6.72238           -0.829645           -0.399235
-8.13358             1.45324             8.34089
-4.15507             3.28407             -1.0882
4.74339            0.549567             2.74616
-2.74415            -8.99344            -4.81319
-5.92826             8.47872             3.02931
-8.95641             3.81682             2.04727
-1.74247            -6.94428            -7.67181
0.0739153             2.38066             4.36605
9.87073            -9.19551            -5.31174
-0.606194            -8.81416            -3.99058
10.0016            -10.0004             7.02683
-9.85241            -7.09753             -7.1812
6.02557             5.79775             2.80202
5.73089             2.76615            -9.24671
-4.3956            -2.52699             5.13395
-9.04671             3.51373            0.524011
-8.03625            -9.61612             5.26814
9.60616           -0.714472            -9.19402
-2.39524             7.28662             3.92571
9.35781             1.30106             3.99205
-0.729194             6.30982             5.16543
-8.10007             -5.6249             1.34611
0.426249            0.349293             8.86868
0.936838                 8.5           -0.893808
0.917346             4.71641             3.61424
-8.94142             1.05509           -0.553463
-8.38205            -7.53926            -7.19979
-6.61942             9.49315              4.9966
-1.10272             7.68328             9.80213
-3.28602            -4.22247             5.96347
-3.73538            -7.74812           -0.565395
7.28777            -7.63635             6.79766
1.37447             -6.5348             5.56486
-3.03986            -4.97786            -8.50044
-7.68013             2.26074            -2.45236
5.11558            0.205183             3.99203
6.73133             6.00862             1.58486
-2.56491              7.8881             6.08465
-7.47147             5.56207            -4.41753
1.49352             8.33471             3.31094
-0.435277            -1.65599            -7.82936
9.69117            -8.54811             8.91603
-3.29357            -7.99813             9.96631
-0.65795             2.11704            0.478938
-2.10445            -8.88001            -2.53578
5.59878             2.28634            -9.37156
0.338242             2.56704             -9.5823
-5.75321            -2.66204            -7.55704
5.27849            -3.46873            -4.55032
9.17058           -0.218716             4.78389
8.53722             8.32307             1.63674
2.03292            0.151251              2.0418
-8.59659           -0.934046            -5.91665
4.32721             6.59096            0.789643
0.645525             -2.8586             1.59691
10.0612             1.75298            -7.00211
-3.57001            -9.23909             1.26919
-5.10011            -1.18813             8.99718
-8.45875            -5.22579            -4.09173
7.9706            -7.04503             8.58168
1.92492            -9.26019             7.27658
-9.72526            -5.84939             4.77799
-8.72056             3.11091             9.37293
1.13707            -5.24217            -8.35814
-5.53149            -6.62925            -3.38689
-5.68502            -9.31438            -7.32718
-0.40966            -3.38286            -9.26755
9.68095            -1.80316             7.47747
-5.95172            -1.57761             2.23988
8.74274             8.27762           -0.592221
2.98144             2.08038            -7.05133
4.93408            -8.27413             9.58072
-0.410371            -1.02571             3.52074
6.40138             2.79272             4.48604
-7.70726             3.48934             9.93879
-1.4831            -4.18988           -0.303038
-4.38159             4.82842            0.752234
-1.46157             1.21438             7.45712
-2.6586           -0.596862            -4.25243
-8.33251             3.67163           -0.681772
-0.190587             5.93032            -1.92755
-3.48086            -7.52969            -8.72083
1.71577             9.75196            -1.59104
-4.50367            -5.42489            0.349001
6.32666             4.35296             -6.7083
3.13309             2.00797             -1.6557
8.64819            -2.78272            -1.94506
3.46616            -1.30006            -8.61962
-9.75348              1.0501            -5.79142
0.859514            -9.53009             1.18725
-8.86582            -5.35695             2.01277
0.952598            -5.96301             1.69013
-9.033            -6.86864             4.19969
-2.64766            -5.06208            -1.99092
-7.5862            -10.3553            -9.25172
-1.64314            -1.56858           -0.668961
3.00951             2.54706            -3.38108
4.50824             6.78071            -2.54469
-5.73581             2.45935            -5.29044
8.88395             5.16276            -9.73925
-8.4343            -9.48373             1.17967
6.38454             4.34279             5.61408
5.78512            0.316856            -1.36579
0.731326             8.88567             1.13501
4.03096              1.4368            -4.34357
-1.77311            -6.94593             5.27193
7.62913           -0.421284             3.44951
0.276504            -8.05691            -2.54039
-3.42003            -9.32985            -7.15022
0.640096            -6.59398             1.41249
-5.20049             4.47243             3.61857
1.70277             9.49463            -7.76165
-7.04699            -2.77509             7.53971
-0.210088             8.48415            -2.54732
-5.73174             7.88648             2.95499
8.54418             1.57467            -3.36007
-7.7023            -1.41107            -9.08399
6.66634            -2.65795             -6.3126
-0.298924            -9.08898            -7.62042
-7.89541             3.16808            -1.98057
-0.777329             8.81675             3.56511
7.20751            0.246705             2.89949
-0.271627            -4.24764            -9.21788
-7.39181            -6.48887            -5.04658
-7.92738            0.981626             1.32458
-6.62461             4.30141            -4.78511
-6.85519             3.47921              4.4221
-5.11505             4.13808             4.07333
9.2913             6.56761            -4.05695
1.69546             7.72931            -1.61394
-8.11497             3.28094            -6.00558
2.75962            -7.54223            -5.34003
-7.8164             6.26517             5.84673
-0.650832             9.18621             8.76082
0.449958             5.47563             2.28645
-1.87207             8.29009           -0.721177
-9.1035             9.07824            -9.31462
7.58162            -3.63001            -8.11186
-8.92007             7.54271           -0.947995
2.68998             2.12657             3.09025
8.97222           -0.478046            -3.67867
-5.06801            -7.84422              7.2774
7.78419             2.13218            0.880522
3.32561             5.32531             2.02458
-3.45282             7.34336             7.81722
-6.79956             7.16772           -0.107707
6.2262             4.54932            -8.51483
2.43692            -9.61709            -5.87174
-6.29353           -0.617994             -6.5166
-2.41903            -4.11217            -7.57007
8.68577             1.44564            -10.3418
-3.08603            -7.53395            -6.64868
-1.58434            -9.17187             -5.3272
5.63984            -6.46527            -2.46664
4.57868              3.7486            -8.82746
-7.11614            -9.44876             9.88201
-2.70065              7.8384            -1.19955
-1.7119              2.1761             -7.6682
9.91517            -4.62201            -7.27477
0.570351             4.72252            -4.22245
-4.5051             -3.5252            0.458755
-0.142331           -0.698555             5.23278
3.93315            -5.21521             -1.3789
8.96            -3.49506            -9.26692
-6.7862            -1.06828             5.45499
-1.5579           -0.167773             5.32115
-7.63709           -0.801927            -3.28747
-4.54263            -5.95457            -7.20105
-8.32235            -1.43134             3.81155
4.91939            -5.68273             3.27713
9.8825             9.07417            -7.17218
2.22288            -5.33398            -8.08722
9.44892            0.706706            -3.69353
-2.66232           -0.593971              8.6147
6.60622            -2.02967             8.21819
3.53348             7.15407             -1.6473
-1.8197            -1.15718            -5.87474
1.18628             7.26701             8.68327
9.69907            -6.03295             -5.4851
2.95347            -6.80854             3.03764
4.2764            -2.37455             2.67165
2.96842             5.72463             3.19664
-2.6241            -9.30256             5.78756
-1.0652            -4.54758            -8.64632
-1.47715             3.78287           -0.579075
8.12571           -0.163758            -1.80148
4.99593            0.397475             7.29648
-7.21661            -9.58342            -7.50672
-6.42753             5.02279            -8.00418
-3.1976             10.0582             3.63167
5.94036            -1.06292            0.191703
-9.36959             5.26383             2.58066
3.01257           0.0354632              3.7028
3.20338             4.16587            -6.32721
0.501068              2.7277             5.58202
-2.89029            -3.49706             6.75686
-7.07533             6.43174           -0.634884
4.54824             8.86327            -8.87864
5.55746            -1.90623            -7.71925
-7.50508            -3.47092             4.30349
7.88657            -8.15479             -9.2203
-6.03162               4.635            -3.13009
9.43531             -4.6357           -0.979966
10.0447           -0.844574             4.35923
-2.6407            -3.30074             1.94441
-6.28743            -3.12174             7.13268
-4.38569             -2.8232            -7.10161
-5.40219              -2.972            0.886331
7.91479            -3.76391            -1.79725
-1.77249             1.33622             7.29739
4.79884            -4.98849             4.41446
-4.40658            -7.19327           -0.234344
2.67209            0.749882             7.62371
6.46559           -0.792694             2.24896
-8.19639            -2.82927             3.96491
-7.28114            -6.23828            0.232999
-3.83212            -9.85001             4.18508
-6.60593             2.55189             4.60741
6.8308             6.81957            -5.21341
3.28303             8.83876             9.75697
-1.59647             3.21326             7.46679
-1.56042            -3.42288             2.70063
1.2918             1.66771             3.69016
-6.54292            -9.24991            -5.23198
-2.47984            -8.79161             1.93524
-4.02325            -4.97427             1.37215
-6.97065             -5.5461             6.37062
8.50335             5.13212            -3.23623
-9.34883            -7.28554               3.835
-9.96772           -0.373129           -0.448519
-7.54981            -3.77697             7.37969
-2.0669             3.46171            0.660938
8.17626              5.7225            -4.26289
3.25662           -0.862974            -3.52515
8.47831            -9.15697            -5.05426
5.36442            -8.80981             -8.5607
5.75703             5.93782             4.86011
-4.09208            -8.20758             2.02469
-1.04811             -3.5241             -8.2042
5.44754            -2.29571            -8.30661
-1.89581             2.28074            -1.67413
7.20165             1.15469             8.84155
1.5108             8.72953            0.795911
9.74554             1.51056            -3.18996
2.076            -1.78127            -6.76249
6.17784            -7.03156            -10.3374
8.07189             2.44052            -1.30019
-9.50639            -6.15674             7.68446
-6.1067             2.94505             7.77792
3.79949            -3.54506            -7.64301
-6.65858            0.366116            -7.74345
7.94476            -5.39877            -8.44737
-9.41702            -5.55068             -6.3903
-2.91549            -2.42981            -3.23214
8.90543             5.54625             8.09066
9.70112             2.22874            -4.38545
-5.16441              1.1955             9.71321
-6.57452            -9.47908            -8.76027
4.71625             8.93087            -5.98467
-6.31261            -2.01122            -4.73421
-3.69914            -1.60231            -8.66179
-4.17729             4.59088             9.19836
5.07899            -1.78302              -3.254
2.87           -0.260234            0.811191
3.62211            -7.90949             4.13769
-9.02876             4.70302             2.88707
9.4462             2.97723            -6.33435
-4.7961            -6.02011            -8.06028
-4.08789             7.89947           -0.276719
9.95847            -2.56755            0.411695
-2.3829            -3.56523             1.22132
1.99401            -5.97827             9.00355
8.25975             1.27563            -8.27099
-6.08939            -7.21708            -8.43179
-1.04955             9.96673             3.37668
-8.1971            -6.76932             7.67467
-1.41111             5.30383            -10.0785
-0.716245             5.77696             6.58778
-0.429471            -8.53657             1.42046
-8.55343            -9.46239            -4.02659
9.89235             5.82128             9.66261
-2.00038            -2.66664              1.3104
3.03278             3.78755            -3.61969
-1.72043             -4.6938            -6.17841
-0.414508             8.59047             3.90037
8.44338            0.605596             1.50063
7.93586             2.19045            -2.11746
8.53624            0.641675             7.00582
-7.53446            -5.51696            -8.07659
-5.09742            -2.98379            0.991526
5.57773            -3.24796           -0.598651
6.03572             4.63119            -7.46911
-8.76606          -0.0833799            0.782499
-8.19036            -4.85089            -1.38622
-4.693            -1.84738            -5.56549
6.84019             9.93449              4.5314
2.5603              7.2781              9.8132
6.41255             4.48582            -1.83012
6.61313             1.48584             5.82577
3.84629            -5.73312            0.489588
3.1829             -2.1785             7.96508
-2.16756            -7.09117            -7.36263
-1.29875            -2.38757             -4.3792
-6.78667            -6.73832              2.1719
-4.83873             3.54955             -1.2411
-8.12602            -9.79151             4.65728
7.17369            -6.76628             5.57812
8.75524             6.69294           -0.994451
9.86509             -2.6967             8.11636
4.13639             2.65194            -5.94457
-1.41612             2.20137           -0.997161
8.23668             3.05472            -4.73225
0.419464             9.45057             4.39381
4.88962             8.14702            -7.51076
5.29053            -5.50148            -5.78772
4.21034             8.13613              5.7026
4.08738             1.29863            0.191381
-4.39124             5.73375             1.15636
-4.27979             1.19406            -4.33873
-6.0748            -2.83639             5.28654
9.89298             9.02764              5.2008
3.87681            -9.70294             1.87103
3.56754            -4.21679           -0.461233
4.0186            0.165668             7.87525
2.96038             6.31817             6.91928
8.96829             8.61465             2.19521
-0.630317           -0.145615            -3.35395
4.15288            -9.89287            -6.61985
7.69668            -3.09172             9.77153
-8.43313             7.75859            -4.90757
4.93113               5.318            -8.15182
-3.95303            -7.91308            -3.21985
-6.43979            -4.18428             8.82696
-5.58983              6.6383             5.83351
6.75462          -0.0258279             5.67544
4.71647             8.74019            -2.98045
4.48758             9.63923             6.49738
2.78387             -7.2945             7.94452
-4.15715            -2.82901            -4.67194
6.21618             1.67563            -8.46717
-4.42218            -9.90888            -4.93256
5.60323             7.47911             4.48078
-2.94849            -5.41371            -3.11492
-4.43931             4.86918             3.49574
-7.28423            -2.84575             3.69193
5.29799            -7.30762            -2.11174
4.9601            -9.64927             1.56111
0.911559            -5.05138               9.788
8.73736             3.98041              -6.866
-3.01953          -0.0174808             3.92173
0.722673             2.98411            -1.87042
8.90346            -9.88956            -7.09241
-6.24622            -5.65639            -4.69455
-7.19328            -3.31613             9.11307
4.18822              2.8831            -9.71778
4.94757             1.96456            -2.62815
2.96454             6.04957             5.57795
8.1299             8.63634            -3.61237
3.21568             3.00934            -5.02708
7.46681            -9.77469             7.56736
-5.47383             2.27661             8.48201
8.94562             2.12758            -8.69548
2.19262               1.056             2.86902
6.62356             9.27082             5.01279
7.6248            -3.01915            -5.71358
-9.3574           -0.963846            -5.85363
-4.32395             6.72059             1.59903
-2.29002             7.43244             2.10068
-2.98217            -8.52881             6.35019
-9.42713            -8.17291            -1.94464
-8.18145            -7.27352              2.0361
4.4469             8.05493            -8.00192
2.10762            -3.27813            -4.17545
9.90492             -3.8928            -9.57816
3.87134            -7.77227             9.14072
-6.76238              5.0576            -9.38713
-4.52608            -1.78987            -5.11908
-7.0677            -6.50126            -2.99807
-4.75688            -2.91971             -1.3869
-6.53567            -6.53024             1.65863
2.15966             5.73546            -7.89102
1.36746             9.53621             9.31997
6.01079            -7.89118             1.00515
4.98712            0.808727            -5.22248
-5.30033            -7.26183            -7.78333
-0.43662            -5.56602            -2.55214
4.58715             5.98082            -6.90932
1.46833            0.330635             9.11581
-4.91033             9.57751            -6.92827
2.97212              9.4178            -5.79213
-8.85734             7.07003            -7.81079
2.46718             8.85498             2.80914
-6.97201             3.29668            -7.24639
1.3985             3.55808            -2.71178
6.63687             10.0221             2.63165
9.16508             -2.0381            -3.75245
-8.17215            -7.32849            -2.68566
8.50224             1.13496             6.48957
-6.71204             3.03701            -8.12052
0.307342            0.839811             4.87409
1.3341             4.31901            0.159432
8.84428             8.34034            -3.86108
7.63043             2.35903            -2.84952
-4.67956            0.554338             6.36411
8.12875             4.73081            -2.48835
-6.57696            -9.54871             2.70465
8.80553            -2.89394            -3.15777
7.42589             4.89088             2.27782
-9.54601            -1.39776             3.89186
4.50538             1.47221             -1.4882
9.55476             1.49059           -0.961369
3.27549             7.78084            -5.08216
-1.05775            -9.67858             8.05258
1.84128             4.03612             4.54812
5.85514            -6.47629              6.9495
5.97635            0.756331             8.48982
-9.42622             4.92102            -1.82277
-9.01893             8.79921            -5.48705
3.20098             4.82281             4.41924
-3.59921            -1.68451            -4.65148
4.28272             7.86466            -2.72424
6.2141             1.25969             7.07278
-1.76549             9.60927             7.99406
7.71707            0.393876             -3.3056
-6.64712             6.25303             3.89488
0.178302             6.49247             9.63646
-8.43337            -8.72821             4.91573
-7.68651             -6.4397             8.52271
9.82339            -3.51555               5.736
2.97049            -5.92878             -3.3619
-2.58246            -9.69098           -0.024756
1.20197            -6.85951               2.396
3.73132             2.84462             3.46187
-1.11736             4.80758             2.62223
-1.17571             9.22337            -6.60305
6.68785            -7.86156             1.30817
7.32776             6.78695             4.14836
1.28112             6.69559            -1.48027
-9.85914             2.65539            -4.04391
0.797669            -7.44941            -4.20735
4.434             3.58797            -0.23313
-1.5078            -6.45557            -1.16372
4.92134              4.1245            -9.27556
0.619691            -5.20511             4.07246
-1.13047            -7.73351            -3.81022
2.23587             7.78245             4.93043
2.32273             9.84517            -3.96553
-6.09554             3.78209          -0.0203498
5.48419             5.84625           -0.566329
-8.44473             3.02276            -3.65491
-0.0657614            -6.56887             8.47805
-9.69514             9.57667            -6.79027
5.07987            -5.85539             6.17102
5.57867            -8.05242            -2.80548
1.71163            -7.76258           -0.925335
4.32093            -8.01695            -5.28992
3.64622            -3.10044             2.81101
-9.70768             5.28832            -4.34954
10.0212             9.55282           -0.619133
-6.28111             8.64017            -8.14542
2.71127              7.5104            -1.82242
-8.09882            -6.07116             1.02196
7.55765             8.20954            -1.35906
-0.685681            -6.51079           -0.957721
8.84289             5.44464            -8.43169
-7.23138             2.39667            -0.29065
0.344985             1.92848            -6.73356
-6.54685             6.96106            -1.23554
3.62248             5.93667            -2.08088
4.32158            0.935865            -9.73583
-5.54584             9.43689             2.92992
4.65473            -7.18624             7.11227
-4.57073             8.15777             2.34195
3.01924             5.46001            -8.76167
-8.49648             5.51535             9.79179
6.44137             3.37566             2.68872
7.13823             3.05812            -3.36406
-5.55232            -8.76597            -2.97572
4.09272             9.33244            -5.85172
2.97943            -5.85721            -9.13982
3.68134             5.63423            -4.81135
4.86345             8.06933            -5.63765
-7.33293            -3.34818            -9.75639
-5.69608             3.72648             4.14112
-0.614572            -1.39603            -1.68672
-4.158             7.96977            -7.10409
5.0915            -9.42065            -1.26083
-6.17261            -7.01771            0.419522
0.386667             3.05026            -4.53542
4.93021             3.04318            -5.22717
4.08592            -9.74828            -5.49648
-6.35173             -1.0336             2.54617
5.84442            -8.42969           -0.329338
-4.94538             -6.9415            0.809726
-3.23909             9.80618             -5.1079
7.62867              1.4652            -2.30174
9.36912              1.5233            -4.14511
8.43243             5.22863            -2.29214
-7.0784            0.573554            -1.14758
-9.78253            0.869839            -3.57571
-9.58093             1.01472             3.74376
-1.39922            -2.39688            -8.74756
0.802078            -6.07507             8.60402
-9.55469            0.309346             -1.9166
0.344037             2.99161            -3.88306
-3.57253            0.819029            -3.63776
-9.84501            -5.77882            -9.44358
-6.1664             3.01762            -5.45928
2.84729             1.27712            -6.43642
0.548985             9.77749          -0.0570453
-6.43499             -6.6177            -5.01059
5.86456             5.12252            0.096723
-8.6903             7.84292             1.56425
-4.0873             2.65659            -2.59943
8.19249            -3.14694              3.0991
5.17605            -0.40091             4.44986
-3.44473            -4.71933             6.10029
0.710618             2.61926             1.15524
5.25675             -2.4128             2.60463
-0.529071             4.23468             5.43396
-3.98006             2.41373            -6.94482
-0.536541            -1.96369            -2.89096
-5.67284            -2.10144            -8.70033
-7.49842             3.08748           -0.777928
7.99011             9.22494             1.54435
9.55537             7.67873            -2.55191
8.71036             6.45261            -3.20343
2.96443             5.35481             3.33847
-1.89219            -8.26872            -5.76818
-5.65788             -6.4914            -6.05322
-5.9876           -0.256055            -1.21069
9.00895             9.15649             7.20291
7.6279            -3.85544              4.8672
3.92719             5.12029            -2.38256
6.65743             5.67085             9.15222
9.04756            -4.27976             -1.3827
5.388             3.74457             6.28965
-8.80434            -4.22826            -8.16027
9.4939           -0.340727           0.0313937
-3.34236             -1.9265             7.52594
1.27431             1.22725            -4.29617
-0.542346             6.61985            -4.19893
-1.4927            -3.68176            -3.00625
7.79857            0.581951             2.29407
-9.51635             3.86768            -4.19143
3.14933             4.48305              9.1082
7.21414             8.67606            -6.69066
9.50823             2.68571             6.78223
4.90147             9.11215               7.091
8.90838             8.47406              4.2028
-1.67268             5.17892            -7.15415
-6.88941            -7.94409            -2.33902
-5.48254             5.86024             4.07359
-2.36059            -3.49106            -1.20873
1.74761             4.60431             3.68674
6.75917           -0.534913             3.34799
-6.333            -4.57733            -7.31046
3.11969            -1.35439            -3.79723
-8.51795            0.114242            -6.93631
1.07043            -3.09876            -6.07041
-7.3117             1.44424            -5.33544
-1.14257            -8.71088              2.5705
-2.43563            -1.62662             2.33623
4.15327            -8.33645            0.864098
8.25481            -9.10077            -7.62435
8.21762            -7.25276            -2.19097
1.24309             -1.7154            0.959049
-8.57325              -8.396             4.91822
7.72041            -3.41124            -6.07862
-4.2175            -6.99152             7.68706
-9.24694            -9.73754             6.84922
9.10753            -4.12067             3.74852
-4.3902              4.6669             9.83292
-4.92876             9.62705             2.02571
-7.43267            -2.85185           -0.545104
4.30797             3.09986            0.799015
-8.90655             2.80823            -3.22567
8.75453           0.0922535             1.88533
-0.837921            -8.18712            -3.60864
-7.98914              9.9091           0.0168716
-5.22379           -0.328045               3.961
-7.71457            -5.27621             3.34584
1.19875             6.03174             7.05323
8.04169            -8.38039            -8.92751
0.177452            -5.54161            -6.21636
6.0549             -7.9406             6.62028
9.85011             0.41952             7.81681
-8.98317             5.75699            0.429697
-7.65855             2.75255            -1.53721
-2.17027              5.4305            -9.77167
-4.75548             3.38819             6.33072
8.67823             1.64819             8.37565
0.584459            -3.53997             1.23774
6.82535            -3.23523             4.94148
-3.60505           -0.851847            -4.64937
3.77168           -0.961676            -4.42637
-1.57069              4.2248             5.34382
5.97553            0.589829            -1.71403
9.269             8.00445            -2.35019
7.72095             3.72795            0.313122
-9.76745            -3.91955            -8.08919
5.74029             8.72836             -9.3292
-3.58333           -0.139982             9.33704
-1.94071            0.243491            -9.72138
-3.21017            -5.80395             7.13596
7.99234            -3.84558             -7.5983
-9.1795            -7.54085             7.38921
3.65441            -6.32302             5.72907
3.79711             0.40035             -5.2491
-7.9613             6.35769            0.908879
-7.29121             5.34629            0.627824
-8.30692            -8.29725            -3.56011
-4.4805            -7.51221            -7.98367
-1.87993             7.65227            -3.41419
-6.13781             4.09985             2.66186
8.66354            -7.17614             7.92831
-6.65026            -2.36864           -0.705737
-7.39213             4.32064             8.25688
9.77342            -9.09436              2.8335
-7.38103             7.48617            -2.35643
-7.27217             4.01376            -9.07108
9.53104            -2.16331            -3.60794
5.76314            -9.03316           -0.671365
-5.6655             8.89339             2.97284
0.29037             5.45096             -8.3152
-4.82318            -9.96066             9.59723
8.41103            -8.80421            -1.96434
3.76773             6.17905            -6.05086
-6.69344             9.49237            -6.77749
4.47289            -1.90626            -8.37415
1.88022             8.51013             5.84571
-7.6856            -2.12426             5.84174
-7.45638            -3.57067            -1.80461
-9.31521             8.05184              4.6598
7.6819             2.67809             1.27267
9.18889             7.70761              1.3388
-7.99493             1.88291            -2.40645
-9.00926             7.26731            -2.92751
-8.34226            -7.89002             2.08817
-7.1062            0.884109            -2.52806
-4.7688            -4.64213            -3.70341
8.65087             7.30658            -8.80333
6.2278             9.01215            -8.50201
-4.69984            -0.25092            -6.89416
0.981567            -1.93365             1.63591
1.01011             3.62205             -7.2495
-6.28026             8.91916            -4.08706
-7.23886            -6.98553              7.2287
-8.54245            -2.37927            -1.29671
-2.88085             1.84428             8.29522
-2.52331            -2.89719               -3.96
-2.53355             2.15579            0.702831
-0.0350982            -2.89441             7.17481
-1.55224            -6.18589            -6.10923
5.96951            -9.90688            -8.26097
4.86772            -4.93235             7.95804
-9.35722             6.09291            -8.56562
8.12413            -8.93868             5.28948
7.08904             2.32484             2.03467
8.16783           -0.562661             6.55013
-1.89795              7.8562             9.11995
5.97985             1.19983             9.37734
6.62714             7.83251            -7.58367
-3.24439             -8.0082            -8.57019
1.03524            -9.60029             4.90825
1.52887              3.2937             6.43173
-8.17185            -3.98519           0.0344994
-4.85043            0.130368             4.65149
7.78277             2.84335            -3.02164
3.52704            -2.36813             7.98972
-3.13131             -9.9207             2.63841
8.88133             5.57538            -2.14593
-6.98869            -4.76572              8.4249
8.39103              -7.067             1.11032
-8.12826             -3.2399             2.06281
-0.411154            -5.30396            0.158542
2.48531             8.82143             9.07984
-9.92485             -5.4265            -5.15915
7.68207            -9.44677            -9.73326
-4.71164            -3.21538           -0.324157
3.1134             3.42491             8.27349
9.23903             7.46184             1.67772
-1.17308               2.593            -1.34638
2.92353            0.834067             6.20498
9.53795            -4.97391             3.58913
1.47286             7.69546             -6.0302
-6.77939            -9.60883            -6.64527
-1.13171            0.829823             6.97833
5.28352            -1.66563          -0.0227464
-9.40275             8.59595            -4.16572
-1.30708            -2.92339            -7.09256
-8.31693            -5.81551            -5.62893
-4.41458            -4.96364             3.20011
8.2592            -3.00978             9.24802
7.93425            -0.36938           -0.450636
1.98078            -6.47058             7.88997
4.79575            -6.72255           -0.505809
9.34182            -1.35076            -1.40306
4.23971             6.11737             7.53396
1.90874            -7.74807             5.97011
0.838438             1.46958            -8.21356
1.42257              6.2566            0.108902
-7.97891            -6.32524            -5.78566
5.28479            -6.47701            0.842212
-9.65206             2.45688            -5.87767
-5.2594              8.9684             6.13444
6.29756             7.82001            -0.25428
6.15069             9.02313             3.36585
-5.29825              4.3936             5.88402
-9.38975             9.92717            -5.69225
2.47063            -6.04941             8.34516
5.06728            -1.50902             6.11932
1.4847             7.90718             8.35817
3.3445            -7.74484             6.30283
9.92002            -2.00738            -8.48503
4.7052            -2.39616            0.610712
8.48362            -9.73398              8.3095
-6.97526             9.72476             10.0065
6.54647            -1.77314             -2.0008
3.36238            -9.58848            -8.63456
-8.55153             6.58515             7.45282
2.28604             6.30778             1.03221
-4.75444            -8.02657             -2.6638
4.38793             1.50958             3.76257
0.452879             9.93623            -1.79495
-4.25999            -5.57637             9.15284
6.66601             1.40182             6.51257
3.58476              4.8078            -1.43435
7.20246             7.26458             9.12438
-9.51601             8.66161            -8.57135
-5.23507             6.36168            -9.40011
0.118382             7.81822             2.09756
-4.15313             3.57827             8.63443
-8.43633             9.30995             4.86113
-4.25959            0.893034             7.86194
-6.04409             -2.3382            -9.77015
-5.81297            -5.57205             -9.0428
7.9728            -4.92979             4.77542
4.62675             7.25771             6.48388
9.87467            -3.57801            -7.22917
-6.07297            -9.22652            -9.50848
-4.84926             6.99181             4.94799
9.94641            -8.61241             6.05521
4.41487          -0.0468508             8.51796
-8.88413            -7.32941             4.93293
2.42459             8.66997             2.36579
-4.50461             1.59162             3.42489
1.95417             2.27876            -5.84197
-8.7179            -9.34146             2.75817
1.37984            0.315963            -1.94675
9.54059            0.384171          -0.0177541
-1.62779             5.72337             -7.2485
-4.72123             2.63577             2.03544
0.0888135             -8.8984              3.2406
-2.42205           -0.109397            -9.16422
-2.927             2.93203             1.82429
-4.91556             3.86103            -3.78231
2.53662             1.56705            -2.85982
10.0598             6.16705             7.85613
1.13378              1.5139            0.233678
-0.393758             1.40525            -6.77969
0.0935263             9.99529            0.241437
-3.29283            -6.94676            -5.68566
-7.3913             3.54732          -0.0413566
-4.72259            -7.26185             6.21467
-5.45655            -6.14377            -5.34726
9.84799             7.73244              3.6143
3.99773            -3.29401            -6.03797
-2.43117            0.322764            -7.47043
5.13296             6.27361           -0.974869
8.9274            -1.94568            -7.41584
7.918             8.14398             2.62724
-8.96127              6.5013             8.91703
7.38362             1.52695            -6.59179
5.90385              7.6524             9.24678
2.32439             7.99495            -6.77953
-5.08472            -1.12338            -8.04706
4.2677             -4.6742            -3.37702
2.59329             6.11966            -7.65625
6.66849             2.11153             4.18573
-1.26392             -8.4247           0.0876393
3.32041            -1.35628             4.54519
-6.47905             9.71703             5.13657
0.786638              5.1709             2.38405
3.0171            -9.74592             1.55763
6.95662            -2.14238            0.962013
-0.834718             6.97851             0.32248
9.75585            -2.49665            0.510804
-2.89184            -1.15008             6.33042
-6.52846             7.43695              2.1019
-1.94166            0.367494             4.71887
-0.326752            -6.51425             1.96778
-1.03015            -7.00574             7.67048
8.43429            -9.72725           -0.480646
1.70736             6.09305            0.147523
0.0327299             5.04961            -7.29346
-7.28592             4.27509             4.91042
-8.8192             5.98727            -2.91328
-8.55817            -1.28711             7.11758
-3.72086             1.30681            -1.64333
1.1358           -0.133329             7.51292
-5.69342             3.24716            -1.67071
-6.47345             7.32519            -4.41562
4.40213            -7.80015           -0.653754
8.44785            -1.40811             4.21171
3.19919             1.92362             2.68575
2.42231            -4.04462             3.09542
1.00004             6.38012             5.91148
3.58776             6.17135            -4.25142
-6.51452             9.88763            -5.68931
-2.7264             6.29109            -7.32267
-8.44439            0.212423            -7.91081
5.99184             -4.6805             4.64581
6.6642            -8.68019             7.41936
-5.56486            -4.44315            -0.94942
-6.70629             5.51922             8.50785
6.37205             6.04948            -0.50914
7.01291           -0.728627            -7.40234
-8.12038             1.56377             4.77609
7.16044             8.65847            -1.56024
-7.50565            -8.92537              5.5797
5.22585            -3.75599             6.77893
3.33613            -9.88571             7.07653
0.361822            -2.04496            -8.95768
9.70765            0.636623           -0.785955
-2.29956             1.31695            -7.52289
-4.61156             6.73901           -0.645942
-1.21022            -9.00091            -1.58585
-6.83109            -8.05667           0.0537439
10.0894            -1.68294            -6.25505
-1.90929             6.33985             1.63179
3.96516            -9.38013             3.83243
-6.68413             7.07439             1.62233
9.44651             4.98175             -6.1857
6.52868             3.76931            -2.71146
-0.91344             4.89929            -2.90158
-6.89801             2.90081              7.3393
-3.87001            0.873766              2.6546
-8.07758             8.64763             1.46543
5.3509            -7.66101             5.37912
1.63803             -7.0361            -6.77126
7.75463             6.48397            -8.04932
-5.85269             7.74892             2.41552
-5.16146            -1.39587           -0.105018
-1.69441             8.78892            -2.52371
0.525987             2.06705            -8.34694
0.796347             9.45931           -0.323099
9.41728             6.00745            -5.52298
2.46209            -6.51868            0.182074
-4.59997            -8.67597              8.8029
-4.06485             2.40006             5.07756
6.13931             6.72142             5.83083
-1.37155            -7.84822            -3.33578
-3.05056             5.14512             -9.5837
0.911057            -1.02553            -4.18952
-1.83091            0.533417             8.42509
0.921368            -6.11149             3.13354
0.725076              6.9595             1.60557
9.11589            -8.31802              -9.264
2.91395             8.27041           -0.621905
-6.60212             5.58552            -8.29038
5.7582             9.29627            -2.02369
-7.1224            -8.92131             9.27824
5.00165            -3.28383              5.5301
9.18077           -0.627292             9.17829
5.53112            -1.02881            -6.88941
9.37728             7.91775             1.57996
-7.61172            -7.82148             1.26265
-7.0675            -1.95057            -2.16322
-6.60017             5.01849            -3.78919
8.99927             3.40304             8.00521
3.2543             6.06911            0.936078
1.32314            -7.48435              5.1155
-6.04892            -7.48323            -2.37611
-3.97503             1.88115             6.83659
1.8929             6.14015            -3.81422
-6.68851            -4.32188            -1.54855
-9.42173            -5.93351             3.24891
-2.61678           -0.200276            -4.74805
0.503931             6.46879            -9.10465
-2.3382            -4.79818            -7.70416
5.01021             8.78461             3.38802
9.85087            -3.51721             6.60714
-5.20043            -8.79434              6.5814
-5.94627             8.87408            -2.08295
9.14595            0.589477            -1.27384
8.27066           -0.134316            -2.04136
9.37261            -8.32401              2.9972
3.33569             3.32452             7.13575
2.08976            -8.19752              5.7148
-2.45523            -2.30256             2.36445
-3.7405             3.51201            -2.84567
-9.3042             7.75839             8.44025
-8.47164             0.96821            -4.61242
8.43997             2.24033            -1.32366
-0.915652             8.12353             4.49994
-1.18184            -6.75672             5.80549
-4.6485             6.41219            -9.01113
-6.73992           -0.854414            -4.21339
-1.48483             1.76953             7.57134
-9.60177            -2.52595            -3.38392
-3.5221             5.57861             1.59169
6.25766            -9.74553            -4.53608
-5.30787             -7.1295             2.93534
7.76118             5.63711            -5.20582
0.660666            -2.25624             3.41601
1.1215            -5.21256             8.94653
-2.00442             5.82781            -2.41635
8.30538             5.83822            0.924059
3.15877            -7.00923             -4.8645
-8.64139             1.78192             5.29443
-5.62076             1.44436            0.113509
1.85258             1.94449             7.47486
3.23242             2.91388            -2.97935
8.34528            -2.88664           -0.464775
-0.810669            -2.85329            -5.08217
2.26423             8.94138             5.43349
8.99139             2.66945            0.261779
5.85273             4.55623            -7.68058
-0.0731982           -0.472215             1.86994
9.5476            -2.99512            -2.35715
-5.46679             5.63167             5.82753
-4.62491           -0.110115            -9.50565
1.16659          -0.0320933            -6.94055
-6.68053            -5.42326           -0.220299
5.36049             1.19234             -6.6804
-5.71851            -3.87189             8.35269
7.74722            -2.98873             4.25009
-0.755124            -2.16299            -4.16515
-6.52545            -9.49386           -0.506946
2.90063             9.24723             8.31448
8.00847            -8.04876             4.48943
-4.77028             2.35256             -7.9084
-1.94668            -6.71467            -8.64332
8.87684             9.58915            -2.99648
-5.12115             8.01058            -7.20596
-1.07607            -1.53205             0.53363
0.550417             2.23923             8.29292
-1.61767            -9.22053            0.721092
-6.04626             1.67612            -9.79593
2.34777             3.71626             1.22297
-7.06689            -8.91723               5.283
2.90588            0.515729             1.73962
2.43917             2.57418            -3.98073
0.154372             6.71521            -9.72036
4.75405             2.27773             2.16378
-3.64839            -6.11851            0.714699
-7.16339             4.44611             4.33495
9.52642             6.15206             6.12683
2.44978            -8.41071            -6.74724
-0.0597129            -1.12592             8.72353
3.61347             5.44546            -9.19566
-6.46671            -2.27127             5.24187
9.91848            -8.51315           -0.855991
6.53741            -5.35553             5.54477
9.95859             1.01147             -1.8195
-9.29692            -4.68753            -5.19281
9.41972            -9.21348            -7.84783
-7.12118            -9.38098             9.52815
5.18382            -7.36519             3.40925
-9.34318             8.89074             3.30239
2.07488             5.71199            -2.14842
2.46127            -5.14733              5.0338
0.345948             5.48222            -4.80171
-1.95321           -0.438233              3.9656
4.96797             7.83528             6.27188
-1.48245             5.46942             3.34833
8.58839            -7.50207             5.36263
-4.96977           -0.851691             9.78369
-5.38655             6.04781             7.35213
-3.19132            -1.07772            -8.26657
3.3007             5.86006             0.21377
-3.99982            -9.18247             4.81027
1.36897            -7.19426             2.70337
-5.28351             2.49682              2.8182
1.62533             -6.0934            -2.53922
1.02443            -6.01831            -2.32227
5.19392             7.02084             7.79912
-2.06798             2.29621            -5.94265
6.06401             -4.7065              6.9924
6.69545            -1.45048            -8.38062
-5.47743             8.66893            -1.96535
-4.70809            -7.54053            -9.74797
-2.58328            -2.71297          -0.0884399
-5.0927             5.94254            -7.91832
-5.37948            -5.59476             -2.6228
-0.329788            -7.79333             8.28476
-2.89388             5.85422             6.74267
7.19572             3.45285            -6.58075
8.58636            -8.20753             6.62892
5.9479             4.98526             3.29317
5.18773             2.36612             6.05166
-2.52084            -7.63524             8.25725
2.27889             -9.2458            -7.34919
2.28281            -5.97381           0.0227376
-9.06273             8.55474            -1.39632
9.38946             9.82415             1.22879
-0.813482             1.57519             2.69222
6.23685         0.000829025             5.26025
-5.1068             5.97075             -3.5269
7.7079            -7.34869             9.15029
-4.59656             1.65928             3.65057
3.95636             -3.4284             2.40094
-0.0134619             6.04681            -7.36847
-8.0042            -7.05181             5.88117
1.9509            -1.92074            -4.38014
3.4443            -4.09086            -6.69128
-6.84894             8.68367             2.22098
-2.04506            -4.46262            -8.59421
1.00999            -6.06777               10.01
-0.975453             6.48377             8.87228
7.56205            -1.63152            -6.59432
-1.61039            -9.02144            -6.26453
-8.34662              8.2885            -9.56574
-9.41356            -1.60091               2.151
2.63583            -3.36073             2.80822
0.266676            -6.54304           -0.101252
1.58667            -4.72361            -5.46913
0.833469             2.44605            0.150048
-0.307917           -0.674392           -0.990353
-8.82775             2.77727            -9.31746
6.37886            -5.56997             8.12068
2.27295            -7.48927             7.30221
2.73964            0.546264            -1.22683
0.259169             7.05898             1.66034
-8.35835             4.16551             2.95388
-0.400063             4.18109            -2.97831
-3.3255             8.76269             8.00482
4.38086             5.59429            0.843973
-2.88545             5.09098             4.50685
-0.639001             6.20926             7.15725
6.43499             5.32792             3.99329
0.759366             3.10095             1.07109
-8.44416            -6.39215              3.0094
3.55486            -3.77189             7.06772
0.840759            -6.56082             6.86033
7.74856             4.47404            -9.59176
-9.91983             7.81762             -4.8755
0.388226             -2.2099            0.582408
-4.21243            -9.21488            -4.68588
-4.87057             4.49859             9.22945
8.37517            -7.87582            -1.51109
9.55504            -8.77365            -5.93878
-9.04264            0.115769             6.44622
-1.29473            -5.67717             6.99744
-7.38318             6.49959             9.01768
-0.733593             1.41988             2.93071
1.8781              0.1859             5.84681
0.931665              4.9301             7.31758
-8.96616             2.59013            -6.65998
-3.04397             9.83007            -7.60669
0.569649            -7.77975            -4.62186
-2.50294             6.39506               9.377
1.65349             2.47346             6.35553
3.07501            -3.75218              8.0929
-5.51256             6.39497            -3.59575
-5.57978             3.31424            -1.64385
1.73984            -2.79772              7.6666
-7.32281             7.86447            -7.55972
9.12628            -3.93643             7.91863
3.38165             6.12333            -5.85536
9.94086            -9.28625            -5.81728
0.226464             7.30768             6.70832
7.12519              8.6801             -3.4243
0.150977             6.95439            -4.40125
7.31415             6.73534            -4.00463
-3.52559            -5.10426            0.593959
7.76095             8.25397            -3.05769
-5.22443             1.55816             3.50661
-1.64836             -2.6182             6.87541
6.51099             4.08526            0.397378
3.02237             -7.5597             7.59997
-5.47799             6.06055           -0.768923
4.08147            -9.55977            -8.02112
-8.01775            -5.09984             7.85731
-6.27996              1.3912            0.555562
1.74756             1.12521              2.8682
-3.99852             6.17117           -0.658587
1.75398             -5.4731             1.14382
-1.60281             7.29361            -3.76827
-9.6974            -9.12823             1.62192
-7.88425              4.6599             6.46661
4.90251            -5.41375            -1.09749
9.86344             -6.4231             7.92947
-5.02086             0.75694            -4.48476
8.31263             -4.2305            -2.46537
1.76156            -1.07739             -1.2024
4.024            -5.74016             3.27858
6.99076           -0.310114             3.81367
-4.54773             7.30612            -3.66771
4.05112           0.0453436            -1.31271
1.32955             8.78504             5.23262
1.93102             2.33496            0.979466
6.08278             9.58562             8.96721
5.52015              6.9628            0.589142
4.84676             1.49658            -4.67759
6.1527             6.62662             5.24873
2.172            -7.70264             8.51733
7.35399            -5.88202            -5.59604
-1.18353             8.50093            -1.39511
-2.27749             1.33509             5.62143
-8.56945             9.25926            0.233722
-8.23111            -6.86888            -1.16623
-5.17471             -5.3925            -3.24523
-3.61158             7.34809            -6.87069
5.12663            -7.78332             8.10464
-9.18071             6.26439            -9.57954
2.02629            -3.06578            -2.85942
