-9.19916            -4.65089             7.09599
-6.6398             2.05596            -7.02835
2.7549           -0.425902           -0.214846
-6.98171             5.42732            -5.67067
4.49977             -5.3253             7.94787
-7.44298            -7.76116            -2.59269
9.34573             1.86696            -2.74584
6.78129             6.66565              5.8092
5.43222            -8.72569             0.61665
-9.52242             8.76031            -8.24603
-7.54412             -2.7307             2.72305
5.93988            -4.53331            -4.35352
-7.90187             9.79416            -7.13565
-13.1457            -6.27737            -6.32687
5.13922            -1.27363            -5.40214
2.64928             6.78383              3.0573
9.43711            -7.37933              9.3336
6.23252           -0.761573               7.324
8.28614            -9.74499            0.557212
-4.39117            0.530612            -8.93357
7.84067            -2.63288            -5.67747
4.0937             7.85265              7.0673
-6.83294            -1.95052            -5.85976
-8.50664             3.59396            -9.13334
-3.03223            -9.86937            -8.50932
-1.76815             2.27935             8.40423
-4.80638           -0.762228             -8.7346
-1.00736            -5.82695            -2.98711
0.177754             2.84877            -1.00733
-9.78797            -3.65026             8.61688
-7.01254            -2.42782            -1.15765
-4.51112            -9.29391            -5.51573
2.31116            -2.23714             5.69333
3.54254             2.23022            -5.97651
-10.0943             1.39678            -1.35624
8.20756            -2.10163            -6.11848
-3.6666          -0.0446347             8.13279
2.30276            0.910528            -6.03149
0.510548             7.32858            -1.90927
-1.11716            -1.46782            -5.90168
-3.55666             7.96654             -7.2059
-3.22075             1.52464             4.02485
-3.01896            -6.57887             9.03735
7.48359            -6.54078            -3.71733
-3.57459             0.74223             -8.1273
-4.59671            -7.11991             6.13864
1.62221             10.0098            -2.72315
9.11099            -5.66389            -6.29636
5.29768            0.710868            -1.35286
-3.9026            -3.49991             -6.6387
7.42114            -6.20584            0.844292
-9.31579            0.454043            -2.94651
-1.84037             7.60208              5.3955
2.24464             -3.6194            -3.67338
-10.6259            -7.89961             6.77796
-4.78924            -6.76214            -7.27967
-2.71204             4.03746             -7.8042
3.90498            -9.82667             9.20346
-10.2947            -4.98805             5.65427
5.3739              4.9968            -8.12308
-0.659963              3.7641            -6.86822
6.12976             2.69968            -8.00506
-7.72497             8.26353             7.80843
5.52247             9.42882              4.5608
6.18454            -1.10496             8.14249
0.585511            -8.60104            -2.53455
9.9545             3.03846            -6.14069
-0.214614            -9.22513              7.4403
-8.77165             7.44516             3.99374
6.83286              10.222            -9.88127
6.43222             -5.6755             3.73253
5.93875             1.52961             6.96057
8.54046            -4.87573             1.37806
-2.04091             5.45181            -1.05797
-6.60805            -8.99628            -7.20454
8.33903            -4.74641             8.27418
4.32788            -9.54953             3.16037
2.52528            -7.39696            0.201425
10.2007          0.00930218             -2.2453
-3.64042             8.83896             -4.4146
-9.84491           -0.123316             1.02693
2.02064            -3.34124            -8.75804
-3.26449            -4.31522              3.0823
-0.807755            -7.29581             9.33189
9.20055            -1.05625            0.479137
5.60888              9.4561            -0.10957
1.12281            -6.31665            -1.10637
-8.38137             4.91704            -4.72401
4.60892            -7.85817            0.786854
-0.540481             5.97565            -1.36003
7.18774             8.47096            -1.44322
1.24232            -4.23133             2.75656
4.7365            -2.78886            -4.33525
-9.64255            -4.05648            -2.97747
4.03612            -4.82105             9.53575
3.99687            -5.82453            -2.08788
-7.90218           -0.456768            -11.8587
0.933569           -0.376934             8.26069
5.12582             4.54826             10.0992
5.63362            -8.49076             9.00403
0.959461            -5.11547            -3.66595
1.68825             5.32153            -5.30355
-4.12931             4.79894            -4.37405
0.557587            -1.85828            0.272697
3.98624            -7.13826            -6.80095
-4.04529             1.83287            -2.32914
0.582074            -8.64882            -9.37185
-0.17697             0.14854             -8.8669
-6.9316             2.08272             -3.6778
-1.09165            -4.48352             1.95588
7.71914            -6.71971            -8.47082
3.72886              7.3729             3.80121
-5.39317             2.90538             8.65383
4.71046            -1.23966             6.87506
1.61501             7.69035           -0.114288
7.38741             8.64767             1.82884
-2.76017            0.435847             2.19887
4.15628             6.07787            -9.42764
7.29991            -7.08509             9.03155
6.65124             4.00484            -7.83601
8.14726             4.51881            -1.30416
3.72846             10.1129            -7.28082
-7.29656            -9.78404            -8.49133
1.95345            -9.67898             9.62813
-8.80058             9.52687            -2.95556
-10.6727            -1.51747            -3.56024
-7.98751              4.6161             6.08706
5.68585             1.46628           -0.594851
-1.8305            -3.49746            -3.70438
-2.53926             1.16452              2.1464
-1.53117            -6.28125             2.98589
8.94723              3.3531            0.628418
2.56579            0.945673             3.39364
-10.8033             8.83695            -7.15869
-3.36376            -6.70811            -5.12529
9.77817              5.0438            -7.54074
-7.55961             6.01762             10.1362
-10.6871            -6.86611            -8.27413
7.81543              4.5348            -6.49004
-10.0236            -6.29994            -2.22215
-3.26141            0.406527            -7.75963
-1.7409            -5.97621             7.70824
8.23551            -9.58273             9.90978
0.511806             8.03724            -8.43993
1.2629             3.44815             -6.0271
3.74524            -2.29596            -1.26927
-11.8587             1.14766             4.38893
-0.129872            -6.69787              8.9678
8.57721             1.91645             10.1075
0.18991            -3.74445            -6.21302
-3.25543             5.05721             -2.1737
-6.21837            -3.76942            -3.12047
-7.49841             1.28575             6.70593
-2.22217            -4.28392            -5.94142
-8.22755            -7.80081            -6.55886
1.41946             1.10517            -8.07469
7.6316           -0.556519              -9.004
2.90028             6.61493             2.18821
-9.90597             -4.4164             2.51956
1.44577             6.82628             -6.0982
-0.403315            -7.13038            -8.99222
-8.09753            -8.35868            -8.57748
7.86015             8.47211            -1.85388
8.51307            -5.22647            -9.02411
3.54006             -9.1436            -3.43402
-2.88194            -9.59178            -2.00866
-2.28929             9.03975           -0.857924
6.89016            -9.00094            -1.01014
-6.82026            -3.47524            -7.39415
0.436879            0.609808            -7.12855
-10.7885              5.6626            -9.28403
10.1519             8.59658            0.272779
-7.92924            -6.10233            -9.81913
8.31762             7.50263            -5.76384
-10.1883             -3.1718             7.35555
6.70399             -5.8011            -5.58497
6.63091            0.572244            -7.74478
-4.43553            -6.51669             2.05068
5.50614           -0.200898             6.30299
4.8321            -7.32201            -6.08547
-1.06035            -9.24472            -7.92658
7.47387             3.41588             9.69042
4.07081            0.216635             8.13736
-4.54544             1.41877            -8.29783
6.49136            -7.09551             4.18421
-7.55695             5.98681              4.7694
2.56985             2.18192             5.84774
2.66201             9.11639            -2.70759
1.36546             1.23781             5.58075
-8.97092            -9.11304            -3.63862
-5.9523              7.8322             7.67545
-2.98636            -9.48969             5.98014
-4.43269           -0.517359             5.29842
7.11341            -3.40916             8.45256
-7.73235            -1.64593          -0.0265337
5.15926           -0.541823             5.53138
-5.57231            -4.62552            -3.29834
-6.11685            -7.78236            -9.74907
-9.65158             4.62681           -0.389991
1.61737              9.2133            -2.80384
0.0712792            -6.50386             7.90309
-3.5953            -6.15645             5.08199
-2.54469            -1.23558            -5.11365
4.50782            -3.48318            -9.75503
-10.713             7.91194               1.175
4.64325            -4.47943            -8.69204
-2.11675            -8.45189            -7.45062
0.172469            0.075994           -0.602274
4.76065             4.11682            -8.79871
-7.96106             7.55657             5.02737
-7.60792            0.750768             6.41897
7.64903            -5.02286             2.43861
-3.40721            -5.29095            -8.39973
7.92052            -3.30799            0.495473
-9.85699            -8.85625             -7.5092
4.65383           -0.115366           -0.631202
-7.39891             5.83102            -3.56671
-2.10097            -5.70773             8.15861
5.53224            -2.40686            -4.04388
-2.94049             6.19776             3.63968
-5.53823             3.86497            -1.82707
8.54392          -0.0914012             7.30356
-5.54994             2.51765             6.64298
7.03648              2.6267            -6.23965
-0.142192             6.09894            -7.59938
2.93135            -2.21856             2.63434
2.34071            -6.90524            -5.11268
2.01495            -5.85302            -8.10158
-0.323347            -6.69156             6.85878
-8.00242             1.65556             3.15585
5.46179            0.956841             6.65735
4.2129             7.06345             5.90534
6.82803             5.08503            -2.06132
-2.49437             1.81198            -5.20232
0.537091             -1.5191             3.49861
5.55124            -9.66977            -3.40552
4.81416             2.07203             9.23267
6.67554             1.07355            0.404288
-1.05572            -1.57046             1.31515
-9.32875            -8.02655           -0.225979
0.361307              -7.723            -6.31573
1.45695            -2.29674             5.42566
-10.3251            -9.56523            -3.49146
-10.311             7.85053            -2.57814
-4.06103             9.08685            -8.74645
-6.23541           -0.955841            -2.80651
-5.53497          -0.0433596             5.12875
-0.910386             9.86884             8.14965
5.75588            -2.00011             6.16758
-9.94774             7.51615             8.99263
7.74062             8.10194             10.0917
-9.12293             7.06848             5.19454
-3.21546             9.19439            -3.60846
-10.0092             6.92367             2.69458
9.31482              1.8086             4.82745
9.81445             6.98615             2.23728
7.69295             8.20119             1.45794
5.35229             4.21189            -4.85431
-7.99278             5.40182            -7.81399
-6.23099            -13.6231             9.50425
9.2417           0.0555347            -5.74007
5.81176             8.36838            -7.05333
1.27123            -2.99209             6.52722
-9.91245            -2.26548             2.87472
2.5662             7.24278            -1.55978
-0.143919             9.46863          -0.0837083
-4.3332             5.81415            -1.14428
9.58348            -10.4895             8.86035
0.301934             2.78371             8.63167
-7.34235            -2.84285            -8.51137
2.50283             -2.8278            -2.15731
-6.68553             3.45642             1.62609
2.05352             8.38979              8.9572
6.84758             2.84945             5.31475
0.00717564             1.65967            -5.78175
-0.50668             4.89689            -7.49794
8.86009             8.96485              4.3684
-2.22837             -3.4729             3.63794
-5.0627             2.40042             0.87933
-2.44776             6.93704              8.8216
-8.82901             3.13503            -4.28292
3.74518             3.14592             8.44971
-2.64133           0.0672351             9.57243
-8.39671            -7.56758             8.03936
-8.72804             2.33611             3.94349
-2.01536             9.51432            -3.95774
6.62904             5.15674             -3.9528
-3.82132             9.23848            -3.18629
1.67042             4.56745             4.80719
8.58833            -3.26518             -2.6085
1.36273             8.80937             1.53228
6.10903             1.02326             6.60996
-6.70795            -5.21198            -8.37285
-1.90099             4.22817             10.3823
9.55433            -8.59592             1.46011
3.44138             5.02609            -7.16541
8.25719             5.76943           -0.123865
-2.59346             5.02952             -9.0018
4.26117            -6.11405             4.74267
-3.83595            -6.74482            -8.32794
3.77739             4.19276             9.91592
-2.60294             8.25727            -3.12467
4.05967            -9.09861             9.11457
6.80555             6.25562             1.25832
3.71967             4.33738             6.19863
-0.594287             -4.9968             4.89485
-8.49573             4.36079             1.42449
-9.69161            -6.69258             2.78182
0.702169            -8.89326            -5.64626
3.937             7.39049            -2.18604
-0.414671             5.68056             6.75359
8.65919            -4.48234            -1.01899
-8.39352            -4.06848             2.25972
-6.13917             2.58241            -4.11983
3.82585            -8.75456              8.6928
10.204            -3.32304            -7.72428
5.33985            -8.11611             1.49856
-6.8255            -3.05909             8.49315
3.16675             5.59484            -9.36571
2.43196              2.4105             4.65134
-7.75378            -5.92785             2.78681
2.27669              7.0506            -5.45568
6.90916            -8.91067           -0.568791
4.43182            -1.67846            -5.30727
0.340928            -2.14025             9.01279
-0.232462            -4.94968             3.15949
-4.71158            -1.59557            -5.81442
6.33391            -1.06522            -2.42987
-0.596274           -0.405455            -2.54939
-3.27959             8.54302            -9.21278
4.19334            -1.63028             9.27557
-1.32229             2.74732            -1.57487
7.53709             4.13847            -0.55194
-7.39424             1.67548            -7.13926
-3.2407            -1.98235             3.87076
8.85749            -3.25912            -6.89058
-1.35479             7.84004            -9.70734
-6.39696             -8.9227             -1.6793
7.81922             5.35197            -5.71124
-3.90169            -5.69031            -8.37137
-3.55843            -3.73397             1.09869
-3.52507            -6.82592           -0.978125
0.840426            -6.99346            0.601554
4.4269            -1.90337             3.55322
6.1796            -4.47834             6.34198
5.07747            -4.01147            -2.88822
-8.28587             4.70332              2.6082
7.20343             5.20437             5.48279
-6.43011            -2.52855             2.00823
3.91211             4.47819              4.3763
8.75992            -2.92016             0.66989
3.14404            -6.92683             4.62636
-1.70855             6.23231           -0.235765
-2.38071             7.54638             3.04059
7.18413            -7.85281            -2.51943
5.6469            -5.10654            0.257554
-0.626346            -7.91073             8.21611
-5.59941             5.02506             10.1375
-3.13058             2.41438            -9.52918
9.15806             7.29898              2.8581
-5.83124              4.4241             5.43215
-9.76379             4.26666            -5.49891
6.15165            -3.70272            -8.61497
5.60138            -8.54597            -1.37245
8.52817            -1.07816            -4.82407
8.17898            -2.62853             6.98726
-1.03092             8.46594            -3.13717
-0.376021             7.63638            -6.12532
-0.14084              4.1418            -3.65045
-1.34642            -8.14343            -2.57738
-6.66911             1.31951              4.6805
-4.64285             5.30252             1.61063
-6.1744            -3.93252            -4.37694
-6.18783             6.43455             5.76737
7.40965               8.752            -3.22559
-3.57844            -5.62125            -5.59507
-1.42372             3.26351             3.23172
5.08718            -8.88575             8.53134
-3.48664             -9.1601            -4.68255
5.51805             2.46734             7.51155
-0.758628            -9.65104            -7.74791
4.43828             8.50262             4.76371
-4.51269            -1.85012             -1.5923
-3.22504              9.4495             1.15696
7.33865             1.09582             6.63587
-8.66779            0.482846             7.31991
-0.110622            -8.58233             9.92745
-6.98125             5.20036            -8.88078
5.05575            -2.85882            -4.13222
-1.87193            -7.74471            -6.87154
2.54052            -4.88366            -5.95762
9.06576            -7.20182            -2.00162
9.11628           0.0208034            -6.62752
-4.41115             -9.8154            -1.13718
-0.0120317            -4.15879            -7.49728
-3.3696            -1.13169              -6.506
-6.92676             1.22077            -3.14218
-9.49366           -0.840066            -9.86037
9.18454            0.568406             7.77741
-8.44238            -9.23238            -7.45423
3.17641            0.198117             2.13201
9.38398            0.651897            0.674889
-3.40235            0.171675             2.68726
6.17739            0.982307             3.31625
2.66203              8.5935             7.07521
-6.02595             9.32718             3.84278
4.27163             7.93559           -0.457794
8.89914            -7.89872             6.72667
4.04215            -8.61952            -1.96584
7.54232            -2.11677            -2.54158
-0.369613            -3.85172             8.84863
3.77331            -7.53378            -5.35471
-0.80488            -9.03689             8.04017
-9.12807            -9.34068            -3.92525
3.46925             2.56156             -9.0254
-8.15253             2.58881             2.50212
6.44298             9.28819            -5.47356
-7.45437            -5.95036            -7.57386
1.89748             3.49792           -0.778479
0.719512             8.75023            -12.6175
2.70906             4.39911             1.08837
-4.67046            -6.27874            -4.06148
1.23319             9.68158             -2.1621
-1.47812            -2.59985            -5.22421
-3.15108             -4.3151             6.32379
6.8597             -8.4445             7.16724
-0.229806            -4.12034            -7.67971
-5.37824            -7.66281             2.13754
8.41943            -7.26362             -1.8671
-8.52534            -5.92839             8.52541
0.154153             6.44162             2.29179
-6.4236             4.58631            -8.60804
-1.99699             6.64157            -1.22478
-7.90969              8.7526             7.22882
-0.602317            -10.0435             3.29267
-4.64401              -9.464            0.743774
-8.11047             3.59477            -5.98376
8.65799             7.23007             6.36341
5.99541              7.3432             1.73131
8.41798            -8.30801            -6.00373
-1.59917             4.29268            -3.30178
-8.1609               3.291            -5.01085
-8.08564             0.83538            -6.12389
3.1689            -3.77669             6.24397
-3.32477            -8.02405            -7.54735
-9.93087            0.599988           -0.470992
8.69322             10.3211            -5.59151
0.533336             6.12814             5.96116
1.35242              2.7515             7.21487
0.0346981            -8.40514            -2.27708
2.67606            -5.50981            -2.02802
-7.48285            -2.89135            -6.58232
-6.8755            -7.70178            -8.85376
-9.09357             -2.2501            -3.56375
-0.015432             -1.6921             9.46518
-0.355289           -0.533216            -6.96737
-1.92759               5.535             5.58476
-9.75596             6.16625             1.51428
-9.11837            -6.11512           -0.796405
4.11516            -7.81105             7.00076
-0.373823             1.42262            -5.59929
-1.63701             4.46722             6.26825
-8.85284            -8.67385             4.82867
6.19616             6.60537            -9.25619
8.67365            -6.30012            -9.13481
-1.24384             7.91457             1.61681
7.81128             8.88671              8.5534
0.582925               9.643            -5.73892
4.89695             4.36391            -5.79895
9.35565            -1.70406             -6.8243
-8.535            -5.18981             9.56347
10.1606            -2.93712            -4.35052
-2.2953             -4.1814             9.11726
8.97527            -5.22639            -3.31999
1.62988             1.50087            -8.10938
7.84071            -6.23042             2.04219
-8.66446            -2.20579             8.21561
-8.07549             4.14988             4.82735
-5.70089            -4.63212            -5.47087
-9.33677            -6.48387             3.36676
-2.56783            -6.15752             7.85941
2.51636             4.93213            -8.81577
-0.00155536             8.66932             2.11855
-5.57492             -6.7701             7.49897
-7.24809            -6.78369            -6.06683
-0.428734             6.19686          -0.0782111
-2.25986             1.85918            -3.21214
6.75676             5.37695             2.36933
7.20096            -4.59916             7.13297
-2.55059            -2.51552           -0.441718
5.67502            -2.08151             7.63943
4.96136             2.50547            -6.14127
-6.57617            -1.98607             4.19306
6.11043              3.1316            0.606843
-2.38845            -5.76774             8.55653
-5.79173            -4.38343             7.50128
-3.9311            -6.12734              5.8782
8.88628             6.85993             -1.0097
-0.429051             -5.4112           -0.756419
-5.57792           -0.887472            -6.28095
-6.68842             2.84699             6.94682
-3.25513             3.38651             2.27273
1.62653            -4.89537               2.406
-8.40955             3.82609             1.54096
-2.67814             7.42333             3.24705
6.00179             5.49631            -2.74726
2.00523             8.27388            -5.08595
-4.43375            -1.44987             -0.4398
-2.85288            -4.13091            -9.26957
-5.4147             1.24741            -9.65226
-3.06149             -2.9542            -0.36564
-4.9119             6.77155            -1.16013
1.71251             7.11188              2.7388
6.72316             -9.0617             9.09963
-9.72502            -7.01805            -9.12871
-2.83924             1.73452            0.365348
4.86025            -3.13476            -5.86244
4.82024             8.75848             2.35561
0.998393            -6.73608            -3.11977
9.25535             7.40581            -6.88227
-9.58771            -7.06746            -5.43415
-9.88483             3.07751            -8.84721
3.71327             4.37705             7.89798
-5.6984             3.83248           -0.240036
-3.3157             1.87662            -3.82673
-8.28616             10.1273           -0.859092
8.74824            -1.06395            0.428016
-3.4178             4.55142              3.0111
-6.47762             2.06587             1.58557
4.57541            -4.99889           -0.113942
3.11484            -8.52081           -0.529052
6.25892            -6.00609             5.19654
4.36122            -8.97015            -6.08711
7.49015            -1.72312             1.42347
-2.73452             4.90067             1.10468
7.28315            -1.59048            -8.27106
8.13528             3.73858           -0.149555
-1.26817             6.42161            -6.28416
-7.89055             4.85128             6.24615
3.57603             8.29367            -4.50725
-3.62477            -5.33263            -5.00533
5.37956             3.09477             2.44698
-8.42791            -6.03108            -2.71366
2.30304             5.27032            -9.78713
-5.87             5.90328            -9.40539
9.64367            -6.11989            0.510838
-2.6472            -3.33439            -3.91977
-1.28516            -9.64885            -4.46282
-5.33867             4.48797             8.81276
8.3968            -8.00156             10.1183
-1.14399            -5.82993             3.12485
-4.35558            -4.45938             -6.3217
9.90515             10.0133             6.67441
1.47821            -5.34372            -8.33879
-4.6725            -6.08085            -9.66204
-8.11846             5.95926            -4.05296
2.10371             8.81317            -8.76697
-6.33903            -7.36679            0.898626
6.78266            -3.51973            0.930301
-3.76214            -9.14165             5.25952
-5.77896            -2.23573             9.20259
-8.30716            -5.76228            -1.62468
-3.79052             7.89341             -7.7162
-9.34653             6.14676             9.55564
-9.47181            0.922635             7.16428
-7.53905             4.44811             6.72174
-4.695             9.05022             1.78347
6.1589            -6.73315            -5.39189
-2.71103            -7.38549             7.10882
-2.70326             2.28218             4.83674
-4.73867             3.79508             9.84469
6.97154             5.36781            -2.14978
4.51395            -2.77747             7.37799
9.70295             8.28745             1.31953
2.95017            -9.50753           -0.784069
5.24903             9.40064             -8.5685
-4.8889            -5.03571            -2.99861
-3.93749             6.59937            0.631821
-6.16011             2.98918            -2.42287
5.39367             4.64722            -5.87773
-0.381411              8.4688             1.89184
-7.18647             2.05782            -7.00783
-0.764759            -7.45625            0.139488
7.50968           0.0768425             7.34672
6.51335            -1.74908             7.48087
1.33059            -2.99469             9.01248
7.7335           -0.907393             2.31829
-6.48777            -4.67654            -9.31368
-6.92887            -1.87164             8.35625
8.39385           -0.645899            -4.85681
7.82935              7.6589            -4.89797
10.2066            -8.07603            -4.16239
-9.19006            -4.79201             -2.9446
5.76934             2.89196            -6.49921
9.49276            -2.51618           -0.962008
6.81933             7.46658             3.73322
0.751475             4.21945             1.09847
-0.105293            -9.61945             3.03571
-9.4314             6.86169             3.75227
4.28046             6.72362            -4.15947
-1.21693             4.88128            -2.60547
2.50876              3.4275            -6.96901
-2.90841            -8.16264             3.10575
0.340267             5.06681             -6.9609
2.09515            -4.79692             4.30895
1.30395             5.79872             8.30229
7.21437            -6.62213            -6.07507
5.02212           0.0705623             8.43658
-5.09655             1.07425            -5.85139
-7.16901            -4.76607            -4.50793
5.14913           -0.639591             8.75089
-2.20956            -2.04155             -6.4804
-3.33631             9.97588             8.57867
-8.8537             8.46159             10.2264
-7.48179             3.40876            -5.86368
0.2801             4.44854             5.78082
-7.44473             -6.8665            -7.41395
0.697717              1.9939            -7.65853
6.64679             1.84601            -1.31417
-7.65515            -6.28381             1.87978
-7.84581             6.46033             9.44809
1.70555            -2.67554             1.68855
-4.42477             2.44824             1.81333
-1.91625             6.38856          -0.0983996
-3.35308             9.23644             8.28835
-6.16827            -2.45962             2.61233
-1.95242            -2.48244             8.52364
1.78041            -5.75554              6.0682
-8.19441            -2.48386            -3.86853
2.93739             3.81879             7.71995
2.0407             2.92443           -0.977352
7.56971             7.95762            -6.67983
-5.68985            -4.84487             6.30798
-8.66118             3.31849             9.71714
-1.07373             2.11608             2.75438
1.67183             9.53354            -7.60001
7.81992             4.99859             0.65419
4.19714            -3.22795             8.33193
-5.57113            -3.53585            -5.39202
1.77973             7.00058            -8.62752
3.14549            -1.82698            -9.47085
2.47975             9.56289             9.93732
9.41524            -1.07467            -6.39421
-2.29463            -9.00743            -11.7057
2.76153           -0.892182            -8.69548
10.0781            -2.54007            -7.41562
2.45488            0.259819            -7.15151
3.28466             -4.2462            -8.03033
-1.26845           -0.523196            -7.70754
4.93971            -2.84005           -0.464298
-2.89815             2.82871            -3.29061
-0.649282            0.698359            -2.84735
-7.84767            0.586393             4.71907
5.30581             -5.3216             2.24246
-1.48068            -3.01592             4.11465
-8.53315             6.51797            -3.51028
4.5055             5.51743            -2.46417
-6.05605            -5.50487             6.34606
0.986561            -7.79735            -6.43602
1.02213              8.9535           -0.583189
8.18942             7.40866             9.57474
-2.50736             2.95421            -1.47715
7.51282            -6.99657             1.66987
0.28599             5.95632            -4.14479
8.19341            -9.39073            -9.12035
-4.09676             9.75811             -6.4852
-3.3362              9.4209            -3.87312
2.22468            -3.96611              8.7396
6.70658             5.09331             7.57527
-1.1244            -6.85143             8.75501
3.24101             3.62356             7.23163
-2.33794             5.93901            -1.16922
-3.71914            -9.29941             2.77097
8.0709             2.58708             1.51264
-6.92575            -9.75345            -5.61881
-8.58046             4.24081             0.75146
-1.0857             2.18389            -9.69722
8.17882            0.206459             1.82241
6.11267             0.86256             2.88627
-4.10745            -3.93854            -2.12003
3.60916            0.948301          -0.0333424
4.91791           -0.609272            -0.30424
4.69261            -8.15611               -2.82
8.55595             7.13735            -9.10645
3.9071             9.63873            -3.59009
-7.55848             10.2152           -0.428086
-4.27044            -9.45449             9.55895
6.10997             -7.8844             5.75437
-6.76193             6.17847             -4.7182
6.56574             6.39593           -0.739738
-1.50969            -9.26797            -2.22984
3.82499            -6.66165            -7.26662
9.24007            -7.32152             -7.2979
6.75658            0.875732             8.22382
-3.0076             -4.3793             6.67137
4.1369             2.48765            -9.38798
9.84692             4.39022             5.16751
8.21307            -4.11322           -0.326466
1.28128             4.39654            -1.30977
-5.40023             3.94264            -8.69307
-7.577             4.94135             3.14119
7.20483             3.26013            -9.73637
6.19681             3.63443             9.37524
-2.54236            -8.96952            -6.60533
2.18359             8.62994            -11.0251
-7.53693             1.14965             3.99944
2.05791             2.32802            -7.59463
7.09266            -7.64798             -4.5218
4.57494             1.61915               4.727
-0.673482             5.59761            -7.79389
2.23368            -3.19428             7.14088
9.53097             2.86116            -4.79515
-9.5006            -9.24359             8.13393
-6.71709             4.08734             8.94643
-5.63604            -2.10465            -4.71418
5.44331            -7.84621             2.86143
-6.54341             8.20825            -2.54109
-8.14812            -6.72559              3.3907
-0.129019            -6.81361            -8.04428
8.13911            -5.35118            -7.41983
4.73727             7.64623            -5.53855
3.34212             3.63296             9.35346
6.60589             7.60401            0.138539
-2.15608            -9.35512            -9.74625
-5.26773           -0.224095             4.34792
-3.40503            -2.21487            -3.33976
8.95318             5.58616              -2.442
-8.93871              5.7309            -4.37455
9.73846            -5.79093            -7.36261
4.11874             2.93706           -0.953281
-1.48431             1.80138            -8.71971
9.17356            -6.93268             3.68265
4.58444            -2.66288            -1.44597
5.29631             6.22292              4.4463
2.82382            -6.88042             5.93263
-4.89221             4.62976            -5.68114
-0.78748            -4.90419            -7.37084
-10.0604            -5.54812            -9.27061
4.70521             4.51013            -12.1776
5.51358             1.11481             4.13278
-3.73894              4.8563            -2.87243
-6.46605            -1.66823             3.06581
5.55643            -0.46977             7.78907
1.94214             7.36209            -3.63955
4.29983            0.105619             7.58199
2.21315            -6.00659             4.32358
-6.79432            -9.52043            -1.55865
0.350358             6.30161            -1.45708
-2.35226             7.23588             4.41197
6.36915            -5.31689              10.022
-7.78035            -6.87384             6.84715
6.71671             1.09365            -0.18383
1.11048             7.73428             -6.2348
-7.92786              9.4562             -9.7069
-4.14864             3.34499             4.02009
2.15368            -9.60666            -8.90938
4.80054           -0.275207             3.80235
1.17585             9.14069            -6.32154
-4.46478             6.23353            -9.01463
-2.40924           -0.616409              2.6595
7.79882             5.54499             3.44466
1.3638             5.10781             5.96655
-8.80586            -6.46045             8.73244
1.49817             2.56028            -2.71314
4.41329             3.77177                4.42
-0.61308           -0.246247            -8.98976
-2.62246            -2.62241            -1.47811
-0.277941             8.25452            0.691491
3.30327             -10.099             7.44934
9.91032            0.470273            -2.33175
-1.94171              -3.143             3.98122
6.10373            -11.1936             7.31579
-3.56424            -6.56763             1.35539
3.6301             -1.2895             7.67868
2.40615            -1.19179            -6.97248
-3.07477            0.355286            -6.91953
0.739939             10.1734            -4.69843
8.15529            -3.38809             3.36683
-6.51428             5.94786             -6.0523
3.71803             -9.5611             8.13791
10.0502            -8.27685             8.02276
-0.994195            -5.24626            -2.83286
-8.25192            -5.03233             3.33479
1.42326             2.98315             6.22864
7.93559            -9.05729             1.14667
-8.04958            -1.74772           -0.567986
-0.142733             9.08572             7.87168
10.0289            -4.62449             9.86605
-7.68488            -1.02812            -4.85241
-7.64209            -5.57138             9.13732
-2.33461            -10.2842            0.885706
0.0123432            -9.35326             6.58738
-1.35877             5.41306             10.0311
4.22073            -6.64622              1.1091
4.65257            -3.18185            -2.95087
-4.78607             1.00399             1.68035
-8.12643            0.660451             8.23483
8.53117             8.20828             2.33141
7.33516            -3.88191           -0.983649
-7.11028             1.80835             -3.4548
0.565089             5.44596            -9.72044
-6.12359            -4.58384              7.7509
8.05276             3.85224             6.31054
-2.36941            -2.46301             6.25109
2.61871             5.91175             -2.1596
-0.193848             5.32474             4.79281
-0.207097            -8.22326           -0.878798
-2.85402            -3.75993             3.09383
1.75806            -8.07413             8.42483
-6.21656             7.58788           -0.657017
-7.78916            -5.67074            -8.63124
9.44983             7.28226             10.0099
2.87131             3.35397             9.26512
3.41554             9.88036            -7.30433
-3.27776             1.92374            -1.80286
-9.66883             8.50874             7.20251
-6.261            -3.21227            -4.33539
5.63572            -9.34157             7.08215
6.49814            -5.35734             -3.2892
7.54147            -1.89737             2.83601
1.37547             1.45646            -3.91069
2.64543             8.64056            -5.63563
6.60426             6.93492            -5.16139
4.65919             8.49714             9.94772
-8.13622            -3.49341              6.3765
-2.68423             3.17835            -9.45011
5.151             8.66411             2.57514
-4.90142             -4.7487            0.698023
-2.40122            -6.23865            -7.92313
-3.20591            -1.72312             5.81103
-8.66841            -9.43701            -5.66803
2.17178             3.68448            -6.13859
-3.16569            -7.01515            -1.80134
4.36177             1.09262            -9.22466
2.61853            -4.32458            -3.96037
-1.87895            -1.89751           -0.207921
-3.01412             4.70225             6.21834
-6.18138            -4.47567             1.01947
9.53309            -1.83108            -9.41253
-7.95242             1.47865            0.400328
-8.82391            -7.84854             8.78496
4.58013             3.26871             -8.7521
1.90126            -5.69992           -0.351207
3.86745             3.97893            0.909225
8.54824             2.35355            0.684336
-2.5856            -9.12685             1.35134
6.91123             5.73425             9.69533
7.50048            -6.93303            -5.25452
6.84729             9.83049            -3.22704
-7.15937            -8.43029             1.69446
1.6661            -4.68085             2.40122
7.63096             6.24325            -3.65236
-4.02749            0.469025              4.0539
-4.48342            -1.26053             3.97376
-1.35796            -4.56122            -4.62419
-6.87363            -3.04936             6.29165
-4.34079             7.35429             4.04162
-2.03894            -7.62437              2.7624
-4.4529            -7.77872             7.23468
9.52257             7.77719               6.358
-5.65137             8.14038             4.35286
0.91499             2.22002             3.46514
2.93751            -4.70694             9.74802
-8.32771            -8.82391            -1.51808
1.58909             3.55284             8.69412
-4.59739            -6.38311            -6.94085
-2.21696             1.57373            -2.30808
-4.48751             4.03185             1.48517
2.49387             8.94927             7.99532
0.141667             8.84942            -4.14321
0.751206            -6.37099             7.50083
-3.23788            -7.00927             7.57463
-3.24351            -4.28305             7.30462
-5.6552             9.31097              7.4918
5.16968             1.37741           -0.334381
6.37464             -7.4288            -9.33436
-8.24495            -6.38377             -1.2764
-0.359321            -8.56924            -5.13654
3.28875             7.72597            -7.80542
6.79814            -6.96582            -4.03376
-7.62622            -6.77327             6.09076
-7.51947            -8.22134            -4.91196
-0.0816601            -9.79737            -4.59866
-6.11             3.86294             4.19416
0.83797             4.20085            -4.08498
3.35579             2.09924            -3.82155
5.00614            -8.83023             6.05495
-6.33031             5.05353            0.220402
-4.96561             8.48672            -4.38796
2.79654             6.91567            -9.41707
3.75124              7.0947             5.49719
8.85847             5.37655             -9.4117
2.23693             3.24676            -3.74217
7.01667             9.68757             2.76423
4.54059             8.70669            -1.91592
9.15618            -8.40029             1.92675
3.7228             -5.4659            -5.03551
2.10579            -1.55425            -9.36146
-0.641968            -3.05472            -7.06406
-2.70447             8.22285          -0.0461273
-1.07364             3.81572             1.10602
2.00351            -5.94794            -6.79459
6.09867            -1.22665            -2.21601
1.79226            0.521065             4.56184
-4.09369             5.29436             6.72148
-7.40635            -9.21204            -4.45391
-1.86234             9.04027             7.40117
-8.88264             8.98334             9.76579
8.6412             6.94807             6.62606
-6.94719            -1.54307            -2.71736
9.98855             5.08039            -2.19179
-8.6377             4.07202             6.31811
-8.49584             8.15599            -2.04549
3.87273           -0.763038            -6.41913
-3.98148             2.86083             0.59874
3.34083            -5.27747           -0.462974
-8.43226             6.57556           -0.576096
8.93197             9.07934            -8.88147
4.38937            -1.22182             8.35941
-9.30636             1.81401              5.4519
-4.47987             2.46344            -2.20306
0.129647           -0.324543             7.08955
9.00328            -3.04013            -5.59232
6.68625             4.40679             6.84102
9.01851             6.43964            0.937107
7.81752             3.00697             3.85805
1.36073             6.04551            -4.97597
-3.20192            -1.08879            -2.02018
-7.57224            -7.33541              3.6951
8.01403            -1.71425            -6.71638
-7.60532             6.36829             1.24402
-2.1807              5.3759           -0.678275
4.4533             2.33215             4.31079
1.55029            -4.70414             3.69092
0.221375             1.55625            -6.65874
3.65393             6.99174            0.491652
1.18624             1.87227             2.16478
-3.88502           -0.511834            -6.24746
-2.40111            -5.37886             -8.3486
6.77783           -0.847897           -0.437884
-8.0505             1.55379              8.2748
-4.17234              3.3999             -1.1293
4.80333            0.543529             2.78717
-2.50596            -8.82961             -4.8446
-5.74435             8.52257             3.11285
-8.96862             3.88319             2.11999
-1.71365            -6.83929            -7.42206
0.0400193             2.47702             4.40382
9.80354            -9.05204            -5.11042
-0.592927            -8.74085            -3.90367
10.1478            -10.0985             7.14544
-9.65491            -7.10879            -7.04827
6.08837             5.71738             2.94968
5.87275             2.80057             -9.2006
-4.11373            -2.56912              5.0452
-8.92796              3.5626            0.620461
-7.97108            -9.48711             5.05834
9.71131           -0.665363            -9.24331
-2.3966              7.2843              3.8053
9.43878             1.26461             3.96979
-0.576402              6.4105             5.19867
-8.03741            -5.59694             1.43817
0.550123            0.343583             8.96313
1.01297             8.46708           -0.720614
1.03287             4.82786             3.66027
-8.90459              1.1471           -0.436342
-8.22172            -7.29773            -7.08524
-6.56251             9.46926             5.05868
-1.03351             7.81743             9.85165
-3.26774            -4.09525             6.03502
-3.70863             -7.5609            -0.39137
7.45588            -7.56991              6.8762
1.43323            -6.43305              5.4644
-3.01774            -4.94647             -8.4759
-7.60367             2.24558            -2.46242
5.18592             0.22149             4.02472
6.71593             6.08058              1.6127
-2.54639             7.95002             6.13494
-7.24391             5.49582            -4.31533
1.53092             8.36556             3.35591
-0.439185            -1.65268            -7.80347
9.78488            -8.63778             9.00021
-3.16931            -8.04049             9.92445
-0.64338             2.07285            0.515962
-2.06104            -8.83545            -2.48052
5.7081             2.38589             -9.3879
0.39804             2.58612            -9.57546
-5.72112            -2.64749            -7.53597
5.30728            -3.39937            -4.47122
9.2056            -0.27973             4.80662
8.62462             8.45769             1.68149
2.13897            0.132128              2.0575
-8.55104           -0.902451            -5.63117
4.38387             6.50433            0.917365
0.649086            -2.90187             1.72056
10.1232             1.75793            -6.93229
-3.50653            -9.02564             1.33837
-5.07827            -1.35662             9.04037
-8.35957            -5.12785            -4.03313
8.02632            -7.05199              8.5751
1.98334            -9.17835             7.24265
-9.70317            -5.84914             4.81908
-8.6178             3.10276             9.33687
1.21047            -5.20599            -8.24259
-5.45837             -6.6121            -3.41142
-5.62002            -9.31376            -7.24717
-0.27896            -3.42104            -9.04988
9.70903            -1.76792             7.43082
-5.8383            -1.43475             2.14671
9.04109             8.41758           -0.589665
2.98048             1.97616            -6.98673
4.96684            -8.25092             9.58789
-0.406916            -1.02708             3.52583
6.43689               2.566             4.50235
-7.61503             3.39007             9.90798
-1.47803            -4.12796           -0.335773
-4.28691             4.85135            0.780028
-1.4576             1.18047             7.52654
-2.56674           -0.584292            -4.14739
-8.28295             3.67572           -0.576352
-0.11711             5.95525            -1.87685
-3.37161            -7.41225            -8.63616
1.70289             9.75482            -1.59215
-4.35018            -5.24506            0.446219
6.36806             4.36137            -6.83336
3.19742             2.04949            -2.23547
8.65005            -2.74775            -2.51942
3.49275            -1.65177            -8.59676
-9.50003            -2.05751            -5.59875
0.892365            -9.60004             1.24605
-8.69387            -5.33369             2.03164
0.988734            -6.32504              1.6873
-8.97535            -7.55863             4.25604
-2.65801            -5.25501            -1.98214
-7.40762            -11.9729             -9.0419
-1.64413            -1.76955           -0.656009
3.0302             1.70707            -3.28859
4.59787             6.92591            -2.51783
-5.70084             2.50468            -5.27806
8.89524             5.20628            -9.72835
-8.13373            -9.03375              1.1737
6.40752             4.43328             5.66772
5.81049            0.162732            -1.33513
0.769859             8.93702             1.20277
4.12618          -0.0353841            -4.21771
-1.70782            -6.91231             5.35741
7.61125           -0.313328             3.51538
0.255151            -8.81648            -2.59922
-3.2744            -9.26822            -7.12108
0.69104            -6.67878             1.53475
-5.09615             4.54837             3.57229
1.72119             9.41877            -7.63337
-7.05311            -2.71826             7.55895
-0.17758             8.66728            -2.49453
-5.57061             7.97265             2.94396
8.63346             1.66452            -3.37265
-7.60743             -1.2386            -9.15032
6.67203            -2.64766            -6.59236
-0.201281            -9.12317            -7.88717
-7.7963             3.14974            -2.17779
-0.715475              8.8629             3.75874
7.31481            0.288623             2.96228
-0.211177            -4.08509            -9.04031
-7.3314            -6.46193            -4.99873
-7.85588             1.04756             1.30832
-6.60511             4.44932            -4.92285
-6.64498             3.50938             4.37164
-5.17102             4.18981             4.14926
9.22985             6.56021            -3.85464
1.74686             7.86704            -1.55365
-7.96128             3.19923            -6.01745
2.83172            -7.49586            -5.28042
-7.55801             6.12186             5.76497
-0.602023             9.30032             9.02305
0.565402             5.49439             2.34819
-1.80346             8.32133           -0.588382
-8.93536             8.97768            -9.09437
7.71708            -3.61128            -8.08705
-8.762             7.61012             -1.0206
2.69534              2.1659             3.16273
8.99134            -0.34767            -3.58016
-5.00998            -7.79225             7.45322
7.74248             2.13135             1.01195
3.42983             5.25503             2.06286
-3.28131             7.46646             7.79098
-6.85134             7.24532           0.0425167
6.18362             4.67759            -8.35576
2.52097            -9.53151            -5.80076
-6.24131           -0.623473            -6.58963
-2.5007            -4.09459            -8.33623
8.66872             1.53249              -11.31
-3.08263             -7.5298            -6.99943
-1.54849            -9.08907            -5.30526
5.68201            -6.52399            -2.40834
4.68166             3.84051            -8.82389
-7.12048            -9.23897             9.75645
-2.68257              7.8602            -1.11535
-1.69608             2.24217            -7.65284
9.9667            -4.60625            -7.16626
0.703726             4.66026            -4.22994
-4.3197             -3.3653            0.415457
-0.142083           -0.762221             5.28933
3.93443            -5.20618            -1.33174
9.10041            -3.50371            -9.27718
-6.62786            -1.02985             5.35334
-1.54902           -0.180043              5.3351
-7.53338           -0.640547            -3.22127
-4.42043            -5.76215            -6.98032
-8.18704            -1.31124              3.8007
4.98929            -5.78015             3.32072
9.82391             9.13784            -7.14727
2.33851            -5.35411            -8.09357
9.45526            0.776178            -3.65796
-2.63828           -0.584809             8.71228
6.6827            -2.00463             8.29853
3.68868             7.10651            -1.58314
-1.77609            -1.12225             -5.7028
1.11198             7.38062             8.88513
9.61705            -6.00991            -5.40935
3.03957            -6.75215             2.99288
4.32728            -2.28311             2.02965
3.01221              5.7526             3.36082
-2.54934             -9.3134             5.90918
-0.925746            -4.50314             -8.7672
-1.44492             3.70334           -0.497137
8.20776           -0.165624            -1.85326
5.00575            0.334616             7.35058
-7.06653            -9.42879            -7.49053
-6.31144             4.97508            -7.90311
-3.22264             10.1973             3.80954
6.04668             -1.0486               0.252
-9.31022             5.19495             2.62621
3.01796             0.01841             3.69699
3.22969             4.24533            -6.33744
0.524166             2.74297             5.60884
-2.86691            -3.44959             6.76803
-7.01892             6.37407           -0.537409
4.66532             8.93256            -8.92921
5.59412            -1.85088            -7.69734
-7.5853            -3.48763             4.44209
7.68202            -8.06035            -9.06036
-6.07584             4.74826            -3.04314
9.43316            -4.64992             -0.9393
10.1388           -0.852379             4.36471
-2.53152            -3.26436             1.87868
-6.31462            -3.09067             7.25048
-4.32892            -2.72547            -7.03597
-5.40036            -2.93291            0.976372
7.82457            -3.63449            -1.69827
-1.77828             1.35695             7.36675
4.79701            -5.00839             4.46456
-4.30368            -7.06936          -0.0473644
2.7098            0.760333             7.76225
6.52602           -0.751811             2.30956
-8.02333            -2.74853             3.84319
-7.20041            -6.21095            0.327416
-3.72752            -9.75097             4.16028
-6.67486             2.61987             4.72069
6.74163             6.89439            -5.11536
3.34828             8.91862              9.8001
-1.53251             3.27124             7.52043
-1.50577            -3.34053             2.77572
1.31886             1.65549             3.71765
-6.39893            -9.02037            -5.05364
-2.50117            -8.71997             1.93389
-3.9544            -5.02235             1.47347
-6.79517            -5.53562             6.29994
8.6169             5.20304            -3.21774
-9.26859            -7.21676             3.76108
-9.97005             -0.3498           -0.408047
-7.28168            -3.85572             7.24546
-2.06856             3.50059             0.72009
8.13344             5.72545             -4.0603
3.30001           -0.765686            -3.46791
8.47694            -9.09345            -4.97321
5.48952             -8.7687            -8.49726
5.87716              6.0923             4.93895
-3.99226            -8.15949             2.12186
-1.00225            -3.37206            -8.02558
5.53473            -2.34814            -8.19752
-1.75384             2.29164            -1.62646
7.30938             1.19297             8.94196
1.69384             8.81769            0.855066
9.81336             1.52257            -3.12168
2.27509            -1.72427            -6.65352
6.30519            -7.14699            -11.7139
8.22319             2.54047            -1.25195
-9.44881               -6.12              7.7431
-6.01377             3.01188             7.74349
3.95068            -3.51893             -7.5697
-6.5152            0.529144              -7.655
8.1729            -5.34255            -8.36914
-9.32084            -5.53936             -6.3335
-2.90633            -2.46003            -3.22669
9.07904             5.58795              8.3307
9.84704             2.30898            -4.31977
-5.01582             1.23182             9.69713
-6.29728            -9.48894            -8.50644
4.71537             8.95161            -5.96838
-6.25345            -2.03505            -4.68175
-3.71974            -1.52275            -8.60041
-4.27181              4.5641             9.27894
4.99775            -1.79267            -3.16989
2.93376           -0.274752            0.813017
3.76214            -7.75076             4.20964
-9.12291             4.74724             3.08036
9.32626             3.01365            -6.20158
-4.67333            -5.99034             -7.9588
-4.04465             7.84659            -0.27345
10.0623            -2.53642            0.382136
-2.21178            -3.54501             1.19848
2.00906            -5.96169             9.13363
8.23349             1.31177            -8.12792
-5.9549            -7.02545            -8.35802
-0.946573             9.99714             3.31791
-7.93655            -6.70605             7.33505
-1.31785             5.50177             -10.256
-0.789263             5.87525             6.57965
-0.354783            -8.51624             1.29656
-8.39118             -9.2986            -4.21435
10.028              5.9216             9.81544
-1.93277            -2.62064             1.33206
3.03932             3.79353            -3.55271
-1.5379            -4.74109             -6.0376
-0.371673             8.57284              3.8976
8.50115            0.606418             1.53322
8.00334             2.26795            -2.05314
8.72269            0.701043             7.13295
-7.32918            -5.32855            -7.81027
-5.08046            -3.01013             1.10068
5.602            -3.28613           -0.529778
6.11631             4.55624            -7.48734
-8.67011          -0.0342526            0.831907
-8.1504            -4.81484            -1.26993
-4.55552            -1.82106            -5.51707
6.90185             9.96515             4.59039
2.67333             7.24646              9.7848
6.46932              4.6047            -1.80042
6.81517             1.58757             5.87908
4.02985            -5.64987            0.567402
3.28121            -2.10431             7.98619
-2.00556            -7.05148            -7.26921
-1.29614            -2.33418            -4.37245
-6.70041            -6.68009             2.23977
-4.71797             3.55372            -1.22868
-8.07167            -9.82326             4.79016
7.17885             -6.6255             5.49723
8.89729             6.60245           -0.965517
9.85748            -2.60712              8.2737
4.22385             2.71573            -6.00921
-1.30365             2.16919           -0.906227
8.32293             3.11189            -4.73531
0.45463             9.51304             4.46245
4.99526             8.19615            -7.47178
5.32615            -5.42783            -5.62067
4.40592             8.27448             5.73661
4.13223             1.33455            0.249582
-4.33189             5.72162             1.19358
-4.22394             1.07924            -4.25627
-5.98122            -2.70146             5.37047
9.92542             9.15545             5.30117
4.14055             -9.6507             1.90023
3.591            -4.15816            -0.41129
4.11901            0.171248             7.90936
3.00847             6.35823             7.00228
9.00792             8.27607             2.18769
-0.537026           -0.166137            -3.20752
4.3267            -9.90203            -6.65838
7.78206            -3.01213             9.82533
-8.44538             7.61765            -4.90843
4.86605             5.21305            -8.07767
-3.73908            -7.79788            -3.09016
-6.34681            -4.05504             8.76548
-5.55464             6.51731               5.911
6.75333          -0.0844923             5.72368
4.8326             8.68178             -2.9702
4.58583             9.71026             6.62259
2.94734            -7.30941             8.11989
-4.18486            -2.75928            -4.50978
6.34185              1.5513            -8.34033
-4.34607            -9.81052            -4.92205
5.60342             7.61464             4.68542
-2.87691            -5.96227            -3.48911
-4.408             4.95054             3.57973
-7.15316            -2.96073             3.70665
5.31716            -7.20857            -2.04477
4.9933            -10.2228             1.67742
0.873661            -6.86061             9.95642
8.65855             1.94344             -6.6362
-2.94844          -0.0623228              3.9702
0.705339             3.02895             -1.8124
9.14781            -10.6947            -7.30942
-6.19937            -5.60822            -4.69291
-7.32288            -3.30923              9.2984
4.06489              2.8871            -9.54887
4.97449              2.0226            -2.58525
3.01842             5.69594             5.58366
8.23707             8.74416            -3.72905
3.26163             3.08104            -4.92655
7.71925            -10.0948             7.63682
-5.35533             1.14545             8.43324
9.11525             2.01356            -8.80737
2.28329             1.13728             2.97799
6.77975              9.4138             5.18266
7.71467            -3.67916            -5.75711
-9.26934            -1.65847            -5.70022
-4.20661             6.83503             1.58684
-2.24856             7.32596             2.18675
-2.93981            -9.13571             6.39793
-9.39736            -8.48868            -1.77784
-7.96391            -7.63386             2.01544
4.51592             7.76899             -7.8887
2.22494            -3.23235            -4.70786
10.0618            -4.08232            -9.80508
4.04773            -7.91518             9.43893
-6.64715             4.99314            -10.4313
-4.47865            -1.85467            -4.98442
-6.94008            -6.48342            -2.84726
-4.69497            -2.97377            -1.30618
-6.54119            -6.47364             1.69523
2.06978             5.69185            -7.75872
1.3297             9.55214              9.4089
6.00632            -7.90577             1.05834
5.15879             0.87828            -5.19237
-5.16938            -7.03756            -7.74936
-0.366972            -5.54576            -2.52691
4.6496             5.96277            -6.87008
1.49226            0.403089             9.06457
-4.88936             9.56545             -6.8744
2.98523             9.48902            -5.77531
-8.5981             7.04959            -7.76593
2.51498             8.92485             2.83935
-6.8552              3.1823            -7.20846
1.42066             3.58454            -2.69101
6.7917             10.1667             2.64954
9.24146            -1.99419            -3.84003
-8.09746            -7.18513            -2.65452
8.53956              1.1653             6.53217
-6.60189             3.11905             -8.1365
0.385609            0.857322             4.95179
1.35038             4.38311             0.21331
8.88784             8.42556            -3.90835
7.66905             2.37014            -2.87398
-4.57082            0.434462             6.26006
8.27995             4.86752            -5.15489
-6.44011             -9.4179           -0.278793
8.76047             -2.8604            -3.41565
7.53448             4.79243             2.35452
-9.40248            -1.39536             3.91333
4.52637             1.50064            -1.40257
9.60158             1.53287           -0.914585
3.41558             7.76391            -5.08393
-1.0603            -9.57874             7.97189
1.84612             4.07959             4.54903
5.96099            -6.50627              7.1151
6.08852            0.827957             8.53999
-9.19407              4.8543            -1.88997
-8.92143             8.93722            -5.35868
3.22475              4.8125             4.46912
-3.49421            -1.59066            -4.73375
4.28026             7.85226            -2.69102
6.31135             1.30712             7.17084
-1.68934             9.67016             7.97459
7.85904            0.328338            -3.33181
-6.43639             6.18438             3.82202
0.166251             6.55835             9.68477
-8.32597            -8.71014             5.00099
-7.543            -6.20194              8.5916
9.7668            -3.35854             5.82914
3.05275            -5.87561            -3.31249
-2.45089            -9.59186           0.0534264
1.25882            -6.71763             2.37963
3.72757             2.85744             3.48673
-1.11919             4.87433             2.64167
-1.08784             9.21906            -6.50094
6.77014             -7.7544             1.19115
7.35247              6.7996             4.44715
1.28184             6.72181            -1.57029
-9.70324             2.65778            -3.96251
0.917432            -7.39301            -4.13911
4.48242             3.62426           -0.221787
-1.50355            -6.39577            -1.12332
4.8839             4.17108            -9.19053
0.705838            -5.15845             4.09568
-1.17333            -7.65047            -3.75944
2.27021             7.92168             5.10532
2.40572             9.85813            -3.93493
-6.05988             3.85865           0.0390214
5.47834             5.95567           -0.446274
-8.36783             3.10647            -3.61113
0.13393            -6.66485              8.4258
-9.47259             9.47281            -6.64944
5.08337            -5.75312             6.21719
5.72321            -8.07503            -2.74886
1.75161            -7.72687           -0.862038
4.46046            -7.90851            -5.23342
3.6861            -2.98375             2.91928
-9.68984             5.38834             -4.3042
10.1675              9.6177           -0.479642
-6.16463             8.61766            -7.99416
2.84306              7.5616            -1.74583
-8.02713            -5.88836             1.14778
7.55096             8.25537            -1.27052
-0.709897            -6.51039           -0.920531
8.80473             5.52924            -8.33707
-7.19186             2.50282           -0.171794
0.406595             1.89918            -6.65469
-6.41599             6.95563            -1.20993
3.6562             5.96917            -1.99495
4.39842            0.932642            -9.41167
-5.43962             9.47849             3.10799
4.64709            -7.13647              6.9986
-4.54055             8.15823             2.34265
3.09088             5.52195            -8.74496
-8.23476             5.47257             9.85393
6.46245             3.44505             2.71769
7.22887             3.16416            -3.29501
-5.42002            -8.63476            -2.84456
4.10038             9.30908            -5.81953
3.19546            -5.69033            -9.01137
3.67498             5.69488            -4.76637
4.98898             8.11472             -5.7473
-7.16554            -3.21091            -9.68317
-5.67997              3.7165             4.21152
-0.565025            -1.32187            -1.58928
-4.18402             8.09774            -7.16089
5.13404            -9.45491            -1.20037
-6.12941            -6.97811            0.389013
0.369925             3.06044            -4.43594
4.99721              3.0911            -5.24357
4.15076             -9.7673            -5.42225
-6.15287           -0.932025             2.60932
5.77143            -8.24572           -0.305346
-4.91376            -6.92733            0.869118
-3.16348             9.79778            -5.06033
7.72452             1.45592            -2.30853
9.34348             1.62374             -4.0679
8.56181             5.27603            -2.26628
-6.88419            0.633593             -1.0751
-9.65326            0.895472            -3.56734
-9.40213            0.981003             1.78079
-1.38101            -2.47038            -9.25836
0.959448            -6.19568             8.79647
-9.48016            0.323988            -1.92231
0.402332             2.95629            -3.68324
-3.48816            0.870232            -3.53701
-9.7151            -5.71064            -9.36152
-6.12745             2.98732            -5.39695
2.84297             1.37574            -6.33678
0.536325             9.89441           -0.121214
-6.27585            -6.52893            -4.97472
5.97288             5.13292           0.0640904
-8.54803             7.77542             1.60548
-4.0956             2.68967            -2.59409
8.1829            -3.15698             3.16108
5.2283           -0.354861             4.38451
-3.45867            -4.67221             6.04446
0.740566             2.63259             1.22559
5.34368            -2.41815             2.68616
-0.441836             4.24741             5.48095
-3.93749             2.38893            -6.81559
-0.469952              -1.926            -2.81807
-5.59709            -2.13458            -8.68287
-7.50902             3.04586           -0.726267
7.98917             9.19887             1.58556
9.60336             7.79405            -2.54733
8.8026             6.52133            -3.11557
2.99531              5.4283             3.40054
-1.78596            -8.11535            -5.64747
-5.58788            -6.41058            -5.92228
-5.90209           -0.283629             -1.3566
9.13354             9.02073             7.11738
7.5974             -3.8213             4.31323
4.02599             5.27755            -4.45311
6.96831             5.84465             9.42035
9.15719            -4.25048            -1.40849
5.46389             3.84854             6.28385
-8.54669            -4.05302            -7.93694
9.52393           -0.344893            0.123009
-3.33282            -1.89024             7.52221
1.19634             1.21144            -4.22743
-0.413341             6.74553            -4.19761
-1.42153            -3.64242            -2.94252
7.89899            0.651128             2.23053
-9.25481             3.78671            -4.07066
3.19147              4.4843             9.21884
7.15518             8.72155            -6.63707
9.54422             2.71392             6.74245
4.96472             9.14196             7.16492
8.98699             8.68877             4.34504
-1.53143             5.28275            -7.12473
-6.75817            -7.83462             -2.2424
-5.352             5.84505             4.05261
-2.32755            -3.47488            -1.20473
1.81311             4.62789             3.71485
6.7722           -0.500144              3.3119
-6.2028            -4.52035            -7.25027
3.15537            -1.35447            -3.75715
-8.50887            0.096809            -6.93034
1.21291            -3.03766            -6.03567
-7.223             1.42769            -5.33353
-1.11204            -8.71443             2.59111
-2.35807            -1.51183             2.38309
4.2225             -8.3408            0.709721
8.20846            -8.95671            -7.57845
8.3067            -7.33756            -2.77109
1.3431            -1.74281            0.855001
-8.48936            -8.14676             4.53361
7.54344            -3.19622             -5.7347
-4.14783            -6.94768             7.75689
-8.97986            -9.57265             6.84743
9.23346             -4.1021             3.73025
-4.33136             4.71996             9.89878
-4.9211             9.41505             1.96523
-7.38542            -2.83425           -0.499197
4.37873             3.09829            0.812467
-8.73608             2.70405             -3.1883
8.84927           -0.194395             1.90786
-0.65345             -8.2196             -3.5442
-7.82593             9.83562           0.0893762
-5.08238           -0.270115             3.87793
-7.67802            -5.26203             3.42105
1.15811             5.99388             7.07127
8.2389            -8.20267            -8.85933
0.230035             -5.4415             -6.1809
6.11509            -8.00405             6.70513
10.0299            0.224708             7.90343
-8.87002             5.61914             0.53659
-7.62908             2.74306            -1.53428
-1.84666             5.14334            -9.62771
-4.69246             3.40006             6.26458
8.7038             1.65036              8.3967
0.651579            -3.54834              1.2132
6.84729            -3.28812             5.01814
-3.47258           -0.898153            -4.54716
3.86195            -1.02195            -4.51939
-1.54855             4.19311             5.33644
5.9972            0.599323            -2.31972
9.38315             8.14793            -2.50697
7.74725             3.75095            0.163715
-9.76769            -3.75394            -8.10346
5.7898             8.96936            -9.36448
-3.52917           -0.160282             9.32926
-1.93105            0.285857            -9.71042
-3.00663            -5.77686             7.06078
8.11108            -3.85319            -7.59259
-9.08464            -8.51091             7.48855
3.65652             -7.3837             5.82576
3.81296            -0.61817            -5.13765
-7.9512             6.48992            0.931516
-7.12176             5.35774            0.569177
-8.44051            -8.26865            -3.56205
-4.49229            -7.40614            -8.00301
-1.87389             7.92414            -3.43127
-5.92951             4.16959             2.53638
8.72456            -7.18889             8.04694
-6.52644            -2.59414           -0.613283
-7.48575             4.38461             8.35933
9.92121            -9.51371             3.02526
-7.12707             7.06879            -2.28078
-7.12887             3.65931             -8.7759
9.6621            -2.14259            -3.61537
5.90726            -9.19169            -0.58935
-5.52923             8.73615             3.05545
0.332783             5.38807            -8.11961
-4.83195            -10.0348              9.9201
8.36119            -8.81155            -1.83367
3.87442             5.88257            -5.85075
-6.44218             9.32736            -6.62733
4.52326            -1.99456            -8.40147
2.0065             8.58184             6.07865
-7.59535            -1.85496             5.85674
-7.46495            -3.49929            -1.73098
-9.48031             8.17177             4.80968
7.68041             2.73474             1.39236
9.30225             7.75521             1.33371
-7.89403             1.93368            -2.39711
-8.96975             7.41091            -2.87134
-8.13599            -7.86316             2.14126
-7.07419            0.895829            -2.56637
-4.7875            -4.61185            -3.63089
8.72477             7.37949            -8.80623
6.29063             9.18824            -8.63906
-4.63584           -0.145465             -6.8642
1.03913            -1.75515             1.65823
1.06889             3.67709            -7.31351
-6.09566             8.89688            -4.13423
-7.22295            -6.86526             7.22364
-8.36802            -2.20555            -1.27003
-2.93885             1.84371              8.3393
-2.48599             -2.8525            -3.91496
-2.5094             2.19283            0.786764
0.00520376            -2.82386             7.21507
-1.54184             -6.1007            -6.07641
6.02444            -9.83858            -8.06989
4.92406            -4.94938             7.97837
-9.22912             5.96031            -8.39897
8.20414             -8.9693             5.32021
7.19299             2.42933             1.93393
8.26021           -0.615713             6.53528
-1.73052             7.86843             9.19798
6.00151             1.17614             9.53003
6.63271             8.02062             -7.5394
-3.08756            -7.95115             -8.8566
0.916913            -9.32444              4.9074
1.57839             3.38742             6.49221
-7.99061            -3.92353           0.0741355
-4.82355            0.246489             4.73752
7.63406             2.95739            -2.86581
3.60794             -2.3369             8.07397
-3.04006            -9.84789             2.67454
9.04786             5.60949            -2.09475
-6.89552            -4.55705             8.23521
8.49554            -7.09785             1.05205
-8.07828            -3.22792             2.06682
-0.269499            -5.18248            0.170985
2.74416             9.16546             9.25389
-9.83586             -5.3071            -5.07247
7.72691            -9.15464            -9.26228
-4.57489            -3.27206           -0.254612
3.09196             3.48145              8.2886
9.32762             7.57023              1.6787
-1.11388              2.6439            -1.30248
2.96423              0.9045              6.2464
9.49685            -4.87254             3.63579
1.48923             7.95618            -6.00791
-6.68414            -9.53717            -6.59774
-1.07546              0.8006             7.06035
5.35168            -1.60324           0.0864751
-9.4185             8.66959            -4.15897
-1.30395             -2.8966            -7.00115
-8.14929            -5.67859            -5.48724
-4.40069            -4.85992             3.07648
8.26604            -3.03542             9.32871
7.9188           -0.395867            -0.40502
2.05985            -6.36167             7.95404
4.72783            -6.64094           -0.471853
9.45659             -1.3713            -1.45971
4.28337             6.07844             7.54566
1.99488            -7.72812             6.06388
0.831446             1.46058            -8.08687
1.45756             6.31166            0.174826
-7.84028            -6.31975            -5.68017
5.37629            -6.43344            0.858335
-9.58903              2.4162            -5.83942
-5.28629             9.07833             6.25169
6.29418             7.92218          -0.0501361
6.25663             9.02907             3.34675
-5.08983              4.3415             5.79467
-9.40074             10.0462            -5.62576
2.48668            -6.06134             8.41702
5.1124            -1.47596              6.0645
1.55786             8.00724             8.46378
3.44444            -7.74595             6.48316
9.81896            -1.80338            -8.31407
4.82398             -2.3539            0.575763
8.439            -9.55101             8.34086
-7.06351             9.85504             10.1687
6.41126            -1.76243            -1.88849
3.56496            -9.52433            -8.57997
-8.49054             6.68256             7.49148
2.36599             6.33598              1.0407
-4.6965             -7.8862            -2.55327
4.40446             1.50524             3.76465
0.568263             9.95686            -2.96779
-4.15055            -5.56551             7.98252
6.82058             1.43886             6.69348
3.72139             4.77752            -1.34793
7.27627              7.3256             9.20748
-9.32541             8.83366            -8.39869
-5.19347             6.47739            -9.32326
0.221806             7.87475             2.12672
-3.8852             3.63222             8.58363
-8.49882             9.46245             4.93505
-4.15185            0.912951             7.81613
-5.98674             -2.3018             -9.6297
-5.84152             -5.5443            -9.00711
8.00853            -5.01041             4.81233
4.67456             7.21586             6.48501
10.0637            -3.45067            -7.23693
-6.13069            -8.99241            -9.34788
-4.86761             6.99816             5.01819
9.95396             -8.6619             6.10411
4.47944             -0.1207             8.50292
-8.83002            -7.25762             4.88333
2.45243             8.69465             2.41147
-4.48444             1.61386             3.45013
2.01427             2.28731            -5.84002
-8.66747            -9.26678             2.62452
1.36457            0.292239            -1.91178
9.58498            0.382135         -0.00455446
-1.47001             5.73029            -7.17035
-4.64461             2.64148             2.09449
0.0955862            -8.91587             3.33377
-2.35153          -0.0170795             -9.1314
-2.89075             2.87072             1.87222
-4.74748             3.83803             -3.5051
2.55706             1.59576            -3.79491
10.199             6.20941             8.06836
1.18952             1.60245            0.179283
-0.452279             1.53093             -6.6571
0.13758             10.1118            0.298833
-3.22839            -6.92507            -5.68512
-7.30417             3.56152           0.0234784
-4.75493            -7.16188             6.12739
-5.42675            -6.14675            -5.27816
9.91665             7.77769              3.6442
4.06725            -3.21715            -5.93134
-2.32823            0.406001            -7.35616
5.20607             6.31842           -0.911755
8.94121            -1.91151            -7.40072
8.00331              8.1732             2.64666
-8.83041             6.47384             8.91562
7.41998             1.59179            -6.59495
5.98102             7.67404             9.28559
2.36625             8.01647            -6.71312
-4.97966            -1.10099            -7.96196
4.36524            -4.68391            -3.33584
2.66593             6.14455            -7.67678
6.71342             2.15635             4.20944
-1.28662            -8.34139           0.0797334
3.33492            -1.35948             4.57345
-6.31557             9.71439              5.1001
0.79629             5.18712             2.44821
3.08065            -9.54811             1.50864
7.03429            -2.17445            0.986653
-0.706823              6.9524             0.13928
9.93732            -2.55426            0.487435
-2.79268            -1.11932             5.68275
-6.5839             7.54156             2.25394
-1.90042            0.423871             4.60266
-0.165854             -6.3555             1.67231
-1.03945            -6.85537             7.70068
8.61701            -9.79478           -0.364728
1.85955             6.09962            0.176054
0.109889             4.98022            -7.16267
-7.12762             4.31723              4.8468
-8.81462             6.08997            -2.90504
-8.42711            -1.23883             7.11241
-3.60461             1.40171            -1.66879
1.17811          -0.0617805             7.49551
-5.64621             3.31074            -1.68561
-6.34547             7.39727            -4.34362
4.51109            -7.71384           -0.661403
8.45122            -1.36074              4.2265
3.22157             1.92328             2.69528
2.54585            -4.10523             3.25432
1.07518             6.36108              5.9991
3.60291             6.16708            -4.06845
-6.5333             10.1563            -5.72506
-2.68726             6.36479            -7.34058
-8.33927            0.269076            -7.85155
6.07184            -4.53796              4.6256
6.76623            -8.77903              7.4427
-5.48041            -4.48297            -0.89222
-6.69719             5.53611             8.72274
6.30859             6.03891           -0.359107
7.12371           -0.679583            -7.33654
-7.98649             1.54531             4.38263
7.31123             8.76982            -1.62313
-7.37298            -8.74119             2.03211
5.24978            -3.83977             6.88488
3.41312            -9.98367             7.13978
0.462956            -2.06003             -8.8046
9.73469            0.616736            -0.69284
-2.16318             1.36754            -7.47665
-4.52218             6.67374           -0.652783
-1.00752            -8.92661            -1.62904
-6.72249            -7.87297            0.129131
10.1702            -2.03949            -6.28464
-1.73998             6.11892             1.67062
3.98054            -9.29528             3.76249
-6.5321             7.02027             1.64869
9.4954             4.85163             -6.1356
6.42433             3.55673            -2.71674
-0.847937             4.86733            -2.89771
-6.57932             3.01405             7.11763
-3.82121            0.851364             2.67442
-7.80499             8.35112             1.41194
5.40793            -7.52362             5.24264
1.50393            -6.84732            -6.74616
7.84055             6.34038            -7.89451
-5.7327             7.71182             2.43889
-5.14614            -1.33805          -0.0610291
-1.68039             8.75573            -2.48947
0.601118             2.11392            -8.31053
0.796426             9.47597           -0.345013
9.66311             6.14123            -5.55437
2.5478            -6.48377            0.188696
-4.47611             -8.7154             8.93302
-3.96912             2.41554              5.0427
6.18764             6.66995             5.60748
-1.29403            -8.00805            -3.35226
-3.23566             5.22594            -9.73143
1.00868            -1.01187            -4.69741
-1.84249            0.302361             8.60265
0.999173            -6.75969             3.21001
0.616072             7.04997             1.67028
9.13011            -9.18183             -9.1367
3.02071             8.00957           -0.585973
-6.46706             5.09525            -8.24089
5.70489              9.2735            -2.06462
-7.04496            -9.64531             9.26807
4.98106            -3.68309             5.61487
9.34792           -0.891957             9.29949
5.32668            -1.62027            -6.77237
9.45701             8.06392             1.62656
-7.57686            -7.85034             1.38256
-7.04887            -1.79737            -2.17459
-6.53811             5.10581            -3.71323
9.17074             3.62203             8.11805
3.26436             6.20292            0.969832
1.47433            -7.96677             5.16831
-5.92185            -7.81638             -2.1853
-3.8074             1.92756              6.7428
1.82965             5.14941             -3.7565
-6.58015            -4.64392            -1.54225
-9.43738            -6.19213             3.39716
-2.56082            -0.32404            -4.66625
0.479812             5.99069            -8.97541
-2.35258              -4.673            -7.69293
4.91139             8.96288             3.38183
9.71782            -3.67927             6.40092
-5.17866            -8.86916             6.59759
-5.7508             8.87197            -2.16195
9.00627            0.580218             -1.1262
8.27549          -0.0897574            -2.48353
9.33254            -8.28475              2.9815
3.44841             3.45724             7.17224
2.06108            -8.16634              5.8427
-2.31421            -2.19127             2.44791
-3.702             3.45947            -2.67554
-9.17846              7.7734             8.46839
-8.46726             1.02398            -4.52291
8.54252             2.28607            -1.20626
-0.990454             8.08377             4.47977
-1.15117            -6.60352             5.71517
-4.64781              6.5779            -8.90817
-6.63699            -0.86598            -4.21142
-1.42094             1.91495             7.51941
-9.55715            -2.37223            -3.30108
-3.61726             5.59879              1.5987
6.2232            -9.81981            -4.40884
-5.20992            -7.01216              2.9844
7.71451             5.68769            -4.99732
0.645417            -2.19159             3.45188
1.25504            -5.29281               8.995
-2.09944             5.66368            -2.30453
8.37097             5.86398                1.06
3.07699            -6.85971            -4.66045
-8.53556             1.79193             5.24733
-5.60261             1.42827            0.167814
1.96918             1.94015             7.54312
3.14157             2.92497            -2.88708
8.41254            -2.81138            -0.39032
-0.733284            -2.68485            -4.99412
2.33671             8.94308             5.81864
8.90496             2.60787            -1.00314
5.92112             4.62695            -7.57165
-0.112991           -0.429954             1.83635
9.51464             -2.9432            -2.26456
-5.52838             5.67756             5.90552
-4.5475          -0.0934904            -9.40222
1.1268          -0.0427221            -6.79394
-6.58942            -5.36645           -0.295753
5.3156               1.205            -6.74822
-5.41965             -3.8541             8.33969
7.65542            -2.90639             4.17288
-0.618941             -2.0964             -4.0816
-6.4556             -9.4257           -0.455428
2.98211              9.2364             8.41368
7.90761            -7.97159             4.35824
-4.69154             2.35635             -7.8331
-1.89803            -6.66291            -8.49569
8.9475             9.61126            -3.04991
-5.16147             7.90629            -7.09927
-1.01851            -1.52047            0.576535
0.507472             2.19209             8.34063
-1.47971            -9.23666            0.791068
-5.94546             1.58318            -9.66708
2.44763             3.74683             1.31033
-6.99969            -8.87009             5.40372
2.92128            0.509264             1.83572
2.44702             2.48014            -3.88362
0.184369             6.67561            -9.55424
4.73349             2.28196             2.16751
-3.61297            -6.16327            0.783534
-7.11571             4.43005             4.32823
9.616             6.16994             6.33066
2.27191            -8.45228            -7.24038
0.0774102            -1.10433             8.80537
3.69908             5.41319            -10.4698
-6.34506            -2.20112             5.19735
9.8711            -8.55313           -0.847399
6.58111            -5.37422             5.59923
9.94211             1.02174            -1.73549
-9.13202            -4.68568              -5.102
9.39896            -9.18574            -7.72739
-7.0524            -9.42801             9.61374
5.07549            -7.32957             3.31284
-9.22616             8.78071             3.42473
2.01203              5.7235            -2.16167
2.58579            -5.10798             5.05775
0.386729             5.43433            -4.78059
-1.93773           -0.361405             3.96398
4.93179             7.87573             6.28662
-1.4329             5.46544             3.34284
8.49115            -7.38753              5.3268
-4.71437           -0.735384             9.76677
-5.54019             6.15641             7.44554
-3.14198           -0.919726            -8.14896
3.2863             5.84819            0.304249
-3.81137            -9.03197             4.69264
1.27039            -7.20719             2.65891
-5.23341             2.56519             2.81337
1.57893            -6.11418            -2.54543
1.0112            -5.96649            -2.29225
5.05354             7.14643             7.82774
-2.032             2.33239            -5.89529
5.80678            -4.79362             6.73455
6.72027            -1.38726             -8.7035
-5.61783             8.79942            -2.47037
-4.56026            -7.49091            -10.3681
-2.57905            -2.71046           -0.107798
-5.01204              5.9634            -7.74676
-5.37547            -5.52728               -2.57
-0.2338            -7.87406             8.38718
-2.97243             5.78484             6.84416
7.12282              3.3307            -6.31236
8.43199            -8.05505             6.71658
6.01026             4.96694             3.31132
5.03342             2.43924             6.07782
-2.2737            -7.55562             8.11797
2.24831             -9.1341            -7.17037
2.44852            -6.06744            0.116487
-8.90782             8.40246            -1.26745
9.42068             9.84401             1.40152
-0.779155             1.63838             2.71775
6.30267          -0.0208472             5.31256
-5.00411             5.87987            -3.38407
7.68628            -7.04037             9.13475
-4.61761             1.64942              3.7698
4.03391            -3.42134             2.45735
0.136586             5.99279             -7.1604
-7.82953             -6.9615             5.77442
1.8579            -1.81961            -4.36548
3.5623            -4.11473            -6.63448
-6.84909             8.50111             2.31634
-2.03422            -4.36146             -8.4835
0.947699            -6.13068             10.0337
-0.924943              6.6195             8.94454
7.39386            -1.59093            -6.45762
-1.58639            -8.74151            -5.89086
-8.52404             8.35976            -10.4816
-9.27325            -1.60333             1.89785
2.60469            -3.29544             2.66155
0.261107            -6.51913          -0.0461877
1.56414             -4.7016            -5.41329
0.87418              2.4395            0.141866
-0.347608           -0.695937            -1.01333
-8.71298             2.72529            -9.27838
6.11115            -5.59532             7.96876
2.36189            -7.55393             7.36466
2.66733            0.477829            -1.24993
0.337587             6.99626             1.75268
-8.32449             4.20406             3.03832
-0.261166              4.1781            -2.92657
-3.40855             8.67007             8.04865
4.39477             5.57682            0.894531
-2.90585             5.17882              4.5429
-0.548509             6.22014             7.17323
6.39201             5.38485             4.02524
0.866046             3.15437             1.08431
-8.36327            -6.30382             3.10193
3.65878            -3.83671             7.27266
0.733383            -6.42873             6.89631
7.72095             4.39202            -9.30187
-9.80348             7.90991            -4.74365
0.44533            -2.18003            0.591745
-4.16763            -9.14514            -4.65398
-4.64975             4.53648             9.24468
8.34557            -7.88282            -1.52528
9.63088            -8.71152            -5.76155
-8.75559           0.0534292             6.32883
-1.31452            -5.53973             5.03398
-7.48328             6.55716             9.05196
-0.668521             1.42906             3.01205
1.75733            0.178334             5.84327
1.15029              4.8944             7.30868
-8.93715             2.67448            -6.55258
-2.92486             9.94121            -7.62624
0.530425            -7.68337            -4.57642
-2.42043             6.40295             9.38617
1.57388             2.48221             6.34004
3.16571            -3.83085             8.17395
-5.42865             6.26827            -3.50344
-5.51823             3.32893            -1.61243
1.6087            -2.69106             7.66068
-7.29008             7.90023            -7.58623
8.98952            -3.77642             7.98628
3.39317             6.14458            -5.80914
9.94564            -9.23984            -5.73125
0.373835             7.21438             6.71523
6.97161             8.54219            -3.40778
0.182797             6.95512            -4.28795
7.09836             6.74671            -3.94741
-3.49824            -5.11068            0.593836
7.42559             7.95771            -3.09101
-5.13755             1.51351             3.50083
-1.73099            -2.53755             6.95174
6.60088             4.16627            0.466169
2.95184            -7.47245              7.5619
-5.30332             5.98151           -0.757303
4.03566            -9.38857            -7.94959
-7.81725            -4.95246             7.82494
-6.27703             1.44767            0.504581
1.81005             1.19071              2.4752
-3.94132             6.00923           -0.866564
1.84742            -5.49745            0.904606
-1.50682             7.26864             -3.9591
-9.65201            -8.84645             1.44779
-7.8564             4.56272             6.56629
4.84713            -5.46539            -1.01239
9.65161            -6.16695              7.9394
-4.93885            0.682962            -4.42073
8.3107            -4.20886            -2.44522
1.84868            -1.10232            -1.20977
3.98008            -5.65509             3.30524
7.00283           -0.195557             3.77822
-4.44746             7.12096            -3.59621
3.99144           -0.102264            -1.24764
1.32195              8.7075             5.25426
1.94131             2.33521            0.995935
5.91768             9.56704              8.8797
5.59891              6.8475            0.557476
4.67049             1.39876            -4.72795
6.25491             6.76492             5.38165
2.05226            -7.66617             8.66337
7.38434            -5.89335            -5.35331
-1.07811             8.20852             -1.1965
-2.13516             1.39066             5.54323
-8.54379             9.19372            0.274035
-8.04536            -6.70493            -1.04836
-5.06464            -5.25536            -3.18399
-3.50173             7.26476             -6.7008
4.99985            -7.71536             8.14554
-9.08676             6.26029            -9.45984
1.94943            -3.07963            -2.80097
