-7.95843            -3.42267             6.99688
-6.58155             1.99884            -4.99257
3.05707          -0.0342799            0.176904
-6.26996             6.35674            -5.29364
4.28733            -3.88368             7.90816
-7.52477            -6.61561            -2.86039
9.23777             2.26384            -2.98886
6.62383             6.86935              5.6812
5.33216            -8.55756            0.654454
-9.68561             8.72592            -8.42224
-6.79359            -2.64063             2.45963
5.87513            -3.70403            -4.36434
-5.9092             9.71831            -7.31221
-10.0852            -5.98472            -6.45811
5.81129            -1.28798             -5.5164
2.38111             6.75051             3.06861
9.16528            -2.11535             9.05887
6.12816           -0.379519              7.0677
8.1468            -8.35061            0.447672
-4.94397             6.49443            -9.28256
7.71606            -1.15401            -5.75312
3.94852             7.72126             6.80651
-6.09281            -1.87806            -5.81315
-7.87721             5.63261            -9.29735
-1.25413            -9.12554            -8.39997
-2.05973             2.16626             8.39178
-4.78852            -0.70104             -8.6958
-0.905205            -4.72891            -2.87923
0.174888             2.94893            -1.02531
-9.96474            -3.78744              8.6104
-7.10244            -2.44605             -1.1253
-4.43031            -8.50985            -5.34022
2.28546            -2.41433             6.84584
3.46015             2.17723            -3.18869
-9.28754             1.32607            -1.32339
7.74089            -2.00858             -5.5678
-2.58312          -0.0707551             8.08411
2.31823            0.791886            -5.95727
0.776238             7.27988            -1.96836
-0.298099            -1.57956            -5.86283
-3.30167             7.98353            -7.18028
-2.65511             1.40681             4.02032
-2.18036            -6.43925             8.79787
7.15252            -6.54517            -3.71869
-3.34259            0.902134            -8.24024
-3.4531            -7.12308             6.03822
1.43401             9.85936            -2.64997
8.83692            -5.62774            -6.26958
5.13316            0.556842            -1.43931
-4.03442            -3.52507            -6.68752
7.26944            -6.14231            0.756975
-9.58821            0.532827            -3.08613
-0.497054             7.46889             5.28585
2.74188            -3.77359            -3.61336
-10.2998            -7.71204             6.44791
-3.19204            -6.92582            -7.58855
-2.45255             4.07514            -7.95778
4.17762            -9.53224             8.98633
-7.7311            -4.89691             5.46653
5.18758             5.17214            -8.38642
1.56539             3.88792            -6.99369
6.14771             2.50009            -7.93001
-6.88639             8.22126              8.1612
5.25787             9.45419             4.96524
7.90668            -1.27776             9.40281
0.658167            -8.52238            -1.14991
9.85154             2.91095            -5.18739
-0.10255            -9.34208             7.77694
-8.20895             7.41312               3.893
6.51442             9.72502            -9.67842
7.40482            -5.74408             3.55956
5.64457             1.46849             6.94487
8.47366            -4.98533               1.278
-2.05906             5.22108            -1.13305
-6.71109            -8.93205            -7.13856
8.16012            -4.81539             8.21229
4.94167            -9.84653             3.23629
2.37646            -7.32211           0.0460142
10.01            0.129323            -2.35307
-3.95128             8.97108            -4.70752
-9.81051           -0.138559             1.08079
1.79304            -3.36994            -8.80634
-2.94189            -4.33385             3.03265
-0.920206            -7.33452             9.32641
9.51617            -1.08088            0.182296
5.5113             9.27753           -0.161231
0.868163            -6.22194            -1.14728
-8.74876             5.07768              -4.907
5.22428            -7.87946            0.724682
-0.531799             5.88748            -1.42184
6.98842             8.36347            -1.53121
1.20087            -4.37396             2.74642
5.55467            -2.92608            -4.41784
-9.83743             -4.2272            -3.02845
4.01979            -4.79719             9.60544
4.15807            -5.80695            -1.67202
-7.83671           -0.466258            -10.0447
0.870256           -0.346307             8.12335
4.87146             4.54063             9.75892
5.34168            -9.03936             9.17311
0.887028            -5.14529            -3.82487
1.54923             5.22395            -5.41147
-3.30622             4.80928            -4.32262
0.453599              -1.929            0.287492
4.29556            -7.34562            -6.93759
-3.8356             1.84588            -2.44369
0.416672            -8.64853            -9.43707
-0.466911            0.180208            -8.90363
-5.87801             2.01294            -3.66234
-0.736581              -4.478             1.81035
8.90198            -6.68064             -8.6476
3.41835             7.48753             3.71343
-5.00506             2.86809             8.58815
4.6924            -1.18257             6.70473
1.91434             7.59679           -0.179528
7.07354             8.60404             1.67007
-2.49756            0.451556             2.21072
3.93993             5.77681             -9.1939
7.40202            -6.99729             8.85313
6.7847             4.01838            -7.84179
8.11273             4.58097            -1.41523
3.4925             9.91918            -7.33228
-7.25298            -9.68817            -8.44365
1.5044            -9.86926              9.6248
-8.11277             9.50802            -3.02585
-9.43522            -1.67322            -3.59615
-7.94928             4.41305             6.01994
5.4637             1.43284           -0.132481
-1.91757            -3.60397            -3.68374
-2.42525             1.11246             2.16785
-0.00531386            -6.28301             2.93311
8.77746             3.22078            0.499233
3.8257            0.824794              3.2793
-9.52323             8.48674            -7.24794
-2.29247            -6.67337            -5.14733
9.71426             4.99036            -7.60567
-4.0669             5.75778              9.9819
-8.45523            -7.01657            -8.38415
9.39812             4.45815            -6.65665
-8.64486             -6.3226            -2.35026
-2.75339            0.383982            -7.64197
-1.33692            -5.77207             7.42803
8.07784            -9.31123             9.63369
0.439556             8.48286            -8.67345
1.12699              3.6846            -6.23989
3.58918            -2.38895            -1.38128
-9.85354             1.03283             4.27778
-0.377538            -7.09467             9.16289
8.43163             1.84722             9.89267
0.283508            -3.88896            -6.20138
-1.59252             4.95731            -2.17107
-6.38606            -3.90027            -3.25767
-7.1138             1.10333             6.59804
-1.56583            -4.31414            -5.98664
-7.23644            -7.86785            -6.62849
1.93521             1.11861            -8.18002
8.15206           -0.590144            -9.10679
2.60298             6.51175             2.13963
-8.34588            -4.42373             2.56905
1.57943             6.90665            -6.19809
0.666528             -7.2256            -9.17044
-8.10981            -8.30459            -8.27322
7.80196             8.43535            -1.45889
8.44031            -5.33361            -8.71304
4.76878            -9.55947            -3.52313
-3.02529            -9.59426            -2.11885
-1.57461             8.90322           -0.851415
6.65886            -9.04506            -1.02031
-6.95707            -3.48631            -7.37253
0.775765            0.564914            -7.17934
-7.48818             5.50668            -8.86981
9.65433             8.51344             0.33265
-8.17752            -6.04076            -9.68888
7.90088             7.38378            -5.74569
-8.33067            -3.11822             7.23159
6.38726            -5.87935            -5.62837
8.14505            0.556563            -7.90525
-4.27696            -6.56181             1.97645
5.36037            -0.17193             6.26309
4.66586            -7.30483            -6.16409
2.22493            -9.41184            -8.06708
7.38214             3.49859             9.59923
3.89905            0.267075             8.09354
-4.10674             1.54081            -8.36748
7.71676            -7.23412             4.14496
-7.67875             5.98645                4.59
2.42132             2.23479              5.7057
2.24579             9.08013            -2.89039
1.26209             1.14073             5.57247
-9.21605            -9.30534            -3.85681
-6.01525             7.77029              8.2905
-3.0714            -9.44833             6.05468
-4.46476           -0.600297              6.1121
6.95335            -3.45335             8.23379
-7.25852            -1.64338          -0.0982776
4.828           -0.656007             5.12896
-5.26396            -4.63922            -3.19586
-5.13171            -7.90205            -9.89779
-9.57             4.36314           -0.321495
1.71269             9.21294            -2.84235
4.53815            -6.85648             8.04787
-3.76858             -6.1513             4.91472
-2.3402            -1.23563            -5.04597
4.31094            -3.51315            -9.84937
-9.06831             7.73578            0.983458
4.72212            -4.51106             -8.5736
0.390103             -8.5789            -7.66801
0.182677           0.0810834           -0.681207
5.70053             4.11901            -8.98156
-7.91459             7.29938             5.08177
-7.38658            0.812119             6.27709
7.4297            -5.06508             2.41617
-3.51315            -5.26695            -8.40571
7.6886             -3.2606            0.480152
-9.98871            -8.53695            -7.46033
4.45508            -0.23628           -0.705517
-6.50083             5.78987            -3.58773
-1.73512             -5.6589             8.00106
6.21676            -2.42142            -4.16618
-3.15235             6.35689             3.53289
-5.41279             3.77783            -1.74206
8.2522          -0.0250186             7.06903
-5.16485             2.46466             6.67753
6.66585             2.66862            -6.10181
0.60916             5.92315            -6.43491
2.87345             -2.2621             3.24096
2.92281            -6.89351             -4.3673
1.92203            -5.88612            -7.91787
-0.184127            -6.78913             6.91718
-7.88529             1.66207             3.09471
5.32607             1.16814             6.53003
4.16139             7.05341             5.80106
7.13612               5.045             -2.2032
-2.77485             1.72378            -5.33212
0.476063            -1.48714             3.44178
5.64791            -9.72104             -3.3881
4.56594             2.06832             9.16797
6.5593             1.47171            0.418655
-0.545636            -1.50253             1.29533
-8.9947            -8.06355           -0.364368
1.02194            -7.87918            -6.42721
1.40733            -2.17918              5.3635
-8.90478            -9.18725            -3.46583
-8.81285             7.94901            -2.76199
-3.36904             9.11327            -8.91537
-5.24129            -1.07903            -2.85093
-4.91677             0.37959             5.30862
-0.837235             9.90234             8.11656
5.47943            -2.07438             6.12447
-7.3784             8.16898             9.03386
7.84326             8.32512             9.87586
-9.31987             7.12915             5.05799
-2.56341             9.04619            -3.64571
-9.40624             7.31546             2.53545
9.63976             1.92296             4.79714
9.33489             6.93186             2.63199
7.67642             7.85368             1.26846
5.1922             4.19734            -2.92948
-8.17659             5.40085            -7.44257
-5.94143            -9.78637             9.15328
9.521             4.48316            -5.99273
5.70425             8.26894            -6.99563
1.14068              -2.972             6.44029
-9.82103            -1.04785             2.78787
2.56412             9.28324            -1.81301
-0.13483             9.28274           -0.233387
-4.67429             6.15818            -1.15878
9.41932            -7.54295             8.64569
0.0618957             3.12099             8.57208
-7.42231            -2.11787            -8.55109
2.39144            -2.85306            -2.22853
-6.82271             3.45995             1.52864
1.86308             8.22021             8.80214
6.71792             2.83003             5.17212
-0.179037             1.38091            -6.06071
-0.734113             4.97934            -7.61439
8.74527             8.58091             4.32607
-2.36467            -3.70613             3.58404
-5.27699             2.40242            0.725099
-2.49368             6.95873             8.70268
-8.98199             4.19585            -4.29545
3.62805             2.93852             8.30516
-2.79332            0.183639             9.43136
-8.25786            -7.28404             7.87365
-8.85483             4.58083             3.88505
-2.00783             9.40016            -3.99941
6.56909             4.90585            -3.94251
-3.99279             9.10779            -3.22646
1.52657             4.52075             5.83297
8.34657            -3.18786            -1.65926
1.13286             8.76217             1.72843
6.03677            0.814777             6.83067
-6.88641            -5.23172            -8.51666
-1.81418             4.25021             10.0689
9.50059            -8.47329             1.19444
3.15724             5.08879            -7.13546
8.1415             5.72188            -0.29209
-2.81052             4.85985             -9.0773
4.07651            -6.09035             4.63242
-4.07833            -7.00779            -8.55573
3.55407             4.13958             9.98141
-2.68968             8.06389            -3.20362
3.92978            -9.10042             8.96174
6.67311             6.28325              1.2036
3.59118             4.32515             6.08822
-0.819238            -5.13032             4.68968
-8.71002             4.40264             1.46158
-9.77646            -6.82436             2.57348
0.66751             -9.0703            -5.72696
3.89594             7.35875            -2.15639
-0.56369             5.64274             6.71715
8.41515            -4.44508            -0.87202
-8.82114            -4.03995             2.43339
-6.14222             2.46702            -4.14305
3.53016            -8.77696             8.68545
9.87097            -3.41671            -7.64446
5.50274            -8.46353             1.48027
-6.74287            -3.09139              8.2196
3.15575             5.48845            -9.45623
2.20198              2.4216              4.5992
-7.98195            -6.10901             6.24321
2.27307             6.97383            -4.49216
6.81385            -8.87396           -0.339643
4.28343            -1.67152             -4.9925
0.205318            -2.30707              8.9765
-0.311004            -4.89529             3.02875
-4.8133            -1.77002            -5.83807
6.19192            -1.22605            -2.48986
-0.666191           -0.429148              -2.643
-3.38349             8.35929            -9.16866
3.85205            -1.60974             9.07105
-1.36621             2.72679            -1.58216
7.5001             4.12384           -0.761336
-7.62992             1.39953            -7.31058
-3.43679             -1.9151             3.77345
8.56611             -3.3052            -6.84344
-1.62271             8.00107            -9.93707
-6.50126            -8.96175            -1.85034
7.79505             5.27793            -5.84196
-4.03304            -5.68535            -8.40656
-3.65034            -3.88807             1.04388
-3.59163            -6.83021            -1.06771
0.769004            -7.00631            0.543486
4.22987            -1.92624             3.51241
6.30461            -4.65488             6.28574
4.83596            -4.03342            -2.83806
-8.51743             4.71971             2.52412
7.02142             5.15402             5.44064
-6.61078            -2.76297             2.13724
3.95517             4.41698             4.34432
8.86325            -2.91504            0.689914
2.98996            -7.03759             4.60199
-1.86646              6.2212            0.268523
-2.25675             7.42816             2.86101
7.18184             -7.9372            -2.70483
5.51022            -5.02313               0.823
-0.854094            -8.23901             8.32347
-5.52874               4.913             9.82792
-3.18303              2.3763            -9.69631
8.86             7.19439             2.79764
-6.0397             4.29411              5.4622
-9.61114             3.99673            -5.58813
6.22943             -3.8589            -8.86058
5.53352             -8.6526            -1.31596
8.58632            -1.24399            -4.96556
7.95473            -2.50238             6.71783
-1.23977             8.31839            -3.15495
-0.556886             7.76115            -6.26841
-0.384266             4.11856            -3.69158
-1.51769            -8.13978            -2.63506
-7.14862             1.31178             4.78617
-4.77132             5.29422             1.53279
-6.61586              -4.074            -4.47304
-6.06267             6.37258             5.61104
7.48174             8.62296            -3.36449
-3.70234            -5.56193             -5.5881
-1.48182             3.13394             3.18022
4.99626            -8.86366             8.40678
-3.57876            -9.26415            -4.83228
5.4602             2.52463             7.48642
-0.857152            -9.83341            -8.06125
4.40705             8.45555             4.67015
-4.69514             -1.9353              -1.551
-3.3572             9.42374             1.11604
7.07887            0.900069             6.22907
-8.73949            0.452986             7.17771
-0.45842            -8.51343             9.73684
-7.31946             5.33009            -9.40171
5.04662            -2.99415            -4.23058
-2.02915            -7.81223             -7.0474
2.34153            -4.94354            -6.01375
8.82798            -7.27909            -2.17124
9.08861           -0.258023            -6.78029
-4.55018            -9.89302            -1.28916
-0.0333442             -4.2227            -7.59372
-3.50431            -1.09061            -6.69219
-7.21634             1.26478            -3.06273
-9.44518            -1.07686            -9.84723
9.06867            0.588006             7.75431
-8.70833            -9.44786             -7.5305
3.17851            0.199532             2.07011
9.16085            0.662343            0.614213
-3.70541            0.207209             2.67434
6.11214            0.971515             3.35133
2.59237             8.50647             7.08106
-6.00409             9.05506             3.69732
4.2356             7.83834           -0.569767
8.67805              -8.006             6.61503
3.88806            -8.81047            -2.02229
7.4707            -2.13279            -2.56759
-0.617049            -3.95352             8.73418
3.70702            -7.55092            -5.40086
-0.906973            -9.22714             8.17515
-9.19208            -9.38092            -4.12023
3.35917             2.53555            -9.13661
-8.27071             2.63903             2.35206
6.11903             9.11135            -4.69409
-7.62853            -6.03079            -5.28482
1.77079             3.37528           -0.309509
0.408976              8.7259            -9.88498
2.52153              4.3666              1.0047
-4.8076            -6.37454            -4.24118
1.11193             9.61359            -2.10526
-1.54636            -2.56101            -5.29019
-3.37634            -4.42693             6.44505
6.73043            -8.43438             7.07959
-0.502355            -4.31552            -7.72733
-5.41946            -7.72389             2.09887
8.44895            -7.50988            -2.07122
-8.51763            -5.85124             8.30089
0.0701206              6.4028             2.07027
-6.65701             4.76482            -8.95452
-2.15512             6.65115             -1.2953
-7.72695             8.51717             7.17044
-0.622389            -9.94146             3.08133
-4.72326            -9.58948            0.782588
-8.20298              3.7625            -6.17187
8.57151             7.06666              6.2469
5.85254             7.37207             1.54629
8.31257             -8.5758            -6.14909
-1.64494             4.25559            -3.34283
-8.26688             3.17702             -5.0912
-8.24265            0.620093            -6.11867
3.07901            -3.75159             6.21144
-3.41064            -8.34055            -7.66777
-9.809            0.532503           -0.610242
8.58971             9.96529            -5.48146
0.35509             6.36215             6.64092
1.10867             2.71156               7.142
-0.0412472            -8.27923             -1.1435
2.36708            -5.64678            -1.86302
-7.72231            -2.84699             -5.7639
-7.15379            -7.80959            -9.12326
-9.10268            -2.31667             -3.6684
-0.2203            -1.68155               9.371
-0.470421            -0.52685             -6.9652
-2.16226             5.51117             5.61043
-9.71407              5.9061             1.38245
-9.54108            -6.14896           -0.844966
3.9873            -7.87569              6.9803
-0.544528             1.43384            -5.70156
-1.69958             4.54116             6.15034
-9.01957            -8.69207             4.75931
6.00811             6.63141            -9.29657
8.95329            -6.63593            -9.38789
-1.18309             7.77503             1.58795
7.58687             8.80603             8.56615
0.552229              9.6461            -5.92913
4.73623             4.42924            -5.90244
9.13593            -1.70592            -6.88806
-8.78529            -5.26746             9.57557
9.94762            -3.09353            -4.33416
-2.40041              -4.411             9.18535
8.90464            -5.21159            -3.38774
1.55034             1.32924            -8.21369
7.72396            -6.21277              2.0572
-9.08339            -2.38461             8.59553
-7.94214             4.08862             4.77283
-6.07172            -4.78319            -5.88371
-9.74334            -6.86062             3.35075
-2.82277            -6.24679             8.44053
2.46904             5.11069             -8.6495
0.158672              8.8468             2.01564
-5.62121            -6.90467             7.26364
-7.26934            -6.84648             -6.1572
-0.448776             6.43117           -0.345611
-2.27826             1.86495             -3.2016
6.73341              5.3198             2.38621
7.30149            -4.93715             7.11203
-2.65781            -2.57192           -0.569625
5.62593            -2.00048             7.63942
4.64201             2.44436            -6.26557
-6.67945            -1.96944              4.1711
5.95792             3.79406            0.487158
-2.54629            -5.73182             8.56814
-5.84288            -4.52165             7.54149
-3.96182            -6.25018              5.8462
8.65118             8.37736           -0.918001
-0.614943            -5.40972           -0.825663
-5.83521            -1.07502            -6.38065
-6.90517             2.78455             6.86844
-3.32624             3.38581              2.2159
1.45161            -4.87944             2.27057
-8.5075             3.94632              1.4784
-2.70904              7.4445             3.11288
5.95083              5.6822            -2.74954
2.10764             8.48521            -5.18061
-4.50591               -1.56           -0.503113
-2.91881            -4.32332            -9.34524
-5.60475             1.41195            -9.85152
-3.25078            -3.02195           -0.339972
-4.99324             6.84681            -1.15564
1.6242             7.07281             3.30122
6.6402             -9.0772             8.82853
-9.91138            -6.86475            -7.38021
-2.90314             1.78494            0.214786
4.77703            -2.89071            -5.88982
4.77845             8.58754             2.27307
0.900747            -6.39823            -3.19882
9.14317              7.4775             -6.9647
-9.713            -7.36014            -5.33511
-9.92454             2.92911            -8.93111
3.5244             4.25785              7.7664
-5.70817             3.74333           -0.253759
-3.52808             5.69994            -4.10867
-8.32677              10.009            -1.07727
8.66212            -1.06145            0.303493
-3.55713             4.56081             2.95789
-6.75077             4.04717             1.56443
4.45488            -5.12462          -0.0935883
3.04234            -8.65447           -0.634938
6.15102            -5.68831             4.89726
4.28607            -8.96438            -6.09271
7.38718            -1.60706             1.40347
-2.95326             4.78844             1.10099
7.06544           -0.408253             -8.1487
8.06759             3.75001           -0.215622
-1.39566             6.24278            -6.23341
-8.21919             4.91545             6.29573
3.40501             8.13878            -4.48869
-3.70988            -5.22041            -5.02756
5.29785             2.95235             2.36431
-8.65495             -5.9333            -2.64357
2.08971             5.55561            -9.69306
-6.2254             5.87709            -9.17218
9.65299            -6.09982            0.493806
-2.77084            -3.35729            -2.57406
-1.2909            -9.69276            -4.50577
-5.72753              4.3178             8.80233
8.23098             -7.8053             9.98126
-1.3707             -5.8759             2.96807
-4.45416            -4.52717            -6.57956
9.72056               9.658               6.262
1.18818            -5.57633             -8.3906
-4.74349             -6.3023            -9.96537
-8.46755             5.97316             -4.3792
2.12079             8.65773            -8.99507
-6.46715            -7.55003             0.76354
6.70025            -3.58804            0.778526
-3.9794            -9.30849             5.18813
-5.99596            -2.35063             9.18583
-8.37063            -5.78334            -1.75972
-3.89994             7.87303            -7.75062
-9.38405             6.10539             9.49496
-9.70116            0.823957             7.42272
-7.47032             4.35581             6.62863
-4.82987             9.08631             1.73845
6.08594            -6.91923            -5.35213
-2.998            -7.62266             7.37742
-2.69479             2.31584             4.77328
-4.81232             3.78949             9.81344
6.79334             5.43511            -2.13682
4.45436            -3.02255             7.27005
9.54736             8.27456             1.16365
2.77342            -9.73059           -0.649961
4.81095             9.29108            -8.70819
-5.06477            -5.11397            -3.19827
-3.92683             6.56658            0.366519
-6.36727             3.10408            -1.93731
5.359             4.64711            -5.93396
-0.57429             8.47088             1.79701
-7.25479             1.96528            -7.01361
-0.876277            -7.60372          0.00379177
7.43126           0.0338337              7.3726
6.31362            -1.86368             7.32734
1.30323            -3.00723             8.81512
7.63161           -0.954025             2.24017
-6.9065            -4.51417            -9.54694
-7.29387            -1.96013             8.69216
8.22808           -0.747835            -4.79068
7.83082             7.54282            -4.87188
10.0364            -8.00682             -4.1498
-9.34951            -4.92155            -2.84065
5.57101             2.81738             -6.4722
9.44559            -2.49995            -1.02128
6.68119             7.42307             3.64552
0.656032             4.12512             1.10935
-0.303809             -9.5954             2.77653
-9.69109             6.91335             3.82388
4.1101             6.75831            -4.34199
-1.37476             4.91775            -2.76313
2.42739             3.42195            -6.98313
-3.15242            -8.27674             3.10756
0.126566             5.03936            -6.96524
2.08268            -4.92519             4.15799
1.36843             5.77795             8.18445
7.28651            -6.65742            -6.26144
4.82973            0.117109             8.38213
-5.24574            0.971085            -5.92833
-7.16841            -4.81782             -3.1322
5.07289           -0.711286             8.74148
-2.30237            -2.08173            -5.81882
-3.49328             9.94523             8.48009
-8.79137             8.15865             9.86828
-7.818             3.33749            -6.14378
0.247833             4.38998             5.68533
-7.7271            -6.97956            -7.60952
0.664941             1.87487            -7.65122
6.62025             1.86042            -1.30909
-7.80709              -6.491             1.90363
-8.22735             6.54645              9.6086
1.63601            -2.60697             1.60119
-4.67547             2.36114             1.67713
-2.03278             6.37345           -0.150527
-3.54557             9.29045             8.28724
-6.23611            -2.54863             2.54036
-1.99409            -2.45284              8.4231
1.62472            -5.82128             6.07359
-8.25325            -2.43936            -3.92941
2.94312             3.86263             7.57608
1.95407             2.92159            -1.08187
7.41139             8.03864            -6.74771
-5.88215            -4.89425             6.33534
-8.45937             3.26725             9.53828
-1.22439             2.17251             2.63998
1.58063             9.73952            -7.75591
7.74318             4.89809            0.467254
4.1115            -3.10401             8.12807
-5.73181            -3.70802            -5.54551
1.66974             7.19318            -9.03476
3.09579            -1.92029            -9.06614
2.4125             9.36138             9.58552
9.53803            -1.16519            -6.37608
-2.43754            -9.04973            -10.2068
2.87092            -1.09425            -8.86302
9.93346            -2.46301            -7.38672
2.40142            0.236092            -7.16536
3.18398            -4.51429            -8.21757
-1.37279           -0.532508            -7.82169
4.86174            -2.76538           -0.479906
-2.95413             2.86169            -3.25222
-0.742147            0.687288            -2.82645
-8.01776            0.488729             4.76829
5.21231            -5.24915              2.1848
-1.61163            -2.90141             4.10168
-8.61745             6.69777             -3.7191
4.44675             5.47389            -2.70544
-6.19184            -5.54608             6.05159
0.886641            -7.87597            -6.76408
0.824393             9.12082           -0.779307
8.06163             7.21123             9.41951
-2.51207             2.75148            -1.53698
7.32325            -6.99342             1.42798
-0.00618291             6.04834            -4.38096
8.39627             -9.6926            -9.35722
-4.11961             9.60216            -6.58142
-3.51193             9.45643            -3.84751
2.19819            -4.04155             8.70395
6.5669             4.95501             7.47795
-1.29323            -6.95105             8.48016
3.19551             3.45759             8.38178
-2.54948             6.14128            -1.37012
-3.80869             -9.5877             4.72326
7.98866             2.56564             1.31157
-7.19693            -9.83254            -5.47521
-8.67048             4.16825            0.558742
-1.02967             2.31212            -9.90043
8.04722             0.17697             1.80075
6.09456             0.89807             2.86876
-4.16114             -3.9545            -2.13501
3.57666             0.96766           -0.111737
4.79903           -0.544831            -0.48343
4.58497            -8.12499            -3.03045
8.22935             7.23814            -9.15802
3.86213             9.73656            -3.71576
-7.66112             9.93135           -0.449564
-4.32143            -9.30016             9.31863
5.97478            -7.90621             5.80605
-6.79844             6.36772            -5.04359
6.44397             6.31685           -0.884135
-1.5461              -9.289            -2.30435
3.65766             -6.6913            -7.22755
9.37486            -7.44513            -7.37757
6.74678            0.926478             8.15406
-3.19787            -4.34998             6.56892
4.06729              2.5366            -9.52397
9.74263             4.20453             4.99149
8.03817            -4.12675            -0.40929
1.14666             4.44221            -1.35559
-5.72874             3.97159            -9.07467
-7.70481             4.99428             3.07496
7.01146             3.10012            -9.49522
6.15518             3.54798              9.3779
-2.77741            -9.10617            -6.58216
2.00392             8.33756            -9.55359
-7.50661              1.0774             5.28812
2.16809             2.31874            -6.98093
6.85588            -7.54917            -4.58127
4.54339             1.59361             4.73465
-0.873597             5.46372            -7.71435
2.20058             -3.1957             7.10824
9.21811             2.71845            -4.74601
-9.63989            -9.44439             8.25765
-6.66421             4.02429             8.80833
-5.61177             -2.1109            -4.80593
5.31051            -8.00401             3.01264
-6.84259              8.1511              -2.667
-8.16996            -6.76081             3.22538
-0.173888            -6.98378            -8.36809
7.98991             -5.4106             -7.4703
4.68652             7.69955            -5.65657
3.18629             3.37857             9.00158
6.46503              7.4873           0.0694137
-2.23814            -9.46613            -9.96819
-5.71504           -0.289607             4.50021
-3.42946              -2.212            -3.42802
8.84143             5.52405            -2.46653
-9.00158             5.82535            -4.62902
9.85829            -5.88628            -7.56167
3.97822             2.84654           -0.946975
-1.54353             1.76641            -8.77581
9.03964            -7.05605             3.82345
4.57867             -2.7337             -1.6111
5.31176             6.21991             4.41717
2.75072            -7.12365             6.21548
-5.16267             4.76537            -5.79691
-0.870441            -5.02297            -7.52596
-9.98775             -5.4744            -8.19651
4.78183             4.56813             -10.423
5.42469            0.982393             4.03249
-3.83179             4.83618            -2.96836
-6.5916            -1.61687             2.85006
5.48113           -0.338184              7.8598
1.73815             7.38881            -3.70284
4.22121           -0.132811             7.55165
2.12177            -6.06208             4.17295
-7.09673            -9.62828              -1.671
0.158888             6.36775            -1.68632
-2.44235             7.28689              4.3365
6.12635            -5.24638             9.89902
-8.06024            -6.76799             6.70641
6.57432             1.20884           -0.290777
0.99953             7.96332            -6.48678
-8.03829             9.38268            -9.74865
-4.19257             3.50717             4.14378
1.80171            -9.93723            -9.06286
4.81349           -0.453609             3.79579
0.93683             9.44674            -6.46005
-4.50794             6.30208             -9.1644
-2.54485           -0.784235             2.62599
7.80632             5.44029             3.38589
1.20355             5.39568             5.97542
-9.07121            -6.36779             8.79962
1.34175             2.52532            -2.82411
4.39082             3.75787             4.27203
-0.786752             0.10496            -9.04957
-2.66455            -2.69282            -1.37135
-0.47209             8.44337              0.7625
3.23424            -9.89756             7.36465
9.70484            0.426658            -2.18282
-2.13089            -3.02038             3.80966
5.8703            -8.04659             7.14576
-3.61357             -5.9519             1.31246
3.57635            -1.22249             7.42347
2.28815           -0.861121            -7.12327
-3.20402             1.02384            -7.02126
0.712203             9.92905            -4.81998
7.89306            -3.46446             3.29802
-6.52502             5.75825            -5.89154
3.57524            -7.60614             8.05424
9.98726            -6.88587             7.89924
-1.06789            -4.00341            -2.84957
-8.48174            -4.78845             3.38713
1.34932             3.71493             6.12758
7.83085            -8.63953             1.10038
-8.05998            -1.20556           -0.639957
-0.239653             8.79305             7.85296
9.87952            -2.62204             9.78085
-8.05227           -0.769771            -4.89492
-7.59335            -4.86473             9.04024
-2.46659            -8.29234            0.761332
-0.0329909            -9.20004             6.52531
-1.57566             5.65224             9.97578
4.18492            -6.30024             1.02925
4.54005              -3.426            -3.09687
-4.90931             1.03005             1.60069
-8.49819             1.11591             8.36387
8.45041             8.08799             2.30534
7.23891            -3.90036            -1.07428
-7.26681             1.97168            -3.48864
0.477664             5.31951            -8.76954
-6.17172             -4.6641             8.94543
8.03047             3.87351             6.04751
-2.36574            -2.52258             6.16136
2.52082             5.90733            -2.38057
-0.354997             5.22572             4.66642
-0.414492            -8.24673            -1.04954
-2.98481            -3.78516             3.03607
1.76606               -8.36             8.64069
-6.16119             7.51182           -0.689672
-7.84006            -5.83999            -8.66376
9.30468             7.09576             9.98775
2.82313             3.25136              9.2115
3.23941             9.56584            -7.28813
-3.48736             2.07372            -1.84453
-9.75505             8.51043             7.01495
-6.24647            -3.37696            -4.49301
5.4392            -9.20229             6.89254
6.5568            -5.30726            -3.41037
7.26128            -1.92421             2.68032
1.36208               1.265            -4.05507
2.45323             8.54769             -5.6586
6.46176             6.79282            -5.19148
4.59437             8.30085             9.84742
-8.42362            -3.58483             6.57749
-2.75637             2.90552            -9.48518
5.07595             8.65885             2.59818
-4.93847            -4.81189            0.697398
-2.52185             -6.3783            -8.06631
-3.2617               -1.66             5.60906
-9.15188            -9.80145            -5.78264
1.94731             3.78371            -6.23903
-3.28182            -7.03408            -1.67586
4.38419             1.03758            -8.73985
2.49999             -4.3626             -3.7119
-2.0111            -2.00357           -0.158747
-3.15792              4.5465             6.04329
-6.1021            -4.52174            0.723134
9.56336            -1.98862            -9.73773
-8.1097             1.54678            0.274548
-9.02509            -8.06364             8.92385
4.50451             3.06367            -8.68888
1.75219            -5.71241           -0.391909
3.764             3.93391            0.888383
8.48189             2.25781            0.681507
-2.75604            -9.26541             1.19207
6.73483             5.71998             9.55415
7.23165             -6.8187            -5.35608
6.56872             9.74674            -3.39649
-7.60735            -8.60197              1.4079
1.54004            -4.78601             2.31388
7.31225             6.28117            -3.65913
-4.26406            0.404092             4.11195
-4.49036            -1.27598             3.89532
-1.50313            -4.65788            -4.76801
-7.08743            -3.28028             6.34321
-4.50055             7.32275             4.05133
-2.09952            -7.66372             2.67098
-4.5664            -7.80991             7.08596
9.34217             7.79652             6.18568
-5.84923             8.18464             4.20004
0.880826             2.13324             3.34843
2.98085            -4.78657             9.84768
-8.43929            -8.82516            -1.60286
1.48486             3.47403             8.70063
-4.50526            -6.35361            -6.82157
-2.28068             1.58459            -2.19293
-4.6227              4.0269             1.60006
2.49891             8.87993             7.96395
-0.0219067              8.6728            -4.16629
0.564928            -6.42256              7.4583
-3.43189            -7.26964             7.66948
-3.30401            -4.32395             7.28249
-5.58533             9.28599             7.40569
5.24061             1.35463           -0.457058
6.27498            -7.46397            -9.36051
-8.46799             -6.5167             -1.2468
-0.42097            -8.54391            -5.19196
3.22598             7.58875            -7.83976
6.64752            -7.03185            -4.04688
-7.84706            -7.10708             6.04175
-7.61763            -8.18707            -4.98134
-0.168894            -9.74619            -4.77356
-6.20163             3.97128              4.0739
0.80278             4.25836            -4.27191
3.3466             2.01819            -3.82122
4.70098            -8.67755              5.7762
-6.48742             5.21624            0.124214
-5.04809             8.74026             -4.6382
2.67693             6.79017            -9.44901
3.65942             7.12612              5.4811
8.67195             5.33014            -9.30721
2.17386             3.30228            -3.75113
6.98408               9.516             2.72232
4.51831             8.52961            -1.95966
9.11341            -8.56866             2.37353
3.7144             -5.6074             -4.9211
2.05822            -1.54844             -8.8002
-0.84085            -3.05059            -6.75146
-2.85187             8.12399            0.224131
-1.21504             3.85507             1.04101
1.85798            -6.08402            -6.90776
6.01086            -1.24469            -2.32329
1.73665             0.45839             4.51429
-4.31856             5.26629             6.80168
-7.57684            -9.35886            -4.64818
-2.07794             9.09092             7.37255
-8.87276             8.86915             9.49725
8.55178             6.77827             6.48231
-7.12153            -1.91064            -3.01362
9.79484             4.97529            -2.34909
-8.89685             4.01323             6.11115
-8.5824             8.26634            -2.07729
3.62693           -0.877623            -6.38281
-4.19527             2.82423            0.496375
3.24232            -5.35308           -0.315386
-8.62755             6.66591           -0.581018
8.70335              8.8212            -8.61827
4.17061             -1.1999             8.33858
-9.31563             1.74955             5.52102
-4.41842             2.48797            -2.36803
0.13756           -0.331578             6.84002
9.11577             -3.0792            -5.77831
6.52085             4.38144             6.78148
9.00009             6.36504             0.75904
7.73733             2.97885             3.75738
1.3071             5.91859            -4.60714
-3.41614            -1.19669            -2.16622
-7.82933            -7.60461             4.27153
7.89112            -1.64346            -6.73266
-8.00801              6.5891             1.07348
-2.1786             5.39492           -0.574672
4.38128             2.26045             4.28906
1.41173            -4.63398             3.42802
0.101097             1.53821            -6.80683
3.38931             7.00527            0.329622
1.02726             1.77358             2.22063
-3.91799           -0.607314             -6.3149
-2.65767            -5.58763             -8.5294
6.67349           -0.821392           -0.380605
-8.19029             1.38851             8.36696
-4.15276             3.21959            -1.07749
4.70062            0.552002             2.71938
-2.86054            -9.05528            -4.80393
-6.02857             8.47001             2.99092
-8.95563             3.77458             2.00767
-1.77067            -6.98229            -7.78735
0.0722067             2.34174             4.34442
9.89436            -9.27549            -5.40705
-0.618137            -8.84794            -4.03703
9.92203            -9.96356             6.96065
-9.94754            -7.09484            -7.25599
5.9899             5.82385             2.72741
5.65059             2.73707             -9.2692
-4.54241            -2.51784             5.15691
-9.1185             3.48064            0.469894
-8.07088            -9.67005             5.35479
9.55122           -0.745118            -9.18329
-2.39833             7.28502             4.03993
9.31063             1.31432             4.00804
-0.817406             6.24952             5.20836
-8.12401            -5.63489             1.27069
0.354578            0.356996             8.81279
0.893938             8.52203           -0.982851
0.847488             4.65865             3.58603
-8.95921             1.00214           -0.620396
-8.45214            -7.62682            -7.25805
-6.66058             9.50549             4.95763
-1.14676             7.62231             9.78652
-3.29477            -4.29366             5.92053
-3.76172            -7.83451           -0.649235
7.21275            -7.66658             6.76877
1.33822            -6.59727             5.60609
-3.05741            -4.99774            -8.51668
-7.73269              2.2619            -2.45324
5.06742             0.19038             3.97202
6.72953             5.96265              1.5616
-2.57676             7.84669             6.05105
-7.56876             5.58057            -4.46237
1.467             8.32035             3.27591
-0.440268            -1.66038            -7.85592
9.64258            -8.52095             8.87402
-3.37105            -7.97721             9.97934
-0.67922             2.13572            0.461517
-2.12895            -8.90931            -2.57285
5.53528             2.23525            -9.37295
0.295271             2.55448            -9.58722
-5.7852            -2.67229            -7.57293
5.26035            -3.51502            -4.59888
9.14917           -0.191622             4.76536
8.50248             8.26968             1.60783
1.96099            0.162879             2.03279
-8.62803           -0.953738            -6.05911
4.29694             6.65021            0.696659
0.643112            -2.82521             1.57009
10.0166             1.74825             -7.0404
-3.61129            -9.35806              1.2198
-5.12604            -1.04319              8.9611
-8.50454            -5.26639            -4.13344
7.93642            -7.04928             8.58056
1.88679            -9.31325             7.29782
-9.74399            -5.85109             4.74745
-8.7783             3.12472             9.38731
1.09304            -5.26862            -8.41913
-5.57976             -6.6519            -3.37897
-5.73189            -9.31553            -7.38051
-0.464387            -3.36555            -9.36932
9.6571            -1.82252             7.50298
-6.00572            -1.66293             2.27748
8.62671             8.25385           -0.589392
2.98159             2.14349            -7.08342
4.90789             -8.3024             9.57692
-0.419133            -1.03328             3.51114
6.37287             2.96824             4.47692
-7.76094             3.54775             9.95163
-1.4972            -4.22534           -0.295438
-4.44492             4.80709            0.729331
-1.47209             1.23565             7.40763
-2.71529           -0.603247            -4.31551
-8.36876             3.67171           -0.737779
-0.239532             5.91395            -1.96688
-3.54787             -7.5851            -8.76932
1.71996             9.74439            -1.59164
-4.57936            -5.50007            0.288079
6.29243             4.34478            -6.60528
3.09887             1.97417            -1.23071
8.63859             -2.7613            -1.46871
3.45123            -1.04642            -8.63928
-9.87798             2.28597            -5.89426
0.829978            -9.44418             1.12955
-8.96609            -5.37818             1.99991
0.927212            -5.63192             1.69205
-9.07569            -6.53043              4.1731
-2.6485            -4.86091            -2.00024
-7.66447             -9.4635            -9.33691
-1.64507            -1.36247           -0.681466
2.99077             3.06703            -3.44432
4.46846             6.74997            -2.56049
-5.76526             2.42513              -5.299
8.87143             5.12415            -9.75173
-8.54029            -9.66162             1.18922
6.37316              4.2648              5.5825
5.76307            0.502588            -1.39295
0.702697              8.8752             1.09023
3.98225             2.17352            -4.41424
-1.81629            -6.97034             5.21758
7.63154           -0.474186             3.40757
0.285843            -7.63217            -2.51675
-3.49822            -9.31583             -7.1707
0.606648            -6.47873             1.35463
-5.27079             4.41517             3.64029
1.68711             9.55522             -7.8159
-7.04959            -2.74163             7.52771
-0.232505             8.38563            -2.57918
-5.81783             7.88103             2.96698
8.50276              1.5988            -3.34825
-7.75397            -1.49857            -8.97953
6.65998            -2.65918            -6.02018
-0.356339            -9.07722            -7.38001
-7.95115             3.15109            -1.71784
-0.821514              8.8081             3.44988
7.15015            0.218156             2.84381
-0.312861            -4.31736            -9.30059
-7.43579            -6.52561            -5.07807
-7.97772            0.921026             1.32885
-6.64277             4.23443             -4.7351
-6.96604             3.47021             4.43063
-5.10232             4.09236             4.03509
9.31679             6.56855            -4.16331
1.66135             7.64956             -1.6485
-8.18905              3.2993             -6.0041
2.70618            -7.56628            -5.36688
-7.93403             6.29289             5.88332
-0.665592             9.15388             8.65916
0.373449             5.46299             2.24264
-1.92164              8.2771           -0.801155
-9.17575             9.13622            -9.41474
7.50384            -3.64979            -8.12554
-9.01703              7.5042           -0.917149
2.68128             2.08285             3.05152
8.96457           -0.569537            -3.74041
-5.09329            -7.86852             7.18478
7.79758             2.13668            0.812106
3.25455             5.35951              2.0043
-3.54576             7.25769              7.8188
-6.78383             7.11552           -0.188036
6.23656             4.47801            -8.58796
2.37366             -9.6558            -5.89752
-6.33292           -0.621734            -6.42469
-2.37522            -4.12155            -7.03493
8.69006             1.40262             -9.6988
-3.09789            -7.53731            -6.30185
-1.60324            -9.22552            -5.36548
5.61456            -6.44543            -2.52298
4.52329             3.71565            -8.83679
-7.12534            -9.53351             9.91531
-2.71851             7.82611            -1.24551
-1.72591             2.13113            -7.68311
9.88209            -4.63256            -7.33736
0.492256             4.74475            -4.22573
-4.59895            -3.60969            0.470462
-0.146308            -0.67234             5.19181
3.91852            -5.22261            -1.41322
8.8822             -3.4819            -9.27199
-6.87382            -1.09935             5.49177
-1.57196           -0.164391             5.30647
-7.6928           -0.879785            -3.32958
-4.61529            -6.01787            -7.28643
-8.4025             -1.4916             3.80965
4.88762            -5.64663             3.25304
9.90872             9.03892            -7.19845
2.15506            -5.31846            -8.09536
9.44226            0.660224            -3.72031
-2.67942           -0.606921             8.56242
6.55463            -2.04322             8.17026
3.44629              7.1815             -1.6835
-1.83698            -1.18691            -5.96653
1.21146              7.2102             8.58411
9.72578             -6.0503            -5.49751
2.89008            -6.83059             3.06793
4.24101            -2.43114             3.26627
2.94914             5.71156             3.07302
-2.67482            -9.30809             5.73759
-1.14758            -4.56876             -8.5192
-1.50258             3.81677           -0.621831
8.0725           -0.167187            -1.77737
4.97994            0.428119             7.26718
-7.28856            -9.64362            -7.51987
-6.49327             5.03873            -8.06157
-3.18753             9.99652             3.55356
5.88598            -1.08002            0.151692
-9.39803             5.28747             2.55014
3.0057           0.0418216             3.70168
3.1807             4.11265            -6.32555
0.474806             2.71661             5.56472
-2.91603            -3.53083             6.74296
-7.10861             6.46371           -0.693108
4.4916             8.81305            -8.86244
5.52386            -1.93233            -7.73665
-7.49774            -3.47131             4.24866
7.96773            -8.21733            -9.28689
-6.01192             4.56484            -3.17727
9.42574            -4.62855            -1.00597
9.98098           -0.842551             4.35582
-2.6963            -3.33213             1.95932
-6.28148            -3.14486             7.05782
-4.42507            -2.86475            -7.13781
-5.41463            -2.99009            0.832396
7.9498             -3.8406            -1.85516
-1.77055             1.31959             7.25079
4.78911            -4.98055             4.40959
-4.47238            -7.24066           -0.318501
2.6454            0.734106             7.66832
6.42752           -0.816989             2.19167
-8.29348            -2.86865             4.07208
-7.32994              -6.253            0.178252
-3.8838            -9.90361              4.1955
-6.58345             2.51866             4.55469
6.85349             6.78087            -5.26068
3.23655             8.80543             9.73665
-1.63697             3.16907             7.43366
-1.59871            -3.46653             2.65478
1.26634             1.67219             3.67066
-6.61892            -9.33619            -5.30667
-2.47401            -8.84348             1.92756
-4.06574            -4.95336              1.3103
-7.06482            -5.55371             6.38934
8.43709             5.10341            -3.25068
-9.40365            -7.32716             3.86454
-9.96986           -0.395134           -0.479351
-7.66608            -3.74549             7.40535
-2.08215             3.43628             0.62278
8.1963             5.71388            -4.37433
3.22451           -0.923847            -3.56464
8.4712            -9.18986            -5.10468
5.2818             -8.8264            -8.59552
5.69598             5.86816             4.82481
-4.13531             -8.2202              1.9637
-1.07913            -3.59671            -8.29155
5.39007            -2.26597             -8.3659
-1.97325             2.27537            -1.70239
7.1565             1.13123             8.79667
1.42273             8.69275             0.76615
9.69981             1.50962            -3.23335
1.97016            -1.81736             -6.7871
6.12041            -6.98516            -9.61682
8.00026             2.41121            -1.20922
-9.55212            -6.17924             7.70854
-6.1592             2.90438             7.76861
3.71771            -3.56795            -7.70984
-6.73612            0.284507            -7.78203
7.82555            -5.43404            -8.48644
-9.47395            -5.56281              -6.411
-2.92675            -2.41595            -3.24086
8.82963             5.53394              8.0034
9.62052             2.20072            -4.42271
-5.25299             1.16867             9.71569
-6.68477            -9.49203            -8.85869
4.71174             8.92007            -6.00818
-6.35284            -1.99492            -4.76547
-3.69078            -1.65196            -8.70585
-4.13657             4.60294             9.15261
5.10095            -1.78059            -3.29149
2.82932           -0.252682            0.805935
3.55518            -8.00027             4.10179
-9.00209             4.67062             2.79344
9.48151             2.96154            -6.38386
-4.86556            -6.03439            -8.11166
-4.11626              7.9237           -0.278118
9.89571             -2.5892            0.423956
-2.47715            -3.58228             1.21766
1.97737             -5.9878             8.94195
8.26285             1.26063            -8.34494
-6.15621            -7.30726            -8.47415
-1.10473             9.94887             3.41421
-8.31993            -6.78807             7.88213
-1.47002             5.21034            -9.89107
-0.679252             5.72676              6.6293
-0.474484            -8.53971             1.54811
-8.61944            -9.51813            -3.80835
9.84703             5.76747             9.57368
-2.03821            -2.68403             1.29175
3.02185             3.78321            -3.66299
-1.80939            -4.67178              -6.238
-0.445334             8.59964             3.90071
8.4057             0.59771             1.47974
7.89058             2.15594            -2.15741
8.44519             0.61081             6.95831
-7.62336            -5.60313            -8.17434
-5.11327            -2.98112            0.928076
5.55385            -3.22466           -0.638109
5.98398             4.67028             -7.4641
-8.82514           -0.120472            0.758772
-8.21581            -4.87948            -1.45913
-4.77407            -1.86286            -5.59647
6.79829             9.91969             4.49564
2.50726             7.28147              9.8278
6.37774             4.41391            -1.84702
6.50495              1.4329             5.79416
3.74075            -5.78038            0.446197
3.1213            -2.22603              7.9542
-2.25441            -7.12092            -7.40804
-1.3122            -2.41065            -4.38944
-6.84373            -6.77349             2.12891
-4.90453             3.53657            -1.25819
-8.15534            -9.77938             4.57809
7.16769            -6.82531             5.62608
8.66911             6.74715           -0.961993
9.86604            -2.74778             8.03361
4.09413              2.6281            -5.81498
-1.4777             2.21949            -1.02789
8.18363              3.0256             -4.6806
0.390664             9.42815             4.37029
4.83236               8.132            -7.55578
5.2723            -5.51816            -5.87116
4.12899             8.08324             5.67898
4.05688             1.26801            0.151592
-4.43917             5.76419             1.12857
-4.3127             1.25835            -4.39234
-6.13541            -2.91091             5.23843
9.8865             8.97201             5.14974
3.75815            -9.73072              1.8447
3.54801            -4.23731           -0.482402
3.94946            0.161938              7.8509
2.92602             6.29068             6.87148
8.93113             8.84108              2.1942
-0.689319           -0.129607            -3.43581
4.06008            -9.89796            -6.60834
7.6526            -3.14924             9.75346
-8.43645             7.88097            -4.89946
4.95773              5.3801            -8.19499
-4.05786            -7.97121              -3.274
-6.49879            -4.26379             8.85855
-5.61549             6.71243             5.78407
6.74708           0.0150123             5.64345
4.64235             8.77944            -2.99773
4.4302             9.61061             6.43709
2.69516            -7.29817             7.85313
-4.14249              -2.853            -4.75481
6.13734             1.72812            -8.52541
-4.45825            -9.87141            -4.87371
5.60269             7.38992              4.3213
-2.99771            -5.03776            -2.81839
-4.45936             4.85365             3.48764
-7.35645            -2.72675             3.66998
5.28282            -7.32732            -2.14971
4.93255            -9.23729             1.49716
0.917734            -4.19024             9.70961
8.7581             4.89552            -6.97442
-3.06379           0.0608007             3.88949
0.72039             2.99814            -1.90477
8.79645            -9.43473            -7.00441
-6.28297            -5.62236            -4.70132
-7.15847            -3.27492             9.03313
4.20483             2.93431            -9.78439
4.92733             1.93659            -2.65191
2.9238             6.26089             5.57507
8.07382             8.57645            -3.56499
3.18527             2.96237            -5.08876
7.37586            -9.54077             7.53254
-5.54651             2.95304             8.49965
8.8695             2.26252            -8.65581
2.13235             1.04117             2.81349
6.55149             9.16462             4.94008
7.57033              -2.623            -5.69832
-9.403           -0.570749            -5.92536
-4.40408             6.66284             1.60126
-2.32554             7.56692             2.05221
-3.01411            -8.07633             6.32104
-9.44698            -7.94398             -2.0272
-8.29175            -6.94209             2.04256
4.39838             8.31335            -8.02539
2.03484            -3.32609            -3.87149
9.84034             -3.8203            -9.35995
3.77828            -7.70616             9.03509
-6.82195             5.08835            -8.76143
-4.56428            -1.78585            -5.21534
-7.12982            -6.51801            -3.08914
-4.79673            -2.89157             -1.4298
-6.54893            -6.57457             1.63825
2.20385             5.75113            -7.96674
1.38172             9.52477             9.26854
6.00473             -7.8889             0.97179
4.88814            0.764823            -5.25296
-5.36015            -7.39172            -7.80263
-0.484217            -5.58387            -2.57477
4.54942             5.99483            -6.94003
1.44622            0.297372             9.12803
-4.93145             9.58201            -6.96652
2.95688             9.36828            -5.81085
-8.984              7.0751            -7.82644
2.43211             8.79636             2.79213
-7.03153             3.34589             -7.2713
1.37928             3.53809             -2.7283
6.57638             9.97119             2.62052
9.11838            -2.06557            -3.71142
-8.21743            -7.43132            -2.69671
8.48075             1.11624             6.46373
-6.77609             2.99745             -8.1189
0.26527            0.826379             4.83697
1.31854             4.25798            0.115333
8.81893             8.28935             -3.8499
7.60559             2.34864            -2.83111
-4.74748            0.620741             6.41546
8.05808              4.6728            -1.42463
-6.62692            -9.59144             3.71807
8.81458            -2.90997            -2.93842
7.35603             4.94876             2.28607
-9.62243            -1.40901             3.85809
4.48957             1.44895            -1.54395
9.52384             1.46786           -0.993136
3.19926             7.80238            -5.08452
-1.06672            -9.74497             8.09501
1.83195             4.00451             4.53868
5.80426            -6.46739             6.87427
5.91017            0.720146             8.45518
-9.54612             4.95001            -1.80597
-9.0604              8.7221            -5.54375
3.17339             4.82677              4.3831
-3.66199            -1.73265            -4.61289
4.27592             7.86347            -2.74832
6.15347             1.23698             7.02073
-1.81676             9.58144             8.00204
7.6412            0.417371            -3.29737
-6.75084             6.27206              3.9266
0.181067             6.45369             9.60483
-8.50484            -8.73256             4.86605
-7.74            -6.53229             8.48994
9.85188            -3.60084             5.68584
2.91619            -5.96258            -3.39697
-2.65376            -9.73255          -0.0757002
1.15629            -6.92967             2.38904
3.72684             2.83014             3.43747
-1.12345              4.7603             2.60459
-1.22344             9.21715            -6.62731
6.62603            -7.92278             1.42105
7.31132             6.77222             4.01749
1.27928             6.67773            -1.28334
-9.9466             2.65205            -4.05316
0.728888            -7.48598            -4.22368
4.40593             3.56444           -0.245474
-1.51049            -6.48581            -1.20623
4.93602             4.09963            -9.32697
0.565719            -5.22675             4.05157
-1.10578            -7.78768            -3.84323
2.22015             7.72277             4.85725
2.26574             9.84282            -3.98698
-6.12661             3.73695          -0.0643668
5.48977              5.7895           -0.630252
-8.48966             2.97324            -3.68331
-0.165746            -6.53037             8.48346
-9.79846             9.61919            -6.87135
5.07663            -5.92192             6.13395
5.50127            -8.05689            -2.84246
1.67911            -7.78334           -0.966134
4.23775            -8.06524            -5.31945
3.623            -3.16609             2.75796
-9.72379             5.23207            -4.37746
9.95399             9.53587           -0.692985
-6.34038             8.65785            -8.22702
2.64657             7.49654            -1.87459
-8.12534            -6.16245            0.947754
7.55222              8.1905            -1.41648
-0.68888            -6.50965           -0.983638
8.85977             5.39643            -8.49141
-7.25867             2.34258           -0.363829
0.308059             1.94113            -6.77798
-6.63079             6.96903            -1.22224
3.59871             5.90639            -2.10757
4.27342            0.932783            -9.90161
-5.6138             9.41539             2.85726
4.65434            -7.22489             7.25061
-4.59897             8.15351             2.32045
2.96736             5.41541             -8.7937
-8.63336             5.52666             9.76218
6.41647             3.33477             2.67417
7.09589             3.00584            -3.41293
-5.61445            -8.82014            -3.04975
4.08454              9.3453            -5.87997
2.86629            -5.92131            -9.19842
3.67611             5.59846            -4.84569
4.79856             8.04079            -5.58923
-7.4192            -3.40227            -9.80045
-5.71567             3.72975              4.0958
-0.648034            -1.44225            -1.74849
-4.14543             7.89349            -7.07893
5.05906            -9.41042            -1.29714
-6.20629            -7.04183            0.425939
0.385043             3.03802             -4.5907
4.8845             3.01209            -5.22558
4.04498            -9.74177            -5.54366
-6.44459            -1.07708             2.50938
5.87252            -8.52756           -0.344925
-4.96983             -6.9544            0.770794
-3.28218             9.80391            -5.13617
7.5704              1.4622            -2.31342
9.37681             1.46587            -4.19199
8.3656             5.20043            -2.30652
-7.16899            0.541802            -1.13529
-9.86642            0.859723            -3.56956
-9.68014             1.01488              4.6997
-1.40185            -2.37158            -8.32965
0.717986            -6.02171             8.53816
-9.59807            0.299312             -1.8319
0.304238             2.99645            -3.98754
-3.62268            0.782493             -3.7151
-9.92203            -5.80771            -9.48617
-6.20147             3.03587            -5.50161
2.84477             1.22452            -6.49252
0.555253             9.71293          -0.0294253
-6.51833            -6.64231            -5.03898
5.79432             5.11619            0.112225
-8.7713             7.87044             1.54045
-4.09006             2.62909            -2.60889
8.19662            -3.13955             3.05767
5.13831            -0.41871             4.47431
-3.44207             -4.7523             6.12853
0.69256             2.60459             1.11032
5.20397            -2.41129             2.55095
-0.579187             4.22574             5.40554
-4.01046             2.41853            -7.02042
-0.581867            -1.98591            -2.93454
-5.72407            -2.08598            -8.71652
-7.50458             3.11192           -0.815558
7.99515             9.23852             1.52098
9.52589              7.6116            -2.55807
8.65466              6.4165            -3.25749
2.93088             5.31949             3.30653
-1.93719             -8.3549            -5.83086
-5.69988             -6.5315             -6.1216
-6.03149           -0.240902            -1.09867
8.94997             9.21643             7.24592
7.63928            -3.88585              5.3578
3.88566             5.05067            -1.30921
6.54071             5.61643             9.08706
8.97924            -4.30017            -1.29431
5.34813              3.6876             6.29133
-8.89116            -4.32232            -8.26438
9.47175           -0.337542          -0.0215306
-3.36377            -1.94044             7.51671
1.30613             1.23155            -4.33639
-0.610141             6.55295            -4.20897
-1.53662            -3.70332            -3.04535
7.7403            0.548963             2.32254
-9.62539             3.91208            -4.23411
3.12588             4.47983             9.05741
7.22877              8.6492            -6.72209
9.4801             2.66871             6.80172
4.86575             9.09346             7.05785
8.86589             8.38291             4.14839
-1.75336             5.12008            -7.17652
-6.96138             -8.0014            -2.38878
-5.56009             5.85912             4.08251
-2.38757            -3.50682            -1.21766
1.69803              4.5899             3.66215
6.74234           -0.552255             3.35804
-6.39856            -4.60906            -7.34643
3.0909            -1.35717             -3.8257
-8.53158            0.124332            -6.94573
0.991888             -3.1344            -6.09061
-7.36873             1.44689            -5.34585
-1.16646            -8.71645             2.54886
-2.47264            -1.68251             2.30995
4.11043            -8.33557            0.989688
8.26676            -9.18287            -7.61701
8.1649            -7.15611            -1.74628
1.17671            -1.68404             1.16837
-8.61896            -8.49537             5.32253
7.7912             -3.5144            -6.25068
-4.2676            -7.00981             7.62571
-9.35937            -9.77989             6.84102
9.0354             -4.1351             3.75632
-4.43573             4.63423             9.80014
-4.94801             9.71386             2.03867
-7.46702            -2.84603            -0.56749
4.25456             3.09558             0.78375
-8.98864             2.83703            -3.25103
8.70262            0.289505              1.8631
-0.930511            -8.17602            -3.65302
-8.07008             9.93154           -0.028503
-5.30051           -0.359688             3.98778
-7.74286            -5.28157             3.29664
1.22086             6.05838             7.03529
7.949            -8.44483            -8.96193
0.14763            -5.60339            -6.24205
6.00893             -7.9037             6.57159
9.78742            0.525569              7.7891
-9.04626             5.80875            0.365718
-7.68043             2.74848             -1.5464
-2.31626             5.62697            -9.82221
-4.79722                3.39             6.36401
8.66044             1.64216             8.36826
0.544923            -3.54478             1.23462
6.80077            -3.16083             4.89055
-3.67212            -0.83108            -4.69411
3.70301           -0.930147            -4.33108
-1.59705             4.28196             5.42751
5.96256            0.584498            -1.21652
9.21382             7.93947            -2.20789
7.70184             3.71979            0.450467
-9.77404            -4.00514            -8.07832
5.7058             8.57764            -9.34445
-3.63263          -0.0670168             9.34274
-1.95441            0.250641            -9.73627
-3.31029            -5.80077             7.15917
7.92357            -3.84213            -7.60441
-9.24865            -6.93136              7.3352
3.65173            -5.63884             5.68164
3.77768             1.08065            -5.30916
-7.97494             6.31745            0.895762
-7.38773             5.32786            0.645475
-8.25127            -8.35172            -3.55821
-4.47727            -7.58149            -7.97302
-1.88041             7.51644            -3.40472
-6.24323              4.1166             2.70693
8.63512             -7.1892             7.89307
-6.71732            -2.13639           -0.753859
-7.3475             4.34614             8.20206
9.71446            -8.85323             2.73744
-7.46705             7.70344            -2.40986
-7.33785             4.21217            -9.19862
9.46747            -2.18282            -3.62345
5.70179            -8.98744           -0.711878
-5.7102             8.95108             2.92623
0.250516             5.51855            -8.41227
-4.82502            -9.95582             9.45795
8.43057            -8.81206            -2.02003
3.71666              6.3004            -6.11787
-6.80174             9.54541            -6.84673
4.44653            -1.87148            -8.25564
1.80357             8.48008              5.8005
-7.72353            -2.22885             5.91023
-7.45666            -3.63403            -1.86812
-9.25267             7.99771              4.5601
7.67888             2.65413               1.215
9.12815             7.69171             1.33769
-8.06272             1.83762            -2.42688
-9.03528             7.19104             -2.9564
-8.45181            -7.88951             2.05286
-7.13055             0.86074            -2.51318
-4.76621            -4.66228            -3.75216
8.61215             7.26571            -8.80894
6.18117             8.95011            -8.45403
-4.75077           -0.327599            -6.91477
0.947285            -2.05602             1.62039
0.968975             3.58435            -7.22258
-6.38075             8.91405            -4.06425
-7.257            -7.07705             7.22574
-8.62681            -2.48928            -1.32304
-2.85117             1.83748             8.26417
-2.55975            -2.92282            -3.99031
-2.55879              2.1352            0.652263
-0.0662869            -2.93025             7.15654
-1.56491            -6.23546            -6.12739
5.93077            -9.93473             -8.3524
4.82355            -4.92575              7.9384
-9.41551             6.16477            -8.65387
8.07958            -8.93184             5.25756
7.03943             2.27839             2.10382
8.11173           -0.530329             6.57342
-1.99602              7.8428             9.21068
5.96669             1.21237             9.27111
6.60825             7.74087            -7.61915
-3.32639            -8.03149            -8.35582
1.06124            -9.73044             4.90896
1.511             3.24264             6.40121
-8.26806            -4.00767          0.00930056
-4.88144           0.0714198             4.59696
7.84156             2.78526            -3.11035
3.47976             -2.3955             7.94293
-3.18456            -9.95314             2.60681
8.79048              5.5643            -2.17362
-7.05163            -4.85351             8.48958
8.33115            -7.05305             1.13084
-8.16565            -3.24552             2.05516
-0.48893            -5.36022            0.139042
2.36784             8.70543             9.03685
-9.96644            -5.47803            -5.20646
7.65414            -9.52957             -9.9004
-4.78421            -3.19191           -0.365066
3.12083             3.38539             8.25691
9.19204             7.40839             1.67509
-1.21573              2.5616            -1.37531
2.8903            0.792483             6.17428
9.55346            -5.03929             3.56077
1.45407             7.56484            -6.03947
-6.84584            -9.63987            -6.67301
-1.17654            0.845245              6.9316
5.24227            -1.70523          -0.0814566
-9.40135             8.54043            -4.17883
-1.31463            -2.94512             -7.1205
-8.40071            -5.87991            -5.70769
-4.43057            -5.01667             3.37876
8.25351            -2.99038             9.17728
7.93037            -0.35008           -0.444408
1.92946            -6.52662             7.84707
4.82536            -6.77349            -0.52884
9.27593            -1.34845            -1.38295
4.20466             6.13997             7.52756
1.85978            -7.76251             5.92452
0.83697             1.46953            -8.29622
1.3944             6.22335           0.0725437
-8.05572            -6.33592            -5.84174
5.22724            -6.50028            0.835328
-9.69634             2.48004            -5.90227
-5.24943             8.91936             6.08577
6.28717             7.77607           -0.336888
6.09043             9.02976              3.3726
-5.39665             4.40149             5.92869
-9.38692             9.85696            -5.72191
2.44851            -6.04536             8.29753
5.02723             -1.5282             6.14665
1.44096             7.86633             8.31923
3.28379            -7.75214             6.20954
9.96064            -2.09849            -8.55799
4.62871            -2.41412            0.614658
8.50437            -9.83858             8.30453
-6.94143             9.65693             9.92703
6.5931            -1.78358            -2.05369
3.25767             -9.6145            -8.65434
-8.59501              6.5417             7.44685
2.23938             6.29048             1.02127
-4.79252            -8.08741            -2.70762
4.3633             1.51659             3.78689
0.385073               9.921            -1.13881
-4.30669            -5.58496              9.6889
6.60358             1.38582             6.50844
3.50837             4.81852            -1.42752
7.15543             7.23665             9.06036
-9.58631             8.56793            -8.63213
-5.27312              6.2987             -9.4445
0.0540552              7.7837             2.08086
-4.28461             3.53855             8.64917
-8.40954             9.23068             4.82469
-4.3179            0.880442              7.8699
-6.07522            -2.34893            -9.84152
-5.80089            -5.59161            -9.06754
7.94607            -4.88699             4.75214
4.59194             7.28499             6.48308
9.7886            -3.63676             -7.2259
-6.05674            -9.32953            -9.58091
-4.83941             6.98556             4.90798
9.94121            -8.58701              6.0264
4.37498          -0.0120031             8.52359
-8.92554            -7.36567             4.94998
2.40793             8.65102             2.33164
-4.52976             1.58026             3.40664
1.90225             2.27152            -5.85078
-8.75405            -9.38872             2.81589
1.38331             0.32516            -1.97261
9.50652            0.377598          -0.0313965
-1.72257             5.72079            -7.29729
-4.77422             2.62767             1.99428
0.0779157            -8.89743             3.17625
-2.46628           -0.155203            -9.18122
-2.96511             2.97058             1.79336
-5.00409             3.86659            -3.90834
2.52527             1.54733            -2.11044
9.99181             6.15966             7.79815
1.09433             1.46892            0.337675
-0.373203             1.33541            -6.87454
0.0676753             9.92847            0.186804
-3.33819            -6.95856             -5.6915
-7.44688             3.53461          -0.0815039
-4.71678            -7.32184              6.2547
-5.47658            -6.14242            -5.38941
9.80638             7.71457             3.59049
3.94718            -3.32121            -6.09187
-2.48628            0.280997            -7.53391
5.08836             6.24651            -1.01261
8.90906            -1.96559            -7.43215
7.85939             8.13097             2.61951
-9.04324             6.50721             8.91029
7.35535             1.49381            -6.59376
5.84549             7.64283             9.22397
2.28733              7.9828            -6.82498
-5.13749            -1.14008            -8.09787
4.21249            -4.67656            -3.40839
2.54672             6.10649            -7.64934
6.63738             2.08499             4.16901
-1.25741            -8.47724           0.0947356
3.30601            -1.35882             4.52394
-6.57475             9.70982             5.15772
0.772565             5.15934             2.33695
2.98797             -9.8471             1.56831
6.91032             -2.1357            0.940201
-0.897986              6.9779            0.475682
9.66194            -2.46502            0.515532
-2.95159            -1.17971             6.95945
-6.49842             7.38229             1.98335
-1.9806            0.331135             4.83996
-0.412349            -6.59119             2.18232
-1.0361            -7.09412             7.64857
8.33839            -9.70471           -0.542093
1.62539             6.08718            0.132569
-0.0212645             5.08351            -7.35861
-7.38135             4.25036             4.93907
-8.82779             5.92511            -2.92335
-8.64261            -1.30919             7.11315
-3.79043             1.26054            -1.63676
1.10264           -0.181516             7.51076
-5.7275              3.2072            -1.67471
-6.53847              7.2784            -4.44516
4.33561            -7.85228           -0.657002
8.43949             -1.4463              4.1979
3.17894             1.91924             2.67588
2.34575            -4.01478             3.00879
0.945637             6.39034             5.85682
3.57174             6.16544            -4.34638
-6.51775             9.76453            -5.69474
-2.75954              6.2461            -7.31649
-8.50477            0.183627            -7.94893
5.94442            -4.76916             4.65004
6.608            -8.63894             7.40106
-5.62326            -4.41883           -0.990724
-6.72989             5.51602             8.40053
6.39112             6.05239           -0.587317
6.94811           -0.756903            -7.43332
-8.19948             1.56697             5.01202
7.08864             8.62064             -1.4866
-7.57296            -9.01942             7.28937
5.21196            -3.70729             6.69966
3.29519            -9.82952             7.09828
0.290138            -2.03355            -9.04483
9.69227            0.632738           -0.836875
-2.38032             1.29161            -7.54482
-4.666             6.77884           -0.647733
-1.31647            -9.04845            -1.57331
-6.88008            -8.15763           0.0237843
10.0368              -1.441            -6.23882
-1.98641             6.44448             1.61403
3.94947            -9.43514             3.86288
-6.76456             7.08157             1.60101
9.4129             5.04833            -6.20651
6.56134             3.86354            -2.71965
-0.965325             4.91062            -2.91091
-7.03433             2.84656             7.42179
-3.91078            0.894462             2.63576
-8.17428             8.76299             1.47917
5.32578            -7.72894             5.41934
1.68687            -7.12526            -6.79467
7.69996             6.53672            -8.10411
-5.92361             7.77916             2.39782
-5.1799            -1.43322           -0.138063
-1.71418             8.80524            -2.55143
0.472946             2.04061            -8.37681
0.789326              9.4468           -0.313941
9.31341             5.96244            -5.51963
2.40908            -6.55007            0.178867
-4.66644            -8.65691             8.72956
-4.1155             2.39252             5.08655
6.10246             6.75616             5.99581
-1.41625            -7.64489            -3.25596
-2.96339             5.12021            -9.45403
0.842558           -0.989524            -3.76407
-1.82459            0.749451             8.34349
0.877122            -5.71249             3.07426
0.786559             6.92885             1.54472
9.09863            -7.84874            -9.32744
2.86643             8.47506           -0.650753
-6.67094             5.92031            -8.32519
5.79321             9.30229            -1.99927
-7.18118             -8.5078             9.27914
5.01931            -3.04393             5.48502
9.09248           -0.414074             9.11624
5.62657           -0.589186            -6.94781
9.33701             7.86487             1.55647
-7.61296             -7.8068              1.2099
-7.0896            -1.98784            -2.15802
-6.6221             5.04404            -3.82922
8.9246             3.33656             7.95278
3.24849             6.04156            0.917371
1.23623            -7.11181             5.08595
-6.0982            -7.25344             -2.4571
-4.0712             1.88467             6.86539
1.9289             6.86128            -3.84601
-6.75699            -4.02029            -1.55334
-9.404             -5.7278             3.17346
-2.66344          -0.0784488             -4.7932
0.520261              6.8524            -9.16871
-2.33653            -4.87139            -7.71071
5.07467             8.68228             3.38889
9.88355            -3.36516             6.69679
-5.21164            -8.76617             6.58193
-6.04006             8.84034             -2.0163
9.21333             0.58957            -1.24973
8.25928           -0.159864            -1.66651
9.40209            -8.34527             3.08835
3.27105             3.22363              7.1008
2.11552            -8.22608             5.61895
-2.53511             -2.3518             2.31258
-3.75987             3.52843            -2.92991
-9.39037             7.75341             8.42152
-8.469            0.924836            -4.66649
8.38109             2.21241            -1.37892
-0.868682             8.12662             4.50459
-1.20878            -6.86668             5.84398
-4.63388             6.32378            -9.07086
-6.81124           -0.852506            -4.22285
-1.51887             1.67728             7.59379
-9.62656              -2.628             -3.4377
-3.46429              5.5617             1.58062
6.26987            -9.71075             -4.6116
-5.34956            -7.18034             2.91264
7.77413             5.59071            -5.31922
0.677562             -2.2981             3.39189
1.03383            -5.17706              8.9157
-1.95348             5.90832            -2.48457
8.26966             5.79367            0.849436
3.19425            -7.08616            -4.95916
-8.7185              1.7757              5.3107
-5.62669              1.4491           0.0759176
1.79042             1.92235             7.42952
3.28075             2.90182            -3.03161
8.2984            -2.93259            -0.49813
-0.854759            -2.95152            -5.12047
2.21389             8.93825             5.26556
9.04095             2.69462            0.854486
5.8112             4.52682            -7.74596
-0.0525912           -0.497071             1.94031
9.56161            -3.03728            -2.41159
-5.43242             5.59656             5.77761
-4.66873           -0.121941            -9.56025
1.17808          -0.0300208            -7.02132
-6.73578            -5.46358           -0.183625
5.3894             1.17971            -6.64203
-5.87687            -3.86922             8.35066
7.79983            -3.03716             4.28103
-0.826588            -2.20108            -4.21045
-6.55943            -9.53295           -0.544696
2.85083              9.2544             8.26125
8.06285            -8.09556             4.54383
-4.82325             2.34605            -7.96071
-1.95887            -6.75026            -8.72346
8.83204             9.58398            -2.97267
-5.09901             8.07247            -7.27676
-1.11518            -1.54433            0.507431
0.582292             2.25781             8.25706
-1.70197             -9.2127            0.674594
-6.09877             1.71615            -9.87243
2.29418             3.70287             1.16593
-7.09            -8.94325             5.21462
2.88109            0.515006             1.68459
2.43642             2.61486            -4.03153
0.135661             6.72493            -9.82089
4.76944             2.27053             2.15267
-3.67392            -6.09649             0.67755
-7.19109             4.44982             4.33616
9.47577             6.13623             6.05122
2.54467            -8.39071            -6.47409
-0.146937            -1.13716             8.66481
3.57177             5.45909            -8.47581
-6.54172            -2.31125             5.26079
9.94161            -8.49434            -0.88434
6.49717             -5.3478             5.50358
9.96757             1.01268            -1.86528
-9.38324            -4.68699            -5.23434
9.43272            -9.22459            -7.90823
-7.17664            -9.35844             9.49046
5.24364             -7.3941             3.45941
-9.42516             8.93324             3.24581
2.11615             5.69888            -2.14945
2.38332            -5.16508             5.01637
0.32294             5.50899            -4.82038
-1.97088           -0.480462             3.95913
4.99467             7.80477             6.25916
-1.52027             5.46339             3.34717
8.64696            -7.56913             5.38801
-5.10248            -0.91126             9.78684
-5.32045             6.00143             7.29828
-3.22115              -1.149            -8.32996
3.30756             5.87177            0.149374
-4.08853            -9.26845             4.86385
1.42386            -7.18416              2.7169
-5.32609             2.46294             2.81876
1.65348            -6.08355            -2.53805
1.02489            -6.05479            -2.34569
5.28424             6.96074             7.78517
-2.09338               2.269            -5.97321
6.17133            -4.65843             7.08404
6.67222            -1.49969            -8.13183
-5.40438             8.59959            -1.59922
-4.784            -7.55654            -9.29479
-2.59386            -2.72128              0.0736
-5.14468              5.9313            -8.03872
-5.38059             -5.6394            -2.66976
-0.382664            -7.77009             8.23935
-2.85077             5.88952              6.7012
7.21353             3.49246            -6.70592
8.65299            -8.26592             6.56937
5.90392             4.99665             3.28047
5.26176             2.34837             6.04264
-2.63317            -7.69159              8.3081
2.2974            -9.28604            -7.43061
2.19721            -5.93874          -0.0358722
-9.12794              8.6178            -1.47393
9.37898             9.81122             1.13792
-0.821593             1.53805             2.67272
6.19045          0.00440268             5.22475
-5.15597             6.01648             -3.6078
7.70393            -7.49145             9.14973
-4.57675             1.65217             3.58144
3.89573            -3.43727             2.36116
-0.0787907             6.08455             -7.4733
-8.10365            -7.10236             5.92714
2.01392            -1.98101            -4.40231
3.37836            -4.08605            -6.72885
-6.84007             8.77109             2.16117
-2.05746            -4.51539            -8.65678
1.04611             -6.0479             9.98517
-1.00346              6.4278             8.86614
7.6465            -1.64646            -6.64723
-1.62901            -9.13071            -6.43541
-8.25216              8.2532            -9.11764
-9.502            -1.59885             2.38684
2.64983             -3.4007              2.9582
0.262262            -6.56439           -0.158304
1.60504            -4.73924            -5.52172
0.794312             2.45048            0.151266
-0.284055           -0.660861            -0.98684
-8.90334             2.80216            -9.34779
6.49277             -5.5716             8.15893
2.21283            -7.46261             7.27147
2.78049            0.583254            -1.22371
0.200587              7.0824             1.60989
-8.36528             4.14028             2.90435
-0.489808             4.17736            -3.01375
-3.2884             8.81605             7.97892
4.36042              5.5997            0.813171
-2.86912             5.03477              4.4744
-0.699692             6.20479             7.13767
6.45701             5.29303             3.96853
0.698553               3.068              1.0554
-8.47829            -6.43594             2.95021
3.50275             -3.7482             6.97146
0.884153            -6.63106             6.83834
7.7466             4.49843            -9.73612
-9.96144             7.76487            -4.93583
0.343893            -2.23074            0.569546
-4.24028            -9.25809            -4.70891
-4.98203             4.49127             9.21978
8.39728            -7.87046            -1.50926
9.52144            -8.81337            -6.00915
-9.17545            0.139456             6.50493
-1.30352            -5.75785             8.07715
-7.3182             6.46571             9.02626
-0.782688             1.41439             2.88222
1.94532            0.192864             5.87973
0.813528             4.93271             7.31654
-8.96333             2.53754            -6.72134
-3.11169             9.77537            -7.62177
0.591325            -7.83095            -4.65402
-2.55542              6.3884             9.37525
1.70402             2.46371             6.36045
3.01358            -3.71647             8.04479
-5.54299             6.45533            -3.64969
-5.62243               3.295            -1.66227
1.79092            -2.85444             7.64675
-7.34615             7.84389            -7.55676
9.19934            -4.03149             7.87771
3.36761             6.10623            -5.89304
9.93585            -9.30952            -5.84584
0.131529             7.34874             6.70284
7.19941             8.74815            -3.44334
0.125436             6.94918            -4.47322
7.42264             6.72543            -4.03075
-3.55893            -5.09951            0.590811
7.88598             8.35782            -3.04306
-5.27229             1.56156             3.50667
-1.60014            -2.66916             6.82414
6.45222             4.04846            0.351806
3.06003            -7.60942             7.61114
-5.58321             6.09258           -0.789045
4.09312            -9.64118            -8.05998
-8.11526            -5.14933             7.91504
-6.28034             1.36777            0.570793
1.70048              1.0785             3.17488
-4.02403             6.25587           -0.456024
1.69549            -5.45552             1.38401
-1.65195             7.29932            -3.60925
-9.73143            -9.26187             1.68441
-7.9005             4.70649             6.39469
4.91935            -5.38292            -1.14627
9.95161            -6.53571             7.92345
-5.07035            0.784735            -4.52845
8.31165            -4.24163            -2.48127
1.70534            -1.05513            -1.20593
4.04904             -5.7962             3.26128
6.97697           -0.379349             3.81775
-4.59912             7.39776            -3.70706
4.06741            0.130292            -1.35746
1.333             8.82344             5.21328
1.91369             2.32664            0.962497
6.15853             9.61182             8.98249
5.47136             7.03636            0.597057
4.92665             1.52767            -4.65579
6.09128              6.5552             5.18048
2.23242            -7.72739             8.45472
7.32814            -5.86363            -5.71438
-1.22191             8.62921             -1.4909
-2.35258             1.29473             5.64904
-8.57911             9.29661            0.200102
-8.30186            -6.91302            -1.22438
-5.2252            -5.45952            -3.27961
-3.68386             7.38067            -6.96816
5.18161            -7.80924             8.08408
-9.21514             6.27807            -9.64549
2.07254             -3.0623            -2.89616
