-7.59578            -3.09674             6.96951
-6.58041             1.98644            -4.27843
3.19406            0.102531            0.318605
-6.11775             6.56177            -5.15886
4.22407            -3.52978             7.89911
-7.55607             -6.4211            -2.93313
9.22453             2.41309            -3.02224
6.58193             7.00398             5.65234
5.31175            -8.48019            0.655847
-9.72502             8.80916            -8.44019
-6.62591            -2.64352             2.43111
5.84978            -3.33816            -4.37391
-5.56325              9.7064            -7.34061
-9.65333            -5.85346            -6.48518
5.9511            -1.29795            -5.54155
2.40058             6.72231             3.06071
9.13725            -1.62513             9.03531
6.10096           -0.254533             7.02964
8.13288            -8.13289            0.426042
-5.00045             6.90785            -9.30875
7.69372           -0.908242            -5.75975
3.90668             7.80357             6.77786
-5.82541            -1.87843            -5.80736
-7.73035             5.90654            -9.32462
-0.890271             -8.7567            -8.39777
-1.95626             2.22845              8.3868
-4.53143           -0.612823             -8.6993
-0.81334             -4.2531            -2.88461
0.249327             3.03811            -1.03579
-9.91944            -3.73547             8.59737
-6.95122             -2.4604            -1.05017
-4.43404             -8.3041            -5.19244
2.34747            -2.47565             7.14801
3.44249             2.17444            -2.48332
-8.99231             1.31535             -1.3297
7.72972            -2.00964            -5.30994
-2.25535          -0.0744572             8.06666
2.48998            0.774259            -5.99779
0.875568              7.2692            -1.99316
-0.146799            -1.59429            -5.86809
-3.1712             7.97388            -7.17459
-2.5129             1.38097             4.00922
-1.7808            -6.43391             8.76126
7.35005             -6.5865            -3.72661
-3.1822            0.910982            -8.25983
-3.13885            -7.13614             6.01368
1.45756             9.84741            -2.65633
8.86379            -5.63127            -6.28284
5.09171            0.491356            -1.46488
-4.07116            -3.53526            -6.70857
7.25242            -6.14734            0.728786
-9.64628            0.529802            -3.11075
-0.250892             7.43951             5.27482
2.8785            -3.80443             -3.6198
-9.98265            -7.70379             6.41164
-2.77233            -6.93472            -7.61955
-2.3341              4.0312            -7.97418
4.36992            -9.52757             8.96482
-7.09132            -4.89395             5.44237
5.42006             5.14421            -8.42005
1.98733             3.88715            -7.01651
6.23828             2.46468            -7.94274
-6.53159             8.21162             8.28789
5.34255             9.43297             5.08467
8.3007            -1.31687             9.74117
0.659507            -8.50581           -0.637565
9.80469             2.89407            -5.01298
-0.0170956            -9.35484             7.99186
-8.02731             7.40227             3.87463
6.53858             9.68048            -9.72197
7.5991            -5.75732             3.52428
5.65996             1.45482             6.93442
8.49909            -5.00503             1.25584
-2.08563             5.18113            -1.14841
-6.46446            -8.92483            -7.13461
8.28545            -4.82925             8.19239
5.16951            -9.89043              3.2194
2.41279            -7.32322           0.0192307
9.95789            0.138555            -2.37708
-4.01196             8.97244            -4.74471
-9.7223           -0.146485             1.07822
1.83782            -3.38267            -8.81618
-2.6991            -4.34126              3.0134
-0.78648            -7.34245             9.31517
9.6835            -1.09958               0.141
5.58213             9.25444           -0.182191
0.777316            -6.21265             -1.1716
-8.72616             5.09201            -4.93759
5.47805            -7.89697            0.702845
-0.549328             5.86047            -1.44352
6.93717             8.35261            -1.54698
1.25797            -4.39314             2.72866
5.86136            -2.95816            -4.44349
-9.87792            -4.25306            -3.05337
3.99213            -4.79537             9.60996
4.25183            -5.79821            -1.55341
-7.66994           -0.476693            -9.67749
0.943316           -0.342417             8.15332
4.89699             4.54329             9.75401
5.32273            -9.07346             9.27577
0.824006            -5.15823              -3.885
1.51494             5.19639            -5.43107
-2.91699              4.8088            -4.32264
0.500498            -1.94372            0.274365
4.52465            -7.38425            -6.96981
-3.73334             1.83752             -2.4723
0.331745            -8.64864            -9.45402
-0.450764            0.183723            -8.92086
-5.57546             1.99256            -3.67259
-0.617092            -4.48866             1.78137
9.11495            -6.68111             -8.6761
3.42966             7.49443             3.69732
-4.77403              2.8541             8.58578
4.77034            -1.19052             6.67074
2.0194             7.57531           -0.197756
7.17031             8.60195             1.64983
-2.30661            0.441302             2.20191
3.98785             5.74176            -9.19827
7.51456             -6.9927             8.82535
6.87765             4.01837            -7.85882
8.08344             4.57015            -1.43467
3.44158               9.888            -7.34458
-7.00586            -9.67772             -8.4466
1.52745            -9.89837             9.61761
-7.95254             9.50744            -3.05124
-9.13574            -1.70476            -3.61461
-7.77769             4.37697             6.01975
5.65169              1.4304         -0.00642638
-1.73135            -3.62559            -3.44895
-2.31942             1.11057             2.25378
0.097037             -6.2804             3.00118
8.7994             3.20414            0.546273
3.99303             0.80142             3.22246
-9.54618             8.44325            -7.26432
-1.91507            -6.66738            -5.15671
9.86295             4.98337            -7.62444
-3.5405             5.73382             9.94873
-8.05965            -7.04123            -8.40846
9.60173             4.45021            -6.68294
-8.45272            -6.32954            -2.37464
-2.51229            0.379654             -7.6342
-1.2064             -5.7686             7.39098
8.15545            -9.29655             9.58831
0.512095             8.51009             -8.7054
1.05534             3.68939            -6.26026
3.54931            -2.41584            -1.40171
-9.32191             1.02207             4.26161
-0.356156            -7.12882             9.15586
8.49939             1.82898             9.86298
0.378727            -3.91918            -6.21112
-1.06055             4.94369            -2.17291
-6.32649            -3.91644            -3.27463
-6.97383             1.07975             6.58407
-1.3056            -4.33149            -6.00055
-6.79712            -7.87103            -6.63686
2.24155             1.11942             -8.2052
8.40446           -0.601211            -9.13602
2.62275             6.48793             2.12348
-7.89547            -4.43464             2.58306
1.8439             6.92312            -6.16353
0.824907            -7.24478            -9.11012
-8.12494            -8.29829            -7.97667
7.79504              8.4344            -1.26684
8.41366            -5.34776            -8.50034
4.94429            -9.60295            -3.57371
-3.07046            -9.60448            -2.17108
-1.24122             8.88913           -0.858176
6.75129            -9.05667            -1.03213
-6.9018            -3.48857              -7.387
0.979623            0.545675            -7.19596
-7.0547             5.48814            -8.84884
9.71097             8.50734            0.328383
-8.15609            -6.02618            -9.68169
7.94791             7.36229            -5.75182
-7.86771            -3.11899             7.21031
6.46807            -5.89373             -5.6447
8.43682            0.540792            -7.93725
-4.16853            -6.57765             1.95288
5.27788           -0.168461             6.24745
4.71816            -7.30552            -6.18518
2.70178            -9.43998            -8.09198
7.34978             3.50048             9.57824
3.84473            0.278025             8.07734
-3.98389             1.55156            -8.38984
8.03519            -7.26706              4.1258
-7.71355             5.97583             4.55764
2.37221             2.24586             5.67584
2.22632             9.08017            -2.92214
1.42397             1.12156             5.55621
-9.26328            -9.33225            -3.89019
-5.91481             7.75933             8.42888
-2.94353            -9.43175              6.0573
-4.35258           -0.628676             6.27732
7.00948            -3.45469             8.17012
-6.94301            -1.64739           -0.124205
4.94398           -0.668049             5.14694
-5.14943            -4.64583            -3.18826
-4.83995            -7.92504            -9.91576
-9.10646             4.34279           -0.321356
1.98367             9.21049            -2.85897
5.02575            -6.89657             8.04224
-3.72144            -6.16687             4.88754
-2.03378            -1.23203            -5.04074
4.4566            -3.52183            -9.87029
-8.74422             7.71844            0.954928
4.92078            -4.53016            -8.58027
0.602431            -8.59615            -7.70226
0.31829           0.0817908           -0.704058
5.8513             4.10932            -9.01455
-7.93389             7.25731              5.0795
-7.12153            0.812404             6.26027
7.44041            -5.07614             2.40425
-3.4181            -5.26383            -8.42005
7.80875            -3.26242            0.468768
-9.85905            -8.52107             -7.4636
4.5744           -0.251166           -0.721454
-6.21665              5.7854            -3.59935
-1.54914             -5.6682              7.9748
6.35669            -2.42927            -4.18378
-3.11991             6.36555             3.51299
-5.28065             3.76049            -1.73375
8.29187          -0.0299041             7.03788
-4.96875             2.45308             6.74762
6.87823             2.67464            -6.03322
0.778204             5.88459            -6.12999
2.93557            -2.19308             3.49618
3.05611            -6.87491            -4.20943
1.98217            -5.89129            -7.80817
0.143108            -6.82637             6.87827
-7.91833             1.71359             3.07322
5.28276             1.20914             6.50289
4.19141             7.05344             5.77807
7.39278             5.01725            -2.23395
-2.8254             1.78287            -5.34776
0.444963            -1.46489             3.41075
5.73534            -9.74029            -3.39884
4.57685             2.05512             9.15769
6.51754             1.59671            0.404985
-0.274073            -1.48596             1.28605
-8.89676            -8.07489            -0.38575
1.29487            -7.90765            -6.45283
1.46427            -2.09878             5.34898
-8.64926            -9.06492             -3.4672
-8.52048             7.94885            -2.79091
-3.21396             9.10337            -8.94039
-4.97545            -1.04497            -2.86538
-4.65685            0.509649             5.31938
-0.634206              9.9057             8.09962
5.52963             -2.1015             6.10554
-7.00982             8.31841              9.0228
7.93724             8.36054             9.84436
-9.37284             7.12363             5.03312
-2.30509             9.02341            -3.65245
-9.2578             7.43673             2.50039
9.75218             1.93243             4.79293
9.38687             6.93289             2.74879
7.62933             7.93173             1.40931
5.17838             4.18928            -2.42931
-8.21283             5.38286            -7.22131
-5.93188            -9.30604             9.11801
9.52331             4.85302            -6.01825
5.68194              8.3407            -7.03237
1.1063            -2.98227              6.4214
-9.81627           -0.756885             2.77536
2.54464             9.72376            -1.84515
-0.144654              9.3353            -0.25391
-4.7566             6.28192            -1.17282
9.40337            -7.09069             8.62789
-0.0167755             3.44854             8.55404
-7.44254             -1.9477            -8.56776
2.35817            -2.86141            -2.24677
-6.84927             3.43395             1.50335
1.82532             8.26134             8.77469
6.69119             2.80893             5.14207
-0.219421             1.34862            -6.09912
-0.768452             4.99283            -7.63573
8.71792             8.57263             4.30891
-2.38319             -3.7498             3.56182
-5.35538             2.39387            0.695521
-2.51289             6.96737             8.66573
-9.0472             4.49443            -4.30768
3.60455             2.89835             8.28486
-2.86263            0.289915             9.40276
-8.24823            -7.06476             7.85181
-8.89248             5.22806             3.85846
-2.02124             9.46927            -4.02661
6.52151             4.92476            -3.88075
-4.02233             9.04935            -3.17486
1.49419             4.50179             6.42039
8.32515            -3.18064            -1.25556
1.05229             8.75179             1.92081
6.00941            0.762663              7.0232
-6.94875            -5.24674            -8.54518
-1.81981             4.23903             9.99329
9.47478            -8.46827             1.15818
3.11412              5.0554            -7.14896
8.08711             5.70086           -0.320135
-2.84493             4.82681            -9.09634
3.99946            -6.09058             4.60464
-4.12976            -7.06564             -8.5815
3.4901             4.12244             9.97223
-2.71279             8.03187            -3.22214
3.89325            -9.10642             8.93155
6.63382             6.28437             1.18321
3.56304             4.30891             6.06617
-0.857566             -5.1564             4.65164
-8.75423             4.40016              1.4475
-9.80773            -6.84103             2.54128
0.620144            -9.09939            -5.74419
3.87708             7.34093            -2.16528
-0.633553             5.63616             6.70462
8.37215            -4.45112           -0.874351
-8.90621            -4.05499             2.43233
-6.15497             2.44271            -4.15723
3.44586            -8.78292             8.66726
9.82178            -3.46201            -7.64977
5.49822             -8.5055             1.46093
-6.75618             -3.1077             8.17561
3.09733             5.47106            -9.38965
2.14912             2.42988             4.59332
-8.02575            -6.13971             7.02893
2.27546             6.96738            -4.07456
6.77786            -8.87295           -0.131861
4.2433            -1.67547            -4.78319
0.141614            -2.34107             8.95871
-0.333868            -4.90432             2.96885
-4.84847            -1.78564            -5.85802
6.15254            -1.24454            -2.50984
-0.687273           -0.445871             -2.6667
-3.40434             8.32362             -9.1763
3.76661            -1.61107             9.04477
-1.39713              2.7192            -1.59703
7.48375             4.11359           -0.801412
-7.65862             1.36052             -7.3342
-3.48063            -1.91687              3.7492
8.522            -3.31248            -6.86452
-1.69163             8.00135            -9.97467
-6.52058            -8.97305            -1.88268
7.73676              5.2675            -5.86809
-4.07208            -5.68773            -8.42371
-3.67534            -3.92285             1.02604
-3.61461             -6.8453              -1.095
0.733672            -7.01163            0.521565
4.18532            -1.93548             3.49285
6.30513            -4.68733              6.2679
4.79538            -4.04919            -2.84859
-8.56135             4.71481             2.50802
6.98173             5.15061              5.4207
-6.64204            -2.79763             2.13081
3.94757             4.39497             4.32051
8.86197            -2.92398            0.759588
2.94443            -7.04306             4.60004
-1.93761             6.20198             0.66462
-2.24219             7.41234             2.79733
7.15446             -7.9516            -2.74117
5.47533             -5.0206            0.969565
-0.887169            -8.28241             8.32027
-5.53758             4.89517             9.78576
-3.25082             2.36549            -9.72716
8.81253             7.18375             2.78116
-6.07532             4.26924             5.45397
-9.61302             3.95398            -5.60899
6.21419            -3.87646            -8.89523
5.50005            -8.66787             -1.3245
8.54824            -1.27109            -4.99557
7.92108             -2.5074             6.68295
-1.2836             8.30348             -3.1727
-0.596935             7.76818            -6.29841
-0.456244             4.10108            -3.71074
-1.54759            -8.15271            -2.65328
-7.21396             1.31138             4.77798
-4.81002             5.29038             1.51037
-6.6985            -4.09589            -4.49873
-6.06585             6.35243             5.58337
7.45965             8.60714             -3.3848
-3.73943            -5.55986            -5.60136
-1.50486              3.1077             3.16538
4.973            -8.87691             8.37978
-3.64512            -9.27488            -4.85915
5.42864             2.52907             7.47094
-0.905171            -9.86083            -8.10296
4.39467             8.43593             4.64614
-4.75996            -1.94891            -1.49512
-3.39823             9.41923             1.10201
7.00736            0.858186             6.31973
-8.75027            0.440688             7.14866
-0.509347            -8.50459             9.69696
-7.35923             5.33586            -9.46714
5.03251            -3.02835            -4.25489
-2.05725            -7.83166            -7.08151
2.26662            -4.95193            -6.03442
8.78629            -7.29423            -2.19916
9.04325           -0.293584            -6.81478
-4.5738            -9.90936            -1.32145
-0.0595042              -4.232            -7.62047
-3.54472            -1.09073            -6.72689
-7.29636             1.25645            -3.06924
-9.45524            -1.10904            -9.85992
9.0286            0.586872             7.73675
-8.75545            -9.46318            -7.54905
3.16569            0.184336             2.04749
9.12077            0.651879            0.594199
-3.79436            0.205696             2.65725
6.08113            0.968659             3.34239
2.56814             8.48293             7.06748
-6.01397             9.01395             3.67413
4.17769             7.82312           -0.594191
8.6343            -8.02728             6.59109
3.82978            -8.84487            -2.03802
7.44652            -2.14789            -2.58369
-0.697642            -3.96466             8.71548
3.67596             -7.5573            -5.41856
-0.932031            -9.26206             8.17256
-9.20804            -9.39787             -4.1499
3.29875             2.52449            -9.16198
-8.31293             2.65175             2.32031
6.0738             9.09086            -4.54764
-7.63665            -6.04053             -4.6648
1.73315               3.361           0.0100365
0.360736             8.72311            -9.47205
2.48696             4.35072            0.949744
-4.8326            -6.39698            -4.30676
1.04435             9.60082            -2.11157
-1.57902            -2.55959            -5.31174
-3.44645            -4.45356             6.44399
6.70309            -8.44264             7.05405
-0.584419            -4.33485            -7.74712
-5.45121            -7.73003             2.07831
8.40328            -7.54387            -2.09967
-8.52839            -5.86382             8.26838
0.00336793             6.40217             2.03803
-6.7046             4.77218            -8.99289
-2.1897             6.63931            -1.32023
-7.73308             8.48995             7.14774
-0.649732            -9.93591             3.04819
-4.75813             -9.6057            0.772428
-8.22565             3.76111            -6.20075
8.55404             7.04459             6.22486
5.81775             7.37175              1.5125
8.28029            -8.60256            -6.16687
-1.6657             4.23964            -3.36253
-8.28821             3.14738            -5.10727
-8.28089            0.598164            -6.13513
3.04942            -3.75835             6.19557
-3.42875            -8.38221             -7.6992
-9.81078            0.510274           -0.642104
8.54824              9.9411            -5.38806
0.302447             6.39668              6.7873
1.03855             2.69326             7.46506
-0.0515751            -8.26227           -0.694635
2.27822            -5.66393            -1.75513
-7.75963            -2.84554            -5.49366
-7.22311            -7.83257            -9.15402
-9.11435             -2.3368            -3.72508
-0.294493            -1.68004             9.35271
-0.509347           -0.526443            -6.98019
-2.20221              5.4973             5.59832
-9.72838             5.86993             1.35808
-9.63224            -6.15558           -0.864891
3.95093            -7.88964             6.96677
-0.607005             1.42003            -5.72771
-1.71941             4.53292             6.12507
-9.06033            -8.69564             4.73678
5.96668             6.63228            -9.31882
8.96207            -6.66646            -9.42747
-1.19113             7.74835             1.56957
7.51367             8.80001             8.55648
0.526146             9.64538            -5.96667
4.67361             4.42061            -5.92913
9.0936            -1.72063            -6.90481
-8.8708            -5.27756             9.56573
9.90265            -3.11319            -4.34583
-2.46161            -4.44654             9.17723
8.88181            -5.22202            -3.40861
1.51891             1.30192            -8.23908
7.68701            -6.21784             2.04535
-9.16501            -2.41401             8.60409
-7.93878              4.0669             4.74563
-6.14062            -4.80117            -5.86445
-9.79521            -6.87185             3.34756
-2.8666            -6.27338             8.75143
2.45735             5.21803            -8.40024
0.15992             8.86746             2.06793
-5.64622            -6.92953             7.35433
-7.2753            -6.87002            -6.17969
-0.466623             6.45953           -0.411687
-2.2895               1.872            -3.21421
6.70767             5.30412              2.3774
7.29118            -4.98397              7.0983
-2.68959            -2.56937           -0.599074
5.60778            -1.97699             7.62566
4.58877             2.43568            -6.29169
-6.70796             -1.9837             4.15571
5.92151             3.93992            0.458698
-2.61177            -5.72649             8.55495
-5.8745            -4.54298             7.52862
-3.97747            -6.27918             5.82873
8.61355              8.5708           -0.927148
-0.682386            -5.40941           -0.848411
-5.88274              -1.095            -6.40217
-6.97896             2.76315             6.84592
-3.35306             3.38204             2.19551
1.39165            -4.87869             2.24037
-8.53724             3.95001             1.45757
-2.72866             7.43187             3.08298
5.92456             5.78202            -2.75856
2.09907             8.51497            -5.20981
-4.53932             -1.5836           -0.523694
-2.97127            -4.36292            -9.37131
-5.64043             1.42153            -9.89501
-3.27036            -3.02072           -0.344856
-5.02975             6.85842            -1.15972
1.58453             7.24994             3.64844
6.62923            -9.08383             8.75546
-9.95605             -6.7385            -7.14744
-2.92489             1.76306            0.187389
4.74045            -2.67135            -5.90167
4.76638              8.6352             2.25532
0.865207            -6.16995            -3.21512
9.11619             7.56339            -6.98965
-9.75493            -7.28727            -5.32578
-9.9411             2.98257            -8.95413
3.47973             4.39403             7.74347
-5.72161             3.79863           -0.265507
-3.56852             6.14731            -4.14838
-8.33857             9.97193            -1.11056
8.63491            -1.06662            0.276502
-3.57432             4.56587             2.93558
-6.79525             4.30278             1.54729
4.43129            -5.16403           -0.101623
3.01554            -8.68709           -0.654923
6.13758            -5.52541             4.86984
4.26924            -8.90413            -6.10675
7.36504            -1.43042             1.39165
-2.99661             4.82466             1.08768
7.0333          -0.0650437            -8.14478
8.04041             3.97377           -0.243534
-1.42552             6.29901            -6.24103
-8.27081             4.98824             6.29384
3.36955             8.06605            -4.49964
-3.74248             -5.0466            -5.04654
5.27696             2.99233             2.33772
-8.69594            -5.82782            -2.64506
2.05909             5.69932            -9.69392
-6.28192             5.85529            -8.96063
9.65392            -6.09699            0.546887
-2.80617            -3.35673            -2.25412
-1.31168            -9.69787            -4.44076
-5.77868             4.25795             8.75638
8.20185            -7.79748             9.95636
-1.41941            -5.87969             2.93711
-4.49049             -4.5381            -6.61488
9.69848             9.59137             6.22609
1.14719            -5.61235            -8.41303
-4.77889            -6.31489            -9.99542
-8.51862             5.96912            -4.41389
2.11433              8.6343            -9.03409
-6.48732            -7.57652            0.734279
6.66739            -3.60057            0.749539
-4.02447            -9.32615             5.16679
-6.03503            -2.37556             9.16929
-8.38801            -5.79729            -1.78533
-3.93352              7.8692            -7.76848
-9.41404               6.068             9.47325
-9.73601            0.769685             7.43035
-7.47459             4.33028             6.60085
-4.86525             9.07804             1.72033
6.05274            -6.97408            -5.36088
-3.03293            -7.66441             7.38518
-2.70668             2.30781             4.75143
-4.84572             3.78613             9.79858
6.75375             5.43809            -2.15399
4.43495            -3.09548             7.23961
9.52117             8.25892             1.13407
2.73568            -9.76287           -0.643348
4.74808             9.30051            -8.73228
-5.11032            -5.13351            -3.05377
-3.9317             6.55812            0.373847
-6.41346             3.11442            -1.71241
5.33586             4.64705            -5.87268
-0.611892              8.4634             1.74353
-7.275             1.94129             -7.0278
-0.912802            -7.62017          -0.0238004
7.39861           0.0247211             7.36382
6.28987            -1.89367             7.30614
1.28666            -3.02469             8.77743
7.59851            -0.95889             2.22023
-6.96157            -4.50178            -9.57335
-7.33329            -1.98095             8.70266
8.19819             -0.7654             -4.7969
7.81061             7.52495            -4.88357
9.99604             -8.0105            -4.16119
-9.38047            -4.94888            -2.84157
5.54003             2.80191            -6.48365
9.42107            -2.50374            -1.04312
6.64602             7.41783             3.62682
0.632042             4.10078             1.09684
-0.339362            -9.60844             2.74118
-9.73906             6.91336              3.8136
4.06965             6.75375            -4.37391
-1.40537             4.90677             -2.7961
2.40212             3.40587            -6.99881
-3.19894            -8.28516             3.09458
0.0793551             5.03556             -6.9808
2.06733            -4.95284             4.12153
1.35869             5.76403             8.15699
7.27318            -6.67897            -6.28103
4.77341            0.129702             8.37029
-5.28427            0.941807             -5.8581
-7.1749            -4.82986            -2.64814
5.04258           -0.716268             8.90864
-2.33832            -2.08685            -5.55561
-3.52519             9.93317             8.42556
-8.7997             8.12556             9.79584
-7.86828             3.32225            -6.18274
0.220656             4.38276             5.66027
-7.75902            -7.00552            -7.63573
0.649743              1.8482            -7.66258
6.59445              1.8598            -1.32084
-7.84539            -6.51326             1.89368
-8.27509             6.53737             9.60632
1.6126            -2.61269             1.57598
-4.72792             2.34871             1.65045
-2.07251             6.36799           -0.169679
-3.57677             9.28496              8.2754
-6.25568            -2.57179             2.51442
-2.02368            -2.45155             8.39778
1.58209            -5.83239             6.05976
-8.27417             -2.4488            -3.95001
2.93039             3.85358             7.54601
1.92206             2.91818            -1.10477
7.37053             8.04499             -6.7629
-5.91906            -4.91775             6.32771
-8.45881             3.25236             9.50408
-1.26712             2.17383             2.61544
1.54791             9.75616            -7.78618
7.7221              4.8735            0.425738
4.08887            -3.11227             8.09107
-5.75243            -3.74126             -5.5608
1.62481             7.21885             -9.0158
3.08024            -1.94982            -8.86479
2.40852             9.33744             9.59349
9.52148            -1.17893            -6.29109
-2.47291            -9.05606            -9.87337
2.86539            -1.12582            -8.92666
9.90234            -2.47016            -7.39799
2.37068            0.229806            -7.18192
3.15013            -4.53291             -8.2403
-1.39774           -0.547803            -7.84753
4.83963            -2.77352           -0.495617
-2.98501             2.86233             -3.2609
-0.776689            0.682395            -2.83822
-8.05292            0.464496             4.76059
5.18571            -5.25437             2.16377
-1.64586            -2.89437             4.08491
-8.65016             6.71133            -3.75713
4.43251             5.46007             -2.7433
-6.21662            -5.56383             6.00849
0.851168            -7.88659            -6.81112
0.781891             9.13144           -0.811788
8.0398             7.17918             9.39574
-2.52937             2.71829            -1.55858
7.28142             -6.9927              1.3947
-0.054316              6.0503             -4.4203
8.39748            -9.72594            -9.39329
-4.13556              9.5703            -6.60023
-3.55021             9.45464            -3.85631
2.17231            -4.05988             8.68832
6.54226             4.92569             7.44988
-1.32145            -6.97164             8.43379
3.18095             3.42815             8.54944
-2.60505             6.16016            -1.38861
-3.838            -9.63927             5.12766
7.97022             2.56844             1.24638
-7.2402            -9.83245            -5.37127
-8.70601              4.1551            0.522787
-1.0419              2.3127            -9.93377
8.02179            0.158395             1.78534
6.06861            0.899076             2.85348
-4.19171            -3.95947            -2.15125
3.56182            0.956759           -0.135498
4.77157           -0.554517           -0.516369
4.55062            -8.12433            -3.06741
8.17531             7.25181            -9.18118
3.84228             9.73693            -3.74309
-7.68425             9.88892           -0.463877
-4.35285            -9.29563             9.28465
5.93677            -7.91497             5.79944
-6.81783              6.3622            -5.08102
6.41622             6.29719           -0.907922
-1.57444            -9.29411            -2.32612
3.61798            -6.69698            -7.23624
9.37071            -7.46879            -7.40165
6.73239             0.91678             8.13654
-3.24564            -4.34889             6.54622
4.03303             2.53426            -9.55046
9.72686             4.17249             4.96872
8.0047            -4.14319           -0.433359
1.10935             4.44014            -1.37577
-5.77806             3.97015            -9.11893
-7.73491             4.98978             3.05125
6.98081             3.07169            -9.49552
6.12904             3.53038             9.37466
-2.82875            -9.11008            -6.52213
1.95929              8.3044            -9.26429
-7.50938             1.07364              5.4567
2.15126             2.31819            -6.72264
6.81632            -7.54845             -4.5137
4.52742              1.5772              4.6962
-0.909448             5.43657            -7.72118
2.17231            -3.19864             7.09098
9.16349             2.70852            -4.75478
-9.66856            -9.47996             8.25831
-6.67378             4.00678             8.77743
-5.63493            -2.11524            -4.82986
5.27269            -8.02484             3.01004
-6.8807             8.14051            -2.69417
-8.18781            -6.77785             3.19285
-0.199584            -6.99911            -8.40846
7.95405             -5.4152            -7.48527
4.66628             7.69189             -5.6862
3.1605             3.35246             8.96909
6.42751             7.47246           0.0479181
-2.27545            -9.47447            -9.99878
-5.76952           -0.307012             4.49874
-3.44615            -2.22602            -3.44889
8.80704             5.51195             -2.4842
-9.03073             5.82537            -4.67055
9.85565            -5.91174            -7.59331
3.95001               2.819            -0.96255
-1.56987             1.75756            -8.79421
9.00327            -7.07266             3.82092
4.56893            -2.75826            -1.65196
5.30168             6.20533             4.39833
2.72836            -7.15048             6.22759
-5.22293             4.78591              -5.761
-0.90853            -5.05203            -7.45332
-9.9884            -5.46589            -7.88541
4.77005             4.59181            -9.98172
5.39537             0.96164             4.16728
-3.85631             4.81522            -3.02621
-6.62983             -1.6117             2.78085
5.45488            -0.30946              7.8515
1.69562             7.38914            -3.72386
4.19752           -0.176697             7.53502
2.08656            -6.00881             4.14289
-7.14346            -9.61913            -1.69988
0.113536              6.3683             -1.7246
-2.46803             7.27531             4.31593
6.08845            -5.24462             9.87915
-8.10052            -6.76473             6.67898
6.53494              1.2122           -0.316473
0.972934             7.96259            -6.51936
-8.06848             9.37496             -9.7589
-4.20667             3.53252             4.14381
1.75177             -9.9707            -9.07712
4.8027           -0.496531             3.78064
0.891757             9.48544            -6.47816
-4.51948             6.31947            -9.19705
-2.58338           -0.813011             2.61025
7.79535             5.40941             3.36742
1.16856             5.50735             5.95874
-9.11893            -6.34633             8.79452
1.29857             2.51473            -2.85134
4.37575             3.73669             4.23628
-0.833149            0.227038            -9.07773
-2.67403            -2.70424            -1.36173
-0.527351             8.46949             0.76325
3.21239            -9.80228             7.43641
9.68261            0.419924            -2.00632
-2.17413            -2.91941             3.84685
5.84705            -7.68338             7.11782
-3.6259            -5.73539             1.29857
3.55877            -1.05505             7.35283
2.25166           -0.725436            -7.15384
-3.2316             1.17221            -7.04458
0.69125             9.92002            -4.84786
7.8634            -3.50138              3.2902
-6.54469             5.73016             -5.8919
3.5548            -7.21186             8.03797
9.96827            -6.55207             7.87439
-1.09073            -3.67567            -2.86355
-8.53083            -4.66385             3.38054
1.32603             3.86791             6.10737
7.79657            -8.50007             1.10355
-8.07092            -1.07029           -0.657975
-0.270387             8.89795             7.84418
9.85779            -2.25536             9.76196
-8.09869           -0.652253            -4.90279
-7.60155            -4.59611             9.01822
-2.49976             -7.9208            0.733974
-0.0408908            -8.95081             6.51174
-1.61961             5.94465             9.95545
4.16975            -6.18031             1.00467
4.50484            -3.45683            -3.12234
-4.92782             1.00711             1.57812
-8.55006               1.243             8.35048
8.43593             8.05476             2.28126
7.22373            -3.91949            -1.09319
-7.29453             2.00354            -3.49897
0.46053             5.28612             -8.5184
-6.17908            -4.67391             9.10702
8.00379             3.88135             6.07989
-2.38685            -2.56447             6.31243
2.49581             5.85834            -2.45002
-0.385445             5.19975              4.6376
-0.460212            -8.25312            -1.07913
-3.02621            -3.79253             3.01523
1.75512            -8.39503             8.64193
-6.16931             7.48803           -0.708941
-7.86919             -5.8565            -8.68282
9.26573             7.04673             9.97437
2.80527              3.1956             9.19615
3.21208             9.51995            -7.30094
-3.52915             2.08045            -1.86101
-9.78545             8.50704             6.98386
-6.25721            -3.44187            -4.52436
5.41155            -9.20804             6.85995
6.54134            -5.30412            -3.44065
7.21458            -1.96111             2.65603
1.3477             1.20122            -4.08337
2.42073             8.52321            -5.67583
6.42721             6.77847             -5.2092
4.56497             8.25282             9.82941
-8.46522             -3.6085             6.58224
-2.77504             2.87241            -9.49736
5.04075             8.65413             2.58614
-4.96596            -4.82284            0.683008
-2.54738            -6.40797            -8.10266
-3.28318            -1.66783             5.56902
-9.19675            -9.83733            -5.80006
1.8888             3.79406            -6.25112
-3.30454            -7.04885            -1.56505
4.37819             1.02786            -8.28613
2.46102            -4.36903            -3.50416
-2.04473             -2.0188           0.0100497
-3.18796             4.51796             5.98042
-6.11163            -4.54084            0.648221
9.54192            -2.00995            -9.77263
-8.14782             1.54576            0.246288
-9.05697              -8.099             8.92423
4.48287             3.03476            -8.70204
1.70996            -5.71856           -0.411996
3.72815             3.92712            0.870697
8.46797              2.2422            0.671716
-2.78206              -9.288             1.15696
6.69729             5.71215             9.53002
7.18406              -6.816            -5.38499
6.53798             9.73938            -3.42967
-7.64671            -8.61934             1.36906
1.50182            -4.79964             2.28889
7.25822             6.28315            -3.67534
-4.30433            0.383317             4.10352
-4.50727            -1.29337             3.87128
-1.54331             -4.6678             -4.7969
-7.12912            -3.29691             6.33015
-4.52986             7.30522              4.0373
-2.1192            -7.68089             2.64443
-4.60096            -7.81365             7.05619
9.30174             7.79748             6.15955
-5.88763             8.17378             4.16487
0.860931             2.10944             3.31309
2.97525            -4.81002             9.92369
-8.4881            -8.80917            -1.61414
1.45879             3.44677             9.00625
-4.49171             -6.3451             -6.4553
-2.31177             1.58757             -2.0057
-4.66139             4.02265             1.78287
2.48757             8.86044             7.95099
-0.0509619             8.63735            -4.21094
0.518822            -6.42842              7.4395
-3.47636            -7.29118             7.66198
-3.3256            -4.34217             7.26494
-5.59404                9.27             7.38365
5.22325             1.34831           -0.480968
6.23707            -7.47032            -9.37833
-8.50611            -6.54103              -1.254
-0.442209            -8.55433            -5.21073
3.19804             7.56768            -7.85882
6.60574            -7.04459            -4.06231
-7.88506            -7.15567             6.02985
-7.64488            -8.19849            -5.00381
-0.199279            -9.74547            -4.80636
-6.23615             3.97809             4.04767
0.783414             4.25032            -4.30616
3.3311             1.99561            -3.83587
4.65255             -8.6758             5.73535
-6.52027             5.22355           0.0936959
-5.07583             8.75058            -4.67177
2.6484             6.76535            -9.46745
3.62194             7.12516             5.46587
8.63552             5.32884            -9.31363
2.15186               3.296            -3.77086
6.96768             9.48455             2.69906
4.50484             8.50337            -1.96663
9.0814            -8.57937              2.4967
3.70038            -5.64989             -4.8333
2.04474            -1.55034            -8.33831
-0.883199            -3.05399            -6.53403
-2.8904             8.11396            0.515118
-1.24118             3.84351            0.986671
1.82989            -6.10889            -6.96371
5.97675            -1.25095            -2.34901
1.70447            0.449844             4.49691
-4.35407             5.24705             6.79617
-7.60643            -9.38444            -4.68092
-2.12713             9.09177             7.35496
-8.89889             8.85464             9.45861
8.53267             6.75375             6.45803
-7.14804             -1.9544            -3.05337
9.758             4.96841            -2.38258
-8.94649             4.00464              6.0799
-8.60591             8.26594            -2.09753
3.58715           -0.901818            -6.39454
-4.24237             2.81442            0.472736
3.20842            -5.36637           -0.313421
-8.6642             6.66769           -0.596938
8.6752             8.78262            -8.61415
4.12123            -1.20243             8.32454
-9.33744             1.73528             5.51256
-4.4261             2.47353            -2.39845
0.122383           -0.347907             6.79922
9.10398            -3.08969            -5.81041
6.48031             4.37697             6.76382
8.98465             6.34267             0.71719
7.71386             2.95999             3.72418
1.29216             5.89557             -4.4957
-3.47086            -1.19785            -2.11831
-7.86828               -7.64             4.60061
7.875            -1.63182             -6.4724
-8.06573              6.5978             1.09927
-2.19885             5.39445           -0.403171
4.35896             2.23884             4.27504
1.38768            -4.63911             3.35674
0.0634854             1.53478             -6.8337
3.33843             7.00614            0.300306
0.997654             1.74841              2.2126
-3.93475           -0.631424            -6.33411
-2.70241            -5.60594            -8.56013
6.6332           -0.822473            -0.38636
-8.2229             1.35442             8.36147
-4.16547             3.18766            -1.08859
4.66537            0.549334             2.69876
-2.9139            -9.07132            -4.81399
-6.07135             8.45912             2.96854
-8.96786              3.7489             1.98401
-1.80211            -6.99332            -7.83074
0.0470054             2.32978               4.326
9.88709            -9.31211             -5.4445
-0.634171            -8.86806            -4.06293
9.87915            -9.96032             6.92771
-9.99236            -7.09738            -7.29087
5.96729             5.81592             2.69418
5.61266             2.71371            -9.28647
-4.60829            -2.52144             5.14817
-9.16195             3.46538            0.441302
-8.09167             -9.6942             5.36272
9.523           -0.766011            -9.19919
-2.4073             7.27714              4.1389
9.27245             1.32114             4.01225
-0.864584             6.21113             5.42491
-8.13196            -5.63982              1.2061
0.311601             0.36073             8.77621
0.864596             8.52718           -0.956458
0.812407             4.62966             3.56457
-8.97549            0.973544           -0.653702
-8.48994            -7.64824             -7.2869
-6.69545             9.50591             4.93302
-1.17343             7.59484             9.77234
-3.3079            -4.32752             5.89496
-3.79222            -7.86187           -0.685442
7.17186            -7.67785             6.74978
1.31413            -6.62984             5.60412
-3.07504             -5.0151            -8.53328
-7.77123             2.25715             -2.4665
5.03037            0.180671             3.95368
6.71469             5.93524             1.54088
-2.59193             7.82068             6.02771
-7.61314              5.5794             -4.4853
1.43804             8.31355             3.25084
-0.455027            -1.67302            -7.87957
9.61669             -8.5287              8.8519
-3.41715            -7.97418             9.96979
-0.708633             2.13721            0.445574
-2.14789            -8.93093            -2.59743
5.50371             2.20954            -9.38749
0.260025             2.54677             -9.5999
-5.81865            -2.67922            -7.59025
5.24278            -3.54289            -4.62843
9.13084            -0.19562             4.74533
8.48262             8.25099             1.58695
1.91169            0.167241             2.02336
-8.65382           -0.970481            -5.98537
4.27839             6.68658            0.701308
0.636009            -2.79763             1.69986
9.98017             1.73834            -6.99699
-3.63719            -9.41221             1.16795
-5.15732           -0.920459             8.93033
-8.5287            -5.27177            -4.16486
7.90613            -7.05832             8.56777
1.86194            -9.34537             7.29423
-9.76592            -5.85042             4.72854
-8.80276             3.14127             9.38383
1.0593            -5.28733            -8.44813
-5.60777            -6.67897            -3.38877
-5.7683            -9.26056            -7.41538
-0.489513            -3.35093            -9.40885
9.6286            -1.83324             7.50054
-6.03106            -1.70751             2.27485
8.57906             8.26134           -0.593277
2.97098             2.18421            -7.10379
4.87839            -8.32453             9.56573
-0.43519             -1.0538             3.49498
6.34206             3.10402             4.46303
-7.79015             3.58134             9.93897
-1.52378            -4.24482           -0.307012
-4.4792              4.7847            0.708644
-1.49204             1.24483             7.37297
-2.74605           -0.604572            -4.34797
-8.40143              3.6668           -0.766011
-0.268864             5.89496            -1.99835
-3.58561             -7.6034            -8.79879
1.7127             9.73266            -1.59398
-4.62995            -5.51653            0.309441
6.26241             4.33756            -6.52369
3.08878             1.94769           -0.932387
8.61752            -2.67587            -1.07032
3.44768           -0.816701            -8.65904
-9.9298             2.79423            -5.95995
0.809355            -9.35027             1.07426
-9.01516            -5.39994             1.98706
0.912813            -5.33436             1.69073
-9.10519            -6.37264              4.1609
-2.66182            -4.64158            -2.01208
-7.70164            -9.04052            -9.36887
-1.65288            -1.08009           -0.693682
2.96549             3.41315            -3.48094
4.45021             6.80959            -2.57667
-5.79607             2.40242             -5.3093
8.85464             5.09018            -9.76867
-8.57936            -9.60239             1.19328
6.36006             4.27747             5.56139
5.73505            0.730589            -1.41605
0.678125             8.93306             1.06083
3.9552             2.56809            -4.44715
-1.84331            -6.99636             5.19029
7.61468           -0.431848             3.38481
0.286268             -7.3733            -2.51655
-3.53526            -9.15715            -7.19229
0.586875            -6.29233             1.32664
-5.31571             4.44654             3.63903
1.67272             9.63804            -7.83806
-7.06472            -2.56787             7.51946
-0.248417             8.40632            -2.60658
-5.85528             7.95006             2.97523
8.47866             1.71238            -3.34058
-7.78008            -1.54423            -8.84404
6.65121            -2.66121            -5.68595
-0.394597            -9.07498            -7.14807
-7.98516              3.1132            -1.38863
-0.849936             8.79788             3.37658
7.1215            0.195933             2.78696
-0.346989            -4.33851             -9.3353
-7.47184             -6.5688            -5.10055
-8.00775            0.861851             1.31749
-6.66158             4.20393            -4.73525
-7.01986             3.46599             4.41756
-5.12161             4.04798             4.01197
9.31334             6.55721            -4.20789
1.63763             7.61193            -1.67119
-8.22961               3.296             -6.0158
2.66671            -7.57652            -5.38377
-7.97937             6.25722             5.88214
-0.678117             9.13847             8.62484
0.326555             5.45518             2.21504
-1.95989             8.27113           -0.840171
-9.20621             9.14396            -9.45371
7.46605            -3.66954            -8.14111
-9.06979             7.48833           -0.920434
2.65847             2.03742             3.02897
8.952           -0.637829            -3.77361
-5.11063            -7.88628             7.14469
7.78101              2.1363            0.780362
3.20903             5.36607             1.98676
-3.58623               7.192             7.79993
-6.79311             7.08518           -0.229189
6.23005             4.44411            -8.60959
2.32216            -9.66094            -5.89986
-6.35853           -0.634779            -6.31284
-2.36457            -4.12732            -6.56061
8.67154             1.38676            -9.25721
-3.12021            -7.54173            -5.94626
-1.61992            -9.25595            -5.41825
5.59435            -6.45344            -2.58094
4.48562             3.70617            -8.85311
-7.15017            -9.55718             9.90784
-2.73781             7.81122            -1.27079
-1.7426             2.10364            -7.70043
9.85108            -4.63912            -7.36961
0.447103             4.74532            -4.24024
-4.6382            -3.64696            0.459613
-0.159913           -0.677812             5.16496
3.89081            -5.22874            -1.43772
8.83634            -3.47911            -9.28586
-6.91457            -1.12277             5.48876
-1.59032           -0.175172             5.28886
-7.72972           -0.905178             -3.3552
-4.65864            -6.03351            -7.31864
-8.44142            -1.52043             3.79559
4.86771             -5.6505             3.23466
9.89716             9.02524             -7.2219
2.11341             -5.3151            -8.11182
9.42809            0.632348            -3.74187
-2.69692           -0.623794             8.53542
6.51662            -2.05054             8.14326
3.39824              7.1868            -1.70659
-1.85247            -1.21005            -6.01153
1.20426             7.18223             8.53908
9.71893            -6.06738             -5.4375
2.83854            -6.83004             3.08205
4.21187             -2.4665             3.85959
2.94229             5.70849             2.96824
-2.71217            -9.31608             5.78325
-1.19449            -4.57778            -8.40267
-1.52409             3.81421           -0.646378
8.04224            -0.18036            -1.78197
4.95316            0.433974             7.24693
-7.32871             -9.6588            -7.53563
-6.52546             5.02976            -8.09167
-3.19589             9.96918             3.52184
5.85041            -1.09165            0.126045
-9.42472             5.28855             2.52785
2.99143           0.0320485             3.68908
3.15989             4.08185            -6.33686
0.443441             2.70913             5.54766
-2.94686            -3.54717             6.72537
-7.13065             6.46291            -0.72359
4.46486             8.78232            -8.87142
5.49029             -1.9425            -7.75475
-7.5225            -3.47789             4.22438
7.97693            -8.25067            -9.31669
-6.01825             4.52895            -3.20291
9.40093            -4.62996            -1.02603
9.93866           -0.845972              4.3437
-2.72469            -3.35612              1.9477
-6.29291            -3.16507             7.01987
-4.45936             -2.8782            -7.16025
-5.44053            -2.99753            0.802946
7.9458            -3.87768            -1.88757
-1.78106             1.30192             7.22068
4.7673             -4.9855              4.4624
-4.51734            -7.25059           -0.295131
2.61758            0.708645             7.97624
6.40889           -0.830407             2.13325
-8.34497            -2.87942             4.17523
-7.36228            -6.26026            0.142526
-3.91033            -9.93194             4.18623
-6.59138             2.49794             4.52865
6.83524             6.76595            -5.28611
3.19987             8.79483             9.72015
-1.66234             3.14036             7.41112
-1.62419            -3.49131             2.62734
1.23631             1.66967             3.65246
-6.66066            -9.35728            -5.33768
-2.48512            -8.87447             1.91138
-4.09161            -4.95956             1.27781
-7.11416            -5.55956             6.37959
8.39443             5.09324              -3.267
-9.43571            -7.35252             3.86029
-9.9826           -0.415963           -0.502636
-7.71782            -3.74004             7.39281
-2.11065             3.42387            0.597862
8.19087             5.69842            -4.42182
3.20079           -0.956141             -3.5905
8.44814            -9.20286            -5.13351
5.23271            -8.83328            -8.61781
5.66607             5.83789             4.80484
-4.15753            -8.23175             1.93122
-1.10904            -3.62071            -8.32728
5.3499            -2.25898            -8.39503
-2.00903             2.26265            -1.72521
7.13462              1.1124             8.77225
1.38188             8.67672            0.750739
9.66064             1.51555            -3.25939
1.91443            -1.84301            -6.71661
6.10157             -6.9808            -9.09182
7.95984               2.407           -0.944888
-9.58952            -6.19037             7.86307
-6.18762             2.87912             7.72424
3.68084            -3.58867            -7.77153
-6.77968            0.257577            -7.80266
7.76971            -5.44938            -8.50947
-9.50438            -5.57878            -6.42475
-2.9432            -2.42347            -3.25632
8.79025             5.53057              7.9748
9.57458             2.19215            -4.44471
-5.29496             1.14719             9.70428
-6.72231            -9.51048            -8.89248
4.6907             8.91446            -6.03137
-6.38691            -1.99164            -4.78682
-3.70006            -1.68004            -8.73378
-4.13739             4.59548             9.12595
5.08317             -1.7835            -3.31217
2.79611           -0.253608            0.791959
3.52459            -8.04132             4.07972
-9.01028             4.64706              2.7543
9.46776             2.95572            -6.40705
-4.90737            -6.04144            -8.13806
-4.1377             7.91925           -0.289006
9.86298            -2.60872            0.415666
-2.52723            -3.59233             1.20182
1.95136            -5.99414             8.91385
8.24977             1.24516            -8.38343
-6.18732            -7.34366            -8.50367
-1.13315             9.93164             3.43057
-8.38282            -6.78122             8.00773
-1.50456             5.16404            -9.69765
-0.66988             5.70971             6.69331
-0.509042            -8.54121             1.66539
-8.65474            -9.53154            -3.57252
9.8288             5.74023             9.50988
-2.06213            -2.69875             1.27324
2.99723             3.77819            -3.68968
-1.85552            -4.66842            -6.26484
-0.46815             8.59157             3.88959
8.381            0.581992             1.46123
7.85456             2.14423            -2.18237
8.3984            0.598469             6.93595
-7.65862            -5.63799            -8.20764
-5.13138            -2.99478            0.896027
5.52447             -3.2197           -0.661942
5.94593              4.6791            -7.47428
-8.85708            -0.14618            0.741604
-8.23572            -4.90218            -1.49601
-4.82039            -1.87109            -5.61815
6.76413             9.91241              4.4728
2.48116             7.26921             9.82117
6.35457             4.37819            -1.86346
6.45162             1.41392             5.77197
3.68695            -5.79882            0.421159
3.08878            -2.25379              7.9397
-2.29285            -7.14316            -7.43217
-1.33884             -2.4189            -4.40534
-6.88375            -6.78854             2.10242
-4.93636             3.51848            -1.28238
-8.1759            -9.78789             4.53719
7.15324            -6.85262             5.69291
8.61203             6.76565           -0.884444
9.8523            -2.77901             8.09804
4.07728             2.63006            -5.59926
-1.50853             2.23548           -0.973549
8.14967             3.00943            -4.59365
0.367447             9.41069               4.355
4.79935             8.13591            -7.61039
5.26078            -5.50859            -5.90411
4.08796             8.06147             5.65905
4.03455             1.23936             0.12574
-4.47767             5.84488             1.10661
-4.33515             1.29368            -4.42732
-6.17663             -2.9429             5.21165
9.8764             8.94529             5.12406
3.71106            -9.73726              1.8183
3.52916            -4.23566           -0.494091
3.90455            0.155341             7.83044
2.90201             6.26454               6.845
8.89585             8.98005             2.18116
-0.725725           -0.114141            -3.47758
4.01197            -9.90722            -6.61793
7.62688             -3.1843             9.73907
-8.45362             7.98881            -4.90005
4.95346              5.4149            -8.21588
-4.10809            -7.99554            -3.29783
-6.53065            -4.30799             8.85709
-5.6447             6.74457             5.75122
6.73117           0.0399774              5.6206
4.59701             8.78964            -3.01797
4.40047             9.58801             6.40737
2.64779            -7.30005             7.80847
-4.13648            -2.85592             -4.7911
6.08692             1.74932            -8.54825
-4.48438            -9.60699            -4.65994
5.59801             7.41721             4.28388
-3.03506            -4.75786            -2.56754
-4.47767             4.91316             3.56028
-7.40195            -2.59902             3.63476
5.26872            -7.27074            -2.17017
4.90555            -8.94286              1.4652
0.909761            -3.79959             9.67834
8.74539              5.3947            -7.01529
-3.08664             0.15289             3.87006
0.700407             3.07412            -1.92419
8.76584            -9.15405            -6.98416
-6.31061            -5.48089            -4.71877
-7.16605            -3.12329             9.00052
4.18074             3.03322            -9.81261
4.90952             1.98247            -2.66914
2.89347             6.36034             5.56658
8.04896             8.53603            -3.56181
3.15867             2.93588            -5.12131
7.34978            -9.30818             7.51793
-5.58946             3.40124             8.48964
8.84061             2.38105            -8.65901
2.09052             1.10842              2.7894
6.51967             9.08354             4.90952
7.53686            -2.36035            -5.70513
-9.42777           -0.384847            -5.95629
-4.45264             6.70674             1.59307
-2.3548             7.70866             2.02857
-3.03659            -7.77096             6.30391
-9.46501            -7.79749            -2.06427
-8.34101            -6.66923             2.04106
4.3608             8.57598            -7.96901
1.99012            -3.37991            -3.68733
9.81964            -3.80901            -9.03383
3.72937            -7.68792             9.20893
-6.85567             5.09385            -8.41947
-4.5909            -1.82622             -5.2858
-7.15933            -6.53645            -3.15408
-4.82985            -2.88613             -1.4542
-6.57643            -6.61671             1.62084
2.20558             5.74237            -8.00317
1.37334             9.50988             9.24131
5.98163            -7.89331            0.949435
4.83597            0.723599            -5.27787
-5.38743            -7.46879            -7.81945
-0.513317            -5.60228             -2.5956
4.51766              5.9975            -6.96371
1.4182            0.285044             9.11741
-4.95193             9.57183            -6.99179
2.93863             9.33867            -5.83056
-9.04019             7.07206            -7.84112
2.39968             8.74692             2.77566
-7.06076             3.34758            -7.29117
1.36021             3.51909            -2.74605
6.54226             9.95697             2.60506
9.08323            -2.07831            -3.71074
-8.24366            -7.50297            -2.70943
8.46309             1.09959             6.44368
-6.8163             2.98319            -8.13135
0.232558            0.817592             4.81521
1.3007             4.19813           0.0811845
8.80002             8.26045            -3.86547
7.58599             2.33314            -2.82115
-4.79781            0.650957             6.42901
8.0221             4.64248            -1.04719
-6.64174             -9.6057             3.94757
8.79422            -2.91726            -2.72075
7.31194             4.96475             2.42986
-9.65758            -1.42613              3.8078
4.47249             1.42858            -1.57506
9.49401             1.45818            -1.01565
3.15562             7.80908             -5.0975
-1.0834            -9.78026             8.09687
1.81616             3.98145             4.52193
5.77136            -6.47114             6.84286
5.86872            0.706199             8.43105
-9.5941             4.94583            -1.81615
-9.08261             8.68527            -5.57054
3.14128             4.82437             4.35805
-3.7025            -1.74993            -4.61348
4.26008             7.84967            -2.76864
6.12141             1.21952             6.99302
-1.85399             9.57122             7.99219
7.5979            0.418715            -3.30698
-6.79342             6.26271             3.92377
0.170297             6.42995             9.58221
-8.54945            -8.73531             4.83841
-7.77306            -6.55782             8.46889
9.84985            -3.63841             5.65936
2.88522            -5.98529            -3.42173
-2.6963            -9.74578           -0.105285
1.11882            -6.95303              2.3719
3.71228             2.81228             3.41075
-1.13864             4.73129             2.58401
-1.2537             9.20103            -6.57279
6.57522            -7.94305             1.52408
7.29362             6.75131             4.16846
1.2769             6.66982           -0.937871
-9.99389             2.65053             -3.9903
0.687894            -7.50236            -4.16395
4.38551             3.54473            -0.26215
-1.52256            -6.50532            -1.25858
4.92081             4.08948            -9.35575
0.527672            -5.23545              4.0315
-1.10812            -7.81823            -3.86578
2.20497             7.69616             4.82742
2.22572             9.84069            -4.00586
-6.15863             3.71868          -0.0927722
5.48082             5.76098           -0.661637
-8.51558             2.94535            -3.70433
-0.214843            -6.52394             8.46736
-9.84587             9.62676            -6.90939
5.06425             -5.9569             6.10767
5.46556            -8.07336             -2.8669
1.64679            -7.79351           -0.991848
4.1905             -8.0813            -5.33982
3.60393            -3.19895             2.73141
-9.74181              5.2028            -4.39771
9.917             9.53063           -0.726947
-6.37592             8.66207            -8.26319
2.61605             7.48436            -1.90557
-8.14172            -6.20166            0.911287
7.52953             8.18354             -1.4484
-0.713821            -6.51204            -1.00467
8.85281             5.36913            -8.52626
-7.27988             2.31514           -0.405281
0.289319             1.93762            -6.79863
-6.68294             6.98233            -1.16155
3.58166             5.87604            -2.04329
4.25062            0.926848            -9.72843
-5.6566              9.4055             2.96546
4.6379            -7.24479             7.50569
-4.62263             8.14021             2.27425
2.93558             5.38713            -8.84304
-8.69563             5.52416             9.74304
6.38601             3.31767             2.65908
7.07236             2.97861            -3.44248
-5.64348            -8.84487             -3.0845
4.06263             9.34691            -5.90319
2.81229            -5.93982            -9.22635
3.6607             5.57604            -4.87106
4.7673             8.01996            -5.58763
-7.46482            -3.41746            -9.82635
-5.74388             3.72692             4.06873
-0.671708            -1.46946            -1.78136
-4.15265             7.85608            -7.08273
5.02732            -9.41282            -1.32053
-6.23889            -7.05374            0.414445
0.370194             3.02103            -4.61958
4.85641              2.9896             -5.2385
4.01136            -9.74334            -5.57146
-6.49067            -1.09287             2.48574
5.86688            -8.56868            -0.36164
-4.99069            -6.97103            0.745876
-3.31552             9.79797             -5.1564
7.53136             1.45543            -2.33222
9.36613              1.4359            -4.22406
8.334             5.17961            -2.32703
-7.20053            0.521259            -1.06481
-9.92339            0.862451            -3.56214
-9.72655            0.998571               5.225
-1.39927            -2.36488            -7.85519
0.67233            -6.01092             8.65808
-9.62767            0.292979            -1.65168
0.278333             2.98349            -4.03088
-3.65093            0.757473             -3.7791
-9.96673            -5.81774            -9.50987
-6.23553             3.03903            -5.52842
2.83121             1.19694             -6.5218
0.546285             9.68109          -0.0332611
-6.56361            -6.64785            -5.06149
5.74969             5.11124            0.105598
-8.80886             7.86523             1.52196
-4.10443             2.60659            -2.62489
8.17958            -3.13944             3.03202
5.10484           -0.425732             4.46822
-3.45378            -4.77553             6.12568
0.675684             2.58675             1.08311
5.16679            -2.41462             2.52022
-0.614636             4.21888             5.38438
-4.03332             2.40639            -7.05679
-0.609756            -2.00445             -2.9606
-5.76158            -2.08502            -8.73439
-7.52921             3.11686           -0.841391
7.98822             9.23277             1.50335
9.50499             7.57806            -2.57179
8.6166             6.40278            -3.28714
2.89652             5.30625             3.28563
-1.95837            -8.39381            -5.86291
-5.72435            -6.55415            -6.15894
-6.05639           -0.242925           -0.999804
8.9108             9.23948             7.25789
7.62902            -3.91338              5.8314
3.87341             5.03372           -0.667778
6.49435              5.6093             9.14151
8.93613            -4.31104            -1.11181
5.32518             3.65826             6.28102
-8.91964             -4.3614            -8.32971
9.44426           -0.339365          -0.0497411
-3.39396            -1.94677             7.49993
1.30192             1.22044            -4.36079
-0.642411             6.52059            -4.22589
-1.57078            -3.71319            -3.06985
7.70227            0.537127              2.3188
-9.66338             3.91461            -4.25458
3.10709               4.467             9.03226
7.21             8.63674            -6.74459
9.45067             2.65999             6.79678
4.84329              9.0759             7.03849
8.84152             8.34712             4.12367
-1.79936             5.09812            -7.19657
-7.00338            -8.02148            -2.41493
-5.59709             5.84491             4.07331
-2.40974            -3.52488            -1.23355
1.6596             4.58174             3.64056
6.7153           -0.560319             3.34727
-6.42872            -4.63057            -7.37022
3.06803            -1.36967            -3.84746
-8.55708            0.124517            -6.96157
0.947607            -3.14951            -6.10858
-7.39982             1.43468            -5.36484
-1.18686            -8.73165             2.52328
-2.4897            -1.70537             2.29498
4.0727            -8.33094             1.09438
8.25435            -9.22757            -7.54091
8.13563            -7.04644            -1.32821
1.13682            -1.65502             1.55182
-8.65443            -8.52504             5.70723
7.79718            -3.56059            -6.33716
-4.30585            -7.00768             7.57104
-9.40153             -9.7705             6.81967
8.99198            -4.14899             3.74737
-4.46516             4.60952             9.77997
-4.97177             9.74179             2.02704
-7.49107            -2.82602           -0.580459
4.21461             3.08481            0.765408
-9.02401             2.82388            -3.27127
8.66696            0.425102             1.83783
-0.969569            -8.16828            -3.68541
-8.11395              9.9295          -0.0555396
-5.33585           -0.383308             3.97992
-7.76848            -5.28094              3.2722
1.22135             6.07318             7.01621
7.90247            -8.46888            -8.98403
0.126961            -5.63829             -6.2627
5.97644            -7.88966             6.53982
9.76013            0.570084             7.77856
-9.08596             5.81439            0.332961
-7.69982             2.72867            -1.56193
-2.37678             5.75577            -9.84374
-4.82375             3.40251              6.3625
8.63552             1.63335             8.35719
0.52065            -3.56486             1.21281
6.77023            -3.06713             4.85611
-3.69518              -0.824            -4.70321
3.6488           -0.917998            -4.22958
-1.62846             4.35985             5.59523
5.95996            0.578328           -0.809999
9.17814             7.91559            -2.08839
7.6867             3.72295            0.572214
-9.79216            -3.89879            -8.07397
5.68591             8.56654            -9.39084
-3.67351            0.103433             9.33836
-1.97241            0.317382            -9.75676
-3.36252            -5.73632             7.16117
7.88782            -3.78552            -7.61406
-9.29196            -6.58195             7.30797
3.64361              -5.183             5.65814
3.75378             1.50421            -5.33768
-7.98883             6.36737             0.88382
-7.43491             5.30595            0.639672
-8.24121            -8.29526            -3.55937
-4.48927             -7.5241            -7.97326
-1.88726             7.59512            -3.40891
-6.29169             4.26372             2.70944
8.62209            -7.13038             7.88202
-6.7516            -1.90167           -0.780354
-7.34275             4.50054             8.17347
9.67865            -8.70053             2.69815
-7.49015             7.83104            -2.44026
-7.37479             4.30553            -9.24344
9.44121            -2.20862            -3.64391
5.66638              -8.988           -0.735187
-5.72344             8.96878             2.89987
0.215772             5.60196            -8.45423
-4.83474            -9.97772             9.40398
8.43013            -8.82717            -2.04079
3.69152             6.34418            -6.13332
-6.84163             9.54314              -6.799
4.43465            -1.86712            -7.90006
1.75757             8.47011             6.01181
-7.74895            -2.25623             6.15433
-7.4691            -3.69395            -1.92754
-9.24924             7.97083             4.48959
7.65863             2.64596             1.18717
9.09056             7.68609             1.32573
-8.0993             1.78595             -2.4488
-9.05575             7.15598            -2.97647
-8.50428            -7.88812             2.02857
-7.15903            0.823395            -2.52144
-4.77828            -4.68031            -3.78093
8.58974             7.24174            -8.82412
6.1443             8.93429            -8.45515
-4.79048           -0.382392             -6.9338
0.92441            -2.13537             1.60375
0.942416             3.55846            -7.22708
-6.43177              8.9053            -4.06903
-7.28446            -7.13888             7.21244
-8.66176            -2.56202            -1.34525
-2.85317             1.82226             8.24122
-2.59498            -2.93435            -4.01257
-2.58918             2.12531            0.623802
-0.0900256            -2.95266             7.14011
-1.58208             -6.2627            -6.14429
5.89679            -9.94476            -8.38862
4.78684            -4.92782             7.91864
-9.44181             6.17603            -8.69716
8.05414            -8.94375             5.22752
7.01407             2.25502             2.18572
8.06575           -0.514544             6.58832
-2.04473             7.82098             9.51835
5.95905             1.21281             9.19768
6.57888             7.71081             -7.6461
-3.37015            -8.03888            -8.21193
1.05045            -9.77996             4.89853
1.49663             3.21635             6.38112
-8.3172            -4.01593          -0.0106774
-4.91439           0.0509671             4.56588
7.84326             2.75644            -3.15103
3.45348            -2.41798             7.91712
-3.22153             -9.9646             2.58218
8.74264             5.56047            -2.19336
-7.08517            -4.88815             8.49147
8.29921            -7.05984               1.124
-8.19879            -3.24961             2.04017
-0.532846            -5.37858            0.118111
2.3249             8.66909             9.01975
-9.98962            -5.50279            -5.23178
7.62536            -9.54649            -9.94964
-4.82497            -3.18918           -0.390023
3.11076             3.35948             8.23787
9.16624             7.38152             1.66265
-1.25095             2.54769            -1.39683
2.85745            0.775476             6.15131
9.54497             -5.0737             3.54015
1.43437             7.51488            -6.05334
-6.88985            -9.64934            -6.69271
-1.21371            0.846585             6.90604
5.21684            -1.73009           -0.112914
-9.41435             8.50765            -4.19904
-1.32969             -2.9606            -7.07909
-8.44813            -5.89801            -5.68989
-4.45326            -5.05081              3.6826
8.2461            -2.97891             9.11375
7.90644           -0.342111           -0.377217
1.89185            -6.54622             7.81732
4.82132            -6.80196           -0.548108
9.24284            -1.36143            -1.39042
4.17158              6.1446             7.51519
1.8241            -7.77154             5.90015
0.824004             1.45726            -8.33735
1.37181             6.20045           0.0497492
-8.0993            -6.34449            -5.87023
5.18846            -6.51051            0.823088
-9.72441             2.47719            -5.92181
-5.25895             8.89554             6.06312
6.26179             7.76177           -0.367439
6.05274             9.03226             3.36375
-5.43534             4.38765             5.93097
-9.39756             9.82178            -5.74083
2.4186            -6.04785             8.26899
4.991            -1.53813             6.14399
1.41484             7.84601             8.30104
3.25175            -7.76787             6.16993
9.95118            -2.12744            -8.58882
4.58206            -2.42134            0.601219
8.50002            -9.88525             8.29555
-6.94479             9.62554             9.89227
6.58224            -1.79052            -2.08075
3.20537            -9.62279            -8.66878
-8.62361             6.51967             7.43645
2.2129               6.274             1.00345
-4.82192            -8.10968             -2.7244
4.32845             1.52501             3.84562
0.343034             9.90235           -0.784108
-4.3202            -5.59007             9.87334
6.5682             1.38157             6.65454
3.46752             4.81704            -1.35411
7.12821             7.21916             9.00175
-9.61363             8.52688            -8.65688
-5.30838             6.27552            -9.46989
0.0125195             7.76849             2.06428
-4.33423             3.51116              8.6401
-8.41395             9.19462              4.8027
-4.35621            0.872831              7.8573
-6.104            -2.35267            -9.87365
-5.80919             -5.6093            -9.08719
7.92444            -4.88479             4.73281
4.55978              7.2924             6.47237
9.74518            -3.65581            -7.23502
-6.06463            -9.36704            -9.61119
-4.84725             6.97226             4.88449
9.92127            -8.58272             6.00666
4.34279         -0.00610255             8.51406
-8.9523            -7.38639             4.94095
2.39235             8.63277              2.3072
-4.56098             1.57384             3.38847
1.86103             2.26539            -5.86687
-8.77926            -9.41587               2.819
1.37212            0.316176            -1.99377
9.47387            0.370191          -0.0485204
-1.77434             5.71673            -7.32566
-4.80514             2.61239             1.96296
0.0613462            -8.91079             3.13883
-2.49794           -0.179751            -9.18792
-3.00942             2.98898             1.77586
-5.05416             3.85663            -3.87685
2.51869             1.53417            -1.51224
9.95392             6.15864             7.98849
1.06358             1.45268            0.520014
-0.381172             1.30192            -6.94539
0.0479181             9.89533            0.129406
-3.37442            -6.96493            -5.70574
-7.48557              3.5258           -0.106811
-4.72884            -7.35374             6.25386
-5.49485            -6.15314             -5.4149
9.77264             7.70745             3.57006
3.90821            -3.32926            -6.11957
-2.51442            0.257885            -7.56492
5.06211             6.22639             -1.0364
8.8812            -1.97516            -7.45109
7.81854             8.12433             2.60751
-9.08322             6.49526             8.89523
7.33269             1.47283            -6.60634
5.80341             7.63726             9.20561
2.25258             7.97571            -6.85293
-5.16373            -1.15787            -8.12585
4.18348            -4.69069             -3.4318
2.51107             6.09882            -7.65923
6.60726             2.07312             4.15205
-1.26835            -8.50673            0.087287
3.28868             -1.3718             4.50454
-6.62587             9.70275             5.15397
0.746795             5.15183              2.3072
2.96854            -9.88891             1.55187
6.88345            -2.14758             0.91495
-0.927148              6.9625            0.596924
9.60602            -2.44576            0.513304
-2.98806            -1.20853             7.57674
-6.4922             7.36198             1.87995
-2.01666            0.315257             4.95345
-0.458686            -6.61672             2.32398
-1.05227            -7.13461             7.62902
8.29799            -9.71221           -0.572828
1.58087             6.08173            0.117195
-0.0604197             5.09049            -7.38883
-7.42545              4.2314             4.93607
-8.84304             5.89282            -2.93893
-8.69197             -1.3184              7.0983
-3.83342             1.24394              -1.648
1.07822           -0.210268             7.49535
-5.75182             3.18186            -1.69042
-6.57704             7.25791            -4.46363
4.29427            -7.87377           -0.671098
8.42372            -1.47312             4.18104
3.15928             1.90558             2.66061
2.30019            -4.00952             2.97037
0.905796             6.39058              5.8269
3.55327              6.1504            -4.38612
-6.53309             9.71893            -5.71276
-2.79213              6.2273            -7.32596
-8.54365             0.17182            -7.97387
5.91724            -4.81154             4.63851
6.57857            -8.63979             7.38304
-5.66362            -4.41328            -1.01779
-6.76106             5.51286             8.35811
6.38295             6.04175           -0.624709
6.91428           -0.777302            -7.45445
-8.24274              1.5595             5.14357
7.0446             8.61324            -1.40326
-7.60948            -9.06582             8.06383
5.20249            -3.68574             6.63839
3.27128            -9.80621             7.18527
0.244155            -2.03467             -9.0878
9.67651            0.612207            -0.86428
-2.42683             1.28573            -7.56187
-4.70046             6.80654           -0.660722
-1.36783            -9.07101             -1.5833
-6.90359            -8.20551          0.00641293
9.99879            -1.29126            -6.23981
-2.01971             6.48884             1.59338
3.92377            -9.46379             3.85968
-6.80074             7.06534             1.58117
9.38567              5.0746            -6.22394
6.56057             3.89874            -2.73232
-1.00558             4.90433            -2.92703
-7.08212             2.81381             7.42943
-3.94665            0.914008             2.61636
-8.20734             8.81069             1.46855
5.30016            -7.75902             5.41368
1.68615            -7.16574            -6.81569
7.66107             6.55597            -8.13196
-5.95904             7.79687             2.37648
-5.20767            -1.45176           -0.162049
-1.73589             8.79727            -2.57393
0.438251             2.02916            -8.40022
0.773953             9.44212           -0.322882
9.26726             5.94836            -5.53331
2.37953            -6.57673             0.16511
-4.70198            -8.65507             8.69229
-4.13892             2.38746             5.08072
6.06556             6.77267             6.10369
-1.44474            -7.34646            -3.07938
-2.92459              5.1811            -9.26149
0.795625           -0.898171            -3.38271
-1.8244            0.995485             8.44537
0.850253            -5.44423             3.02653
0.811486              6.9872             1.48504
9.06858             -7.6333            -9.35606
2.85074             8.63886           -0.675981
-6.70644             6.14762            -8.34803
5.81499             9.28984            -1.99408
-7.22494            -8.31356             9.27031
5.03647            -2.91758             5.46617
9.04508           -0.234465             9.08781
5.6682           -0.290863            -6.97775
9.30846             7.97049              1.5418
-7.59942            -7.77798             1.18901
-7.1166            -1.84278            -2.16315
-6.62557             5.20552            -3.85326
8.88395             3.46352             7.93085
3.24503             6.15037            0.903657
1.19084             -6.8191             5.06974
-6.09974            -7.10472             -2.4839
-4.12793             1.95714             6.86148
1.948              7.3656            -3.85906
-6.79891            -3.74221            -1.55736
-9.37773            -5.51288             3.13914
-2.70607           0.0393578            -4.81521
0.52858             7.16877            -9.20255
-2.35236            -4.81128            -7.71965
5.10819             8.69746             3.37566
9.87305            -3.17364             6.72412
-5.2208            -8.76678             6.58406
-6.08355             8.78354            -1.92795
9.24619            0.585346            -1.03523
8.22993           -0.170903            -1.30714
9.41527            -8.35078             3.34327
3.23405             3.15074             7.05223
2.14087            -8.24915             5.54309
-2.58308            -2.36793              2.2834
-3.76415             3.52733            -2.96548
-9.43845             7.74316              8.4048
-8.4576            0.891756            -4.69191
8.33766             2.20008            -1.40476
-0.840786             8.09748             4.49294
-1.23569            -6.94204             5.84216
-4.61623              6.2798            -9.10611
-6.85903           -0.856348            -4.23932
-1.53264             1.61901             7.58385
-9.64781            -2.69844            -3.46781
-3.43944             5.54827             1.56408
6.25111            -9.70458            -4.64858
-5.36332            -7.19748             2.90018
7.75903             5.53759            -5.36668
0.694905            -2.32856             3.37596
0.978126            -5.17136              8.8931
-1.92633             5.92853            -2.51899
8.24214             5.73779            0.814543
3.21817            -7.12485            -4.99649
-8.77254             1.77038             5.30229
-5.6212             1.44627           0.0460878
1.75818             1.87568             7.39708
3.30576             2.88492            -3.06527
8.26503            -2.95907           -0.452608
-0.875268            -3.00149            -5.12741
2.1775             8.92087             5.47586
9.06674             2.69967              1.0596
5.77625             4.51705            -7.78252
-0.0448611           -0.513014             2.04168
9.54955            -3.06589            -2.44087
-5.41643             5.56719             5.74878
-4.70473           -0.129703             -9.5883
1.17619          -0.0335692            -7.06289
-6.76747            -5.48967           -0.184023
5.40452             1.16306            -6.63564
-5.9511            -3.86914             8.33736
7.81884            -3.05704             4.27717
-0.861533            -2.22449            -4.23505
-6.55965            -9.55199           -0.574964
2.8129             9.25443              8.2342
8.07764            -8.11487             4.55001
-4.85854             2.33162            -7.99157
-1.94464            -6.77419            -8.75484
8.79331             9.58159            -2.97738
-5.09049             8.09473            -7.31864
-1.14291            -1.56102            0.487385
0.604265             2.25502             8.22718
-1.75175            -9.21354            0.646691
-6.11743             1.71789            -9.90936
2.26387             3.68786             1.13407
-7.09403            -8.96298             5.18052
2.84738            0.510576             1.65533
2.43294             2.61727            -4.05835
0.115975             6.71377            -9.86877
4.78042              2.2602             2.13325
-3.69701            -6.09668            0.706793
-7.20664             4.44533             4.32936
9.44152              6.1153             6.15248
2.59865            -8.38618            -6.24598
-0.199889            -1.14017             8.69441
3.55571             5.45946            -8.11245
-6.58131            -2.33558             5.25438
9.95239             -8.4994           -0.928061
6.4562            -5.34928             5.47594
9.96735             1.01657            -1.89062
-9.42289             -4.6974             -5.2565
9.44609            -9.23276               -7.94
-7.22128            -9.35362             9.46929
5.26475            -7.41355             3.46874
-9.47233             8.93155             3.21879
2.14057             5.68163            -2.16345
2.33437            -5.17289             4.99863
0.317088             5.51439            -4.83932
-1.99438           -0.505077             3.94391
5.01022             7.77734             6.24287
-1.55583             5.45549             3.33476
8.67336            -7.59941             5.38683
-5.15945           -0.941187             9.77539
-5.29801             5.97339             7.26951
-3.25266             -1.1713            -8.36085
3.30668             5.87451            0.108956
-4.1264            -9.30875              4.8671
1.45176            -7.18619             2.71188
-5.36759             2.44972              2.8071
1.66479            -6.07929            -2.54463
1.00742            -6.07959            -2.36823
5.33097             6.92832             7.76513
-2.11432             2.25166            -5.99049
6.2038            -4.62875             7.09739
6.65182             -1.5366            -7.94953
-5.36729             8.57021            -1.31815
-4.82924            -7.55852             -8.9923
-2.60109            -2.72774            0.438504
-5.17716             5.91815            -8.11761
-5.37431            -5.66667             -2.7195
-0.422978            -7.77062              8.2162
-2.82998             5.89709             6.68569
7.1978             3.48857            -6.75374
8.68557            -8.29065             6.53188
5.86658             4.99771             3.26487
5.2855             2.34596             6.03016
-2.68013            -7.72393             8.30897
2.3133            -9.30478            -7.46299
2.14912            -5.93402          -0.0674419
-9.14792             8.63003            -1.51554
9.364             9.79522             1.09898
-0.816371             1.51403             2.65847
6.14888        1.15207e-006             5.20066
-5.17258             6.03137            -3.64543
7.6867            -7.54387             9.13572
-4.55855             1.63519             3.54748
3.84748            -3.44462             2.33498
-0.0939959             6.10035            -7.51091
-8.15271            -7.12912             5.92731
2.05145            -2.01696            -4.42426
3.33293            -4.08887            -6.75344
-6.82974             8.79299              2.1244
-2.07647            -4.54207            -8.69258
1.06784            -6.05639             9.95819
-1.02389             6.40218             8.86927
7.6693            -1.64525             -6.6512
-1.64799            -9.16714            -6.42118
-8.21009             8.23939            -8.81317
-9.55412            -1.60069             2.68651
2.64718            -3.41929             3.21784
0.245679            -6.58467           -0.217284
1.62206            -4.75173            -5.57328
0.753205             2.44911            0.139779
-0.269783           -0.659199           -0.995205
-8.94711             2.79855             -9.3707
6.53798            -5.59068              8.1515
2.16743            -7.45994              7.2512
2.80068            0.596027              -1.236
0.161448             7.07603             1.58208
-8.34529                4.12             2.87668
-0.545968             4.17158            -3.03811
-3.27708             8.83633             7.95557
4.3373             5.58916            0.791349
-2.85745             5.00382             4.44472
-0.743118             6.20075             7.11723
6.46047              5.2733             3.94757
0.665308             3.04514             1.03672
-8.4814            -6.45497             2.91788
3.46569            -3.74615             6.93228
0.891142            -6.66066             6.81906
7.72912              4.4905            -9.79064
-9.96429             7.74041            -4.96383
0.305193            -2.24189            0.552084
-4.25306            -9.28098            -4.72853
-5.02975             4.48073             9.20042
8.41487            -7.87438            -1.52195
9.49584            -8.83907            -5.97158
-9.21842            0.150149             6.52425
-1.33182            -5.80034             8.68397
-7.27623              6.4446             9.07986
-0.826128             1.40935             2.85165
1.97302            0.197455             5.95934
0.760221             4.91837             7.30308
-8.94681             2.50039            -6.75283
-3.15713             9.75463            -7.64214
0.605182            -7.84997            -4.68123
-2.58766             6.37471             9.36491
1.73192              2.4485              6.3506
2.96732            -3.71013             8.01783
-5.54216              6.4684            -3.67412
-5.65385             3.27464            -1.67943
1.81585            -2.88888              7.6217
-7.37601             7.83319            -7.57011
9.22727            -4.06995             7.84784
3.34789             6.08845            -5.91967
9.93988            -9.32767            -5.85741
0.0726422             7.35588             6.68997
7.2219              8.7698            -3.45896
0.0991904             6.93534            -4.51002
7.47398              6.7095            -4.05011
-3.59873            -5.10056            0.578025
7.9223             8.38313            -3.05093
-5.30442             1.54638             3.49529
-1.57445            -2.70271             6.78915
6.40951             4.03546            0.324111
3.07352            -7.62871             7.60064
-5.63585             6.08936           -0.812703
4.10718            -9.67497            -8.07977
-8.16217            -5.16495             7.98851
-6.27735             1.36265            0.561239
1.66784             1.04343             3.41711
-4.02844              6.2981            -0.27989
1.66174            -5.43901             1.62326
-1.66967             7.28904            -3.48461
-9.75524            -9.31577             1.68676
-7.91253              4.7206             6.33351
4.90799            -5.36729            -1.17831
9.96582            -6.57704             7.91651
-5.10025            0.777006             -4.5558
8.30775            -4.24329            -2.49427
1.67211            -1.03153            -1.21585
4.05439            -5.82903             3.24412
6.957           -0.419014             3.80353
-4.61745             7.43522            -3.72631
4.05225            0.177309            -1.38523
1.33061             8.83114             5.19395
1.89124             2.30598            0.943636
6.18122             9.62981              8.9639
5.43383             7.07663            0.585654
4.95468             1.52776            -4.65712
6.05396             6.51693             5.14817
2.25654            -7.73858             8.42647
7.30095            -5.84521            -5.76006
-1.22288              8.6581            -1.53569
-2.38959             1.26347             5.64318
-8.57936             9.31486            0.170603
-8.33216            -6.90848            -1.25248
-5.24186            -5.48417            -3.29691
-3.72661             7.37267            -7.01437
5.19364            -7.81335             8.06666
-9.21751             6.29566            -9.67314
2.08686            -3.06253            -2.92001
