Number of particles: 2048
dt = 5.08585e-007
Number of timesteps: 30001
0    127124
500    127126
1000    127119
1500    127102
2000    127076
2500    127039
3000    126993
3500    126937
4000    126870
4500    126793
5000    126706
5500    126607
6000    126497
6500    126375
7000    126241
7500    126096
8000    125938
8500    125767
9000    125583
9500    125386
10000    125175
10500    124950
11000    124715
11500    124461
12000    124193
12500    123909
13000    123609
13500    123298
14000    122966
14500    122619
15000    122257
