6.21511            -3.14284             8.83085
0.862465            -6.94814             8.74601
-8.40092            -3.66221             2.08902
-8.5061            -6.16896             1.41822
9.01915            -6.98389              3.3421
0.845391             1.58424             5.67279
-1.34487            -4.96474             3.85206
7.98092            -8.11936           -0.438228
9.35546             7.74896            -3.82944
6.72263            -4.88721              4.1133
7.5152            -2.34686             2.91025
0.531957             1.26866             8.63737
-1.63973           -0.781832             3.49317
-6.19066             6.86668            -9.73905
7.8042             4.41847             4.58207
1.76155            -9.14022            -9.46652
8.46127             4.47951            -3.64146
-0.828248            -1.27871           -0.805675
-3.86271            -1.96172            -4.30675
6.98631             5.87451            -5.22139
3.76813             9.49493            -9.83214
-6.42047             8.39994            -8.58912
0.551786             9.33379            -7.19503
-1.33913            -9.68069            -5.45486
1.37944             1.94221             5.99935
-9.32033             9.69361            -2.13201
5.44482             4.71084             1.03338
9.50196             7.38945             2.04628
3.52062             6.54805            -8.76337
-2.28246            -4.05772             8.25039
-2.56221             7.62537            -7.43803
-0.997317             2.31971              4.3747
-9.06392            0.675095            -9.09504
8.20797             0.34486            -2.72619
2.54068            -7.21854            0.834398
-1.99405             2.62246             -3.0207
-6.16269            -5.16799            -3.53799
5.23395            -5.83634             -3.6326
-6.40957             9.65667             9.96492
9.54653             2.30598             5.44574
8.97245            -2.94991            -2.16588
1.61232            -5.36178             2.72532
-5.16736             8.14601             1.59247
-9.21503            -2.12408             2.07893
-3.1335             1.31109            -5.46554
-3.80839           -0.752264             5.83424
2.3536             3.97963            -1.11086
-2.00442            -2.51411             6.25295
-9.71809            -8.82807             7.33362
-6.25932             5.31115            -8.20153
-1.78906              2.0597            -9.72654
-1.5558            -5.77257            -6.42352
2.31788             2.84495            -6.37408
-6.23277            -2.99202            -5.69505
-7.68022            -9.32859             2.91576
7.52743            -9.65849             4.11391
-6.96534            -8.46521             2.68534
2.21872            -6.97255            -7.83989
-9.28031            -9.54771            -9.83946
-6.1055            -9.60875            -6.01671
9.57213             4.97697            -2.32091
9.29475              7.3092            -3.60269
-7.2809            -2.86171              8.3968
3.58566             -1.7536            -3.69585
-0.578533           -0.664973            -6.61454
-9.90019            -2.36091             5.86843
-4.1358            -3.58623            -5.61782
-3.9515             3.92285            -9.32247
1.49388            -1.93364            -8.55463
-3.46016            -3.67289            -5.54612
-5.49294            -4.65376             8.07186
-6.39848            -6.82485            0.883223
3.02134              7.6858            -3.40188
-3.29262            -9.00081             1.23876
4.9312            -2.15888            -1.98094
-3.73665             2.59103            -5.30013
9.45006             -4.8921             5.72529
-4.24021             3.16844             5.42102
-9.18416             8.43807            -7.73429
7.60952            -2.86996             2.89531
9.00541             6.29232           0.0564724
9.45893            -1.44778             3.05431
-6.03593            -7.12149            -8.47741
1.46401             3.66009            -1.64493
4.84512             6.15804             7.34521
9.80837            -5.14205             3.58411
-2.08806            -8.59736             7.47583
7.21827             9.06889            -4.65192
-6.38641            -5.06331            -4.39831
-4.2744             4.06508             2.25136
-2.57023            -9.32065             3.93355
6.55022             1.18382            -9.28128
-5.65006            -9.59592             8.50065
-4.86677             5.60291              1.6587
0.39156             -3.4089            -1.95813
2.76013             8.24579            -1.39177
8.316              7.9446            -4.39447
-4.42334             5.04441            -9.52838
-6.62023             9.96094            -2.35418
4.13133             8.30928            -3.10402
-4.17078             7.30828            -5.81193
-0.765376             6.86942             3.58777
-9.57022             4.53383             1.94008
-4.73552            0.579246            -7.53958
-6.63727            -4.05345             8.74571
5.63801             1.68006             -9.5242
-4.69615             8.22139          -0.0689545
-3.61671             1.61199            -8.97182
-6.07488            -2.56689             8.64469
-1.86832             8.46768             2.93956
2.4714             2.76132            -7.04732
8.29008             -8.5644             1.82258
-6.53538             3.73518            -8.72339
7.19201             6.89323            -1.25033
6.44461             5.12284              4.1313
3.49471            -6.68355            -6.94752
0.663781            -8.99165             1.57111
8.16983            -9.28158            -6.46289
8.65629             9.99908             9.79768
-1.14197            -3.22153            -8.63916
2.43355            -0.86579             1.25311
2.64293            -7.00398             -4.7688
4.60953            -3.64666             1.96663
-2.3859             4.96445           -0.792854
2.39632             5.97799            -8.08097
4.16244            0.948834             3.89083
4.9788             -7.5164            0.874295
7.76609             1.55949             5.67327
-5.1447             1.40723             3.25292
6.82364            0.755948             4.12247
6.24197             5.09904             2.27212
-6.34965             1.83386            -3.70889
-3.663            0.380583            -5.54123
3.95461            -2.51227            -3.99577
7.42731            0.437022            -5.64957
-9.8196            -5.28611            -7.76572
0.26643             8.21347             7.21826
9.08477            -9.58982              6.5145
5.16192             1.73071            -7.16298
-2.43657            -5.94286           -0.327446
8.80673            -4.44073            -1.40872
-2.638            -6.31579            -6.89381
4.20669              8.4808             1.95717
2.82299            -0.76662              7.0269
7.83288             2.08199             8.05721
2.78667            -9.16469            -7.73826
-5.66965              5.6029            -5.57266
-8.4954             9.80102            -4.95589
-9.40043            -9.96611            0.690346
-3.90298            -5.15334            -2.60016
-0.0774346              2.9542            -9.11769
-9.09173            0.238965             9.20745
-3.2098            -9.06337            -1.17678
-1.0428             2.13448             -3.8563
7.50513            -3.70494            -7.90092
9.22609             1.61199            -6.06737
-0.766423            -8.76002             4.65348
3.90761           -0.668643            -5.83359
-1.93787            -9.99602            -8.20899
-6.91179             4.27106            -6.31342
9.24559            -4.01011             -1.8209
-8.71027            -2.16956             9.13177
-2.06105             9.32127            -1.91135
8.4851            -8.36176            -7.04274
-9.7536             9.30328           -0.787665
1.39411             3.00242            -7.07021
5.66364           0.0659274             3.59205
5.97342              5.4735             5.47473
-9.66872           -0.386652             5.65327
0.632668            -9.23061           -0.205677
9.84223            -9.64812            -9.88127
7.84054           -0.150757             3.16418
3.75622            -9.68107            -4.01561
4.05594             1.69074             9.84956
-4.19201            -3.68938            -5.68497
9.04877             3.45928            -4.06139
3.73547            -6.32067           -0.594481
6.13332            -6.09148            -6.52911
9.17632             9.66247             6.99822
-1.37543             5.78326            -4.85731
-0.993155             6.76475             9.15343
1.15576             7.81459            -4.32782
-6.85723             3.44768             4.98369
9.9216             1.05656             1.05138
2.1305            -6.90907            -9.90965
-9.75492            -6.11406            -7.04091
6.17635            -2.23701             1.01079
-6.74517             9.60113             7.18133
2.02643            -1.64035             -4.6217
2.39085             7.39678            -7.08424
-9.97758             2.22237              -7.338
7.56772             1.76824            -4.64718
4.11269             2.77202            -6.54092
8.25466            -2.27027            -3.09821
5.95021             -4.5088            -3.12538
2.47814            -9.56999             5.57362
-2.53711            -1.28939            -7.40805
-3.01276             -6.0515              7.1743
-8.69126             7.68579           -0.472104
6.58379             8.48293             6.14339
5.9151             4.85857             8.69657
3.84414             -7.4166            -7.65586
5.06212           -0.495921           -0.154709
-1.53413            -6.61702             7.84083
-7.34711             6.51725            -9.27486
5.19275            -4.88325              -8.435
-0.0412496            -3.04269             1.76277
3.86795             3.43608          -0.0436242
0.393082            -5.50125            -6.68537
-3.68356             5.81593            0.696755
5.24401             -9.9652             7.91743
-1.10748            -5.21469              2.4006
5.69476             6.13332            -4.22313
-5.63858            -7.63327            -8.03947
7.31286              4.0257            -7.25728
1.54946            -9.42167            0.429108
7.92383            -5.71885            -1.00282
-5.62179            -5.91294              0.9113
8.35507             3.54718             5.88429
-8.68126             5.21745            -2.77534
-7.75706             7.38092            -7.20235
-9.46377             9.07958             -1.3022
5.61847             2.13264             -1.9505
6.16692             2.25165             3.57275
-8.55212            -8.77435            -1.66782
-0.190111            -4.35697            -3.62651
2.59408             4.10748            -3.07961
-4.33268            -4.94826             8.33279
-2.42214             2.61729            -4.07115
-0.302716            -4.68503             2.73264
8.73318            -4.12367            -1.30709
-4.09921             4.46822            -6.80989
-5.39065             9.97652             8.80674
8.84368            -1.27391            -4.98488
9.96064             4.36016             -5.2278
-9.28797             5.53393             1.27813
6.31459            -2.24248             2.80894
6.67992            -1.49615            -3.34115
-7.18241            -7.76002            -4.03575
-3.24592            0.304279             3.65308
9.26878            -2.73627             4.49051
-8.45359             6.79244            -2.37768
-4.964           -0.736732             3.15136
0.726067             6.49069            -9.89866
4.06843             -3.8798            -5.97551
4.62419           -0.290299             4.19204
7.57562            -3.79652            -6.11131
-0.955197            -1.89397             5.16009
4.63027            0.871627            -5.82231
2.04996            -8.81449             1.12004
-4.5859            -3.50239             2.42075
-2.83483             -2.5608             8.05263
9.84894            -7.80479             4.42398
-6.53917            -8.97654            -6.20989
-3.19443             4.22644            -6.04846
-8.20486             6.73452            -7.55101
-6.6817             7.16112             9.26994
5.81379             2.04017             7.38428
-9.49093             3.12449             4.25247
4.11422            -1.79899           -0.912785
0.128202             8.62539            -2.25957
-6.31823             7.23993              -6.234
-5.82687            -6.77052            -1.42673
0.0308369             6.39607            -6.07561
-9.79123            -8.14958             6.25448
2.31759            -8.24242             7.37695
6.48796            -2.88857            -7.65616
-0.932022             4.90677            -6.96094
-7.70743              3.2114            -3.05306
0.712625             2.44486            -9.32156
-8.85461             5.62061              6.6622
-2.20891            -6.48359             5.13048
-7.13612            -5.20174            -9.98503
-0.0201249             -7.7883            -2.77015
-2.23973             7.76637            -2.83485
-7.32809            -5.81979            -6.22545
-6.99054            -4.87493            -7.29879
6.94847            -6.78028            -7.30428
-1.58754             8.43227             -2.0316
-4.18163             7.84662             4.62632
1.60285             1.80786             3.54474
-9.00752            -2.41246            -2.38135
8.22537             9.53155             5.83302
1.06847            -3.54282             4.77708
-0.507499             3.79797            -1.12764
-6.59382            -5.65902             3.59205
-4.8512             9.56543             3.94568
-8.24028             9.04263            -2.60427
-7.93387             7.13922            -9.22808
-2.98379            -9.24344           -0.102034
-6.95026             8.12953             4.43375
5.95144             5.23668             5.47046
-6.68872             3.71565            -6.26787
5.67585            -7.36624            -4.22771
-7.82156             9.57854             6.47269
-4.95312          -0.0445521             4.10384
-6.12688            -5.85008             9.12383
-7.51608              6.0729             9.07683
9.40736             9.29167            -5.30837
0.361369            0.553306            -4.93483
-8.88667             4.84178             1.25494
1.04833             3.95766             5.19183
6.11075           -0.968653            -4.11174
4.84667             7.20512             6.28073
-6.08354            -4.13463             6.95427
-4.52435            -7.88291             2.13601
3.78799            -8.40449            -2.41491
-2.07309            -7.22281             6.81785
-5.65048            -3.05153            -3.89323
-3.00911             3.40863             5.95784
1.1048            0.166026             5.81654
-6.33348             -9.4644             9.77296
3.5069             2.03133             1.15972
-3.02467            -4.61621            -8.47223
-5.44325            0.626245            -6.64569
9.30756             7.88721            -1.27718
2.25015             -5.3102            -4.96748
-4.16576            -3.01185             9.29566
0.547519            -5.77409            0.268136
9.89322             5.81407             6.31782
-7.05128            -1.97727             9.23386
-6.12231            0.202343             6.57158
-8.0947             7.25456            -6.72687
-8.03549             8.18873           -0.722964
3.4483              1.3526             3.20232
4.5546            -4.02629              7.3269
0.378154             3.06254             2.39969
-8.50151             4.00586             2.62064
-6.71924              3.6128            -3.31002
4.25064             2.82969            -3.39303
-6.29441            -8.34192            -1.36569
-5.53237             6.10462             1.80885
7.52497            -1.61289            -1.47433
3.00701            -7.57498            -3.83067
-7.81546             4.70993            -1.16732
4.31046            0.513631           -0.470273
3.51026             4.83598            -6.99818
4.66813             6.46842            -9.79856
9.13758             1.56499             2.65024
0.183751            -2.53334            -3.67563
-1.54941            -1.40536            -4.27257
4.7664            -1.79417             2.79673
5.69478            -7.79534             8.57724
-1.57778            -1.74474            -3.10707
-0.320732            -9.10793             3.46967
-7.19564             3.64515             -2.2315
5.22175             7.34123           -0.696415
-7.53987            -3.13058            -2.44299
-7.90611            -1.35165            -6.41009
-5.35629           -0.231618            -3.23006
8.05477               -7.04             9.95563
-5.8467            -6.49953             7.84039
-4.09068             9.00756             4.79342
-6.21264             9.46593            0.647936
8.85955            0.194404            -9.54769
-2.61876              1.3947             1.95168
-2.06517             4.06295            -2.98286
-0.69611            -1.49508           -0.206898
-6.97131            -4.30097             -5.4747
9.37501            -9.68321            -4.91499
9.20257             6.03505             2.52237
8.89647            -6.88893             2.69602
-7.53743             6.37502            -4.32232
8.46373            -3.00302             -0.7544
-1.60831            -7.06837           -0.584107
3.47028           -0.149523             2.17904
-0.645437             4.31258            -2.92427
-2.8153             7.26677             2.62827
-2.12926             6.66801             9.52851
9.71681             3.24932             4.14382
-0.629262            -7.72423            -9.61331
0.944578            -1.39805            -5.36086
-6.50165             1.99471            -9.76255
5.7436            -8.86836             -4.5274
-2.73779             6.67807             1.73652
3.14557            -2.49794             8.69932
7.33514             4.66569            -3.08937
1.17529            -8.03184            -5.56137
-9.35481             1.79236             9.13512
9.816            -4.62263            -9.72745
-0.616762            -9.99693              8.7335
7.82893            -1.82774            -9.36794
2.95543            -4.11175             8.25917
-7.84688            -3.36223            -7.88214
4.42063             9.62312            -9.22533
-0.801106            -1.89367            -5.24983
7.99191             8.20735             6.62376
6.01858            -3.40708           -0.999461
4.50913            -3.43606             8.34134
3.40527             9.36035            -1.60556
8.88763             6.93351            -2.27758
-5.33461            -1.29276              5.8376
-6.52331             1.77589            -8.28149
4.3898             6.93962             8.41916
-6.33714             1.28911             7.98366
-5.23725            0.503866              1.5058
9.43604             3.81208             8.26931
0.883528            -3.84776            -1.24025
-9.09113            -3.80718              4.7902
1.63765             1.13316            -9.24679
-9.9655            -3.05641             1.76887
-5.49759            -8.24303            -2.62091
3.41749             8.92026             4.68736
-7.70254             1.27446             6.99822
2.63285             5.93983             4.50058
-1.02571             6.87431            -1.91899
7.42732             8.73593             7.03087
3.32838             2.34657            -2.18053
-5.15242            -4.39587           -0.446163
1.1823             6.62192             9.42627
-2.44939             7.65954             -8.4237
-4.24784            -5.52476            -1.14473
-3.83799             8.38162             -8.0294
-0.809639            -7.62229             5.74391
8.64652            -4.30218           -0.742637
6.7016            -1.47771             8.71566
-8.72187               9.281             3.65844
-3.997              2.6603            -2.35537
7.05225            -4.11176            -6.99543
8.61265            0.590538              6.2728
3.06285           -0.124193             4.82194
3.54779            -2.52112            -4.32354
-5.22596             1.16245             9.70033
-3.20441             5.86383             1.80183
6.94115             3.55848             9.92097
-0.230703             1.98311            -1.05714
8.70696            -2.54463             1.46826
5.99692             5.67553            -0.35888
-9.61759             3.51209             7.02721
-5.25435             6.14675            -6.08019
-5.45424             3.78705             2.48514
-1.11695             8.59524            -8.37976
0.355558            -1.48868             8.75639
-4.40136             1.77894             1.74079
-5.46797            -8.75423            -4.57013
-7.86764             -7.4343            0.274074
2.3829            -3.42416            -5.43808
7.26129            -3.36831            -9.80375
2.76775            -2.45246             6.50839
3.48158             4.72549           -0.746771
9.68873            -8.05168             3.78004
-9.99785            -8.57294            -3.85264
-1.92508            0.184032           -0.337517
3.0116            -6.81081            -1.27321
1.33612             2.70426             3.20172
-5.08742             2.74851             4.45481
6.33597            -1.48563            -3.28232
2.28099              8.7347             4.17671
-2.98835            -7.50051            -7.03722
6.47176             7.25121             3.00793
0.41264            -2.29132            -5.01631
-4.84143            -7.12271             2.73906
0.321988            -3.84135           -0.781867
3.55359            -1.19051            -5.22292
-2.89801             3.75378             4.94737
-8.87048             -3.2374            0.784038
-4.02751             8.16677             4.58664
2.48087             1.33398            0.169395
-3.47176            -1.16428            -9.20833
-4.94916             3.39794            0.172752
-1.07698            -6.89839             2.16805
-8.15178             9.83735            -5.82719
9.85018            -1.40781            -2.04198
-0.655203             8.94681            -9.64353
1.94984            -3.51541            -3.33932
5.38043            -4.49902            -7.07784
7.56007             2.38991              1.2705
-2.91144             -2.9606             -3.4385
8.50308            -3.69333             2.33774
2.66032             1.21923             7.07451
9.57765             2.87485            -2.52936
4.02267             5.88245            -3.15499
-2.17137             9.44916            -9.14241
6.96434             3.35492            -7.93052
8.01419             6.17054             1.96388
2.34477             7.26768            -1.25277
7.19109            -8.22686            -5.96696
-3.01277             7.65436             1.66053
-5.04469            -6.09881            -2.06775
-3.51905            -5.83301             -9.6635
8.52658             7.86251             6.11548
5.45886             1.46414            -7.31315
-5.25893             8.69013           -0.351553
-3.20899            -4.99251            -1.92936
9.19402             3.36438            -7.39065
-7.41445           -0.893345             5.22936
-6.6283              8.0346             5.53607
7.28175            -6.06768            -2.32305
-6.66706            -6.44793             7.23718
-3.76535            -4.61813             4.37576
2.27059            -9.73419            0.946091
0.3632             6.36373           -0.368951
3.05004            -3.76322             1.81434
-2.70849            -3.02269             3.67261
0.205102           -0.388206             -9.8065
-8.71697            -4.29547            -4.21764
8.71122             4.74931             6.18032
-3.94968            -7.35815             3.26733
-3.28469             6.55384            -2.11034
-8.36937             8.74997             1.30316
4.05715            -5.05506             7.77583
-6.99604            -8.60849             6.68815
-6.487             1.61137             7.76789
4.43162            -4.87715            -9.72501
-9.1418            -6.46654           -0.398554
7.98794            0.750621             9.81141
-3.76017              3.9851             5.70301
2.54771             3.49407              8.7866
5.79487             9.27307           -0.853275
-8.49999            -8.09815            -7.58352
1.60619            -5.14146            -3.59995
-8.41086             6.28651            -2.13581
-1.95438             8.01166             5.46215
-4.75509             1.41088             4.43711
1.58821           -0.815439             7.97969
-6.2813            -4.00265            -1.93729
2.89898            -6.53273             -8.6297
-0.683907            -2.46679            -9.33041
-8.95319             3.89478             9.29565
-2.44879             9.82055            -7.51974
9.05639            -3.31208           -0.643313
3.27038            -1.77433            -1.35928
9.55385              2.4012             1.73896
4.57047             5.07889            -6.93135
5.08532             2.96176             6.90147
-3.61979             9.11804             6.86912
2.25993             1.00864             2.43509
2.82847             9.56023            -4.84388
-9.91392              4.8652             5.75306
-2.18724            -1.62295            -4.00859
-9.04627            -9.53367             -9.7241
-3.83799             3.50963            -5.24306
-2.42132             4.88016             7.13982
-1.60373            -9.02919            -5.66422
9.9393             -6.8337             5.20922
-3.25051             3.58257             2.33896
2.45248              1.0449            -9.22603
5.53669            0.855763            -6.70918
5.02093            -3.55753            -9.26693
-7.98301            -9.90258            -8.13896
-1.85153            -9.22865            -5.20247
7.02446            -5.15211             6.50809
0.666843            -2.17534             4.69301
-4.01438            -6.42099             0.11676
-5.20369            -9.65451             7.45738
-4.71907             3.51421             -2.6109
2.21049            -7.73766             8.19027
-0.686336            -1.76793             7.41846
4.96996           -0.247793              1.2937
-0.479123             2.06124            -6.57672
0.221289             7.78772             -4.3684
7.44624             2.77475             9.03777
0.704385            -7.73093             5.38898
6.74613             3.05492            -7.86613
-2.58397            -4.87655             1.95503
3.9653            -7.86095            -2.40576
-7.04304            -2.41125            -1.17617
7.14226            -6.85169            -6.73328
-9.5663            0.112313             6.89903
-9.57943            -2.47322             5.82661
-0.145251            -7.60184             8.34408
-8.73316            -8.87354            -2.06273
4.05991             1.18077            -2.05754
2.97742            -3.76201            -3.19466
-7.28506             9.60206            -8.63092
-9.38137             1.28729            -5.08376
-4.18894            -3.27555            -8.15239
-8.08524             6.68356            -4.44195
-9.26906            -9.18819              5.1137
-8.64191            -4.07756            -4.90156
-0.465378             6.37898            -5.68009
7.07636            -8.71578            0.137961
0.378752           -0.541686            -9.16835
5.62488            -5.20034             6.78154
-4.68518             7.32568              2.4731
-6.45066            -5.37371             3.69238
-5.51773             8.55954             2.29365
-2.2721             4.51003             -9.1266
2.74853           0.0885086             6.58713
-7.11536             3.71533            -9.59073
9.2517             0.47458            -4.99006
-5.47928             1.13836          -0.0805515
8.59496            -2.72774             9.20928
-4.40928            -6.02191             1.10235
6.43393             2.73905             9.87001
6.50382             9.02343            -9.70395
-1.438            -4.43311             -7.2756
-9.00385            0.840179             5.90199
-9.09725            -9.09206             1.19939
1.09594           -0.263968            -8.64343
3.48891            -1.10538           -0.480649
-4.62139             3.57891             3.03173
9.30603            0.758402             8.05263
8.78965             -1.0016             9.25384
0.35557             2.90903            -2.37127
-3.50929             3.83984            -9.65818
-2.64929             4.71543            -3.26211
-4.78925            -9.50253           -0.091233
-1.30464            -2.23334            0.207238
-5.60225             1.67761            -1.04127
-2.06914           -0.961011             5.36487
-2.89619            -1.13619             9.72749
-1.57564            -5.50431             3.28076
-2.3148             9.97162            -2.17382
6.70615            -4.72516             5.71705
-2.9026              9.9402           -0.812991
-3.93168            -7.27865             4.37989
0.902165            -5.09629            -4.51015
-5.45272             4.55857             7.97711
0.898165            -1.44657           -0.338773
1.63704          -0.0631684             4.08553
0.321691            -3.08511            -6.23491
9.90236            -2.23974             -2.1375
-5.92607            -6.47387            -7.01802
-0.0475792              8.2931             -2.5846
4.53783             3.46569            -9.50345
-6.37805            -5.43441           -0.294181
-1.41879            0.555454            -1.74289
9.0036             9.90631            -8.69379
4.20518            -7.95983             3.09063
-1.73313             9.04631            -6.34325
-4.86372             8.70817             2.03987
3.20539             3.95581            0.775187
2.66918            -6.23401              3.8896
2.60752             -6.1986            -6.79005
-4.12212           -0.212086             6.46719
-2.7741             7.69464            -9.23702
-7.21912             5.88947            -5.69443
2.82878            -4.77949             4.85917
-3.85081             3.10467            -9.89317
-1.16639             -1.5659             5.29834
-1.532            -8.87539            -8.70661
-8.64435            0.492891            -5.09322
0.455964            -3.06465            -5.58853
-2.64623            -5.54948            -5.71854
0.249366            -1.51829            -8.19909
-6.47571             2.35147            0.627178
-9.02125            -6.38018            -5.07582
6.49039            -5.28396            -8.16474
1.61538            0.351261             5.78045
2.87731             1.54579            0.324902
0.643948             1.68492             1.66542
0.123935             1.41881             6.91399
-9.12134           -0.928979            -1.69467
1.39166             9.63288             7.96871
3.62348           -0.154101             8.62638
8.36698           -0.623183             3.57465
8.09232            -1.82226             1.59125
-5.98405             -6.9759           -0.683597
-6.92768             -8.8415             -7.9174
0.980589            -1.69347             2.51627
-8.15116           -0.974756             6.20596
5.7497            -7.37905             8.79301
-9.38961            -6.84956           -0.426631
5.70516             5.19426              5.6908
-7.49959             6.60818            -7.39096
0.575596             9.84742             4.28085
-3.05824            -9.02186             3.65217
8.96942           0.0750805            -6.53796
-9.95328             9.86908             8.92943
-2.44909            -3.41409           -0.059799
-4.15081              6.8386            -7.75779
1.46736             5.69506             7.66047
0.667164             1.39836            -5.57022
-2.0963             5.97463              7.2268
0.039081             1.20794              5.9496
-0.783686             2.69418            -1.95561
-1.49263             9.01883            -8.72858
5.64167             3.05767            -2.49059
5.70637             6.84227           -0.103436
-8.25677            -1.15359             1.89087
-1.8976            -8.71518             2.27625
-0.972905            -7.47792            -2.96821
-8.11823            -2.89834             7.58693
2.26908             9.47539            -6.61212
6.39243            -6.11194             6.87584
-8.50305            -5.80521           -0.527343
1.93825            -9.58035           -0.205677
-5.15088            -2.42164             1.57111
-4.39647           -0.620742            -6.27947
6.01155            -2.58582            -2.87147
5.03008            -5.38192            -1.22164
5.88339             1.75573            0.361662
-3.48549            -9.45341            -4.04399
-2.25713            -8.25799             3.54596
-7.18129            -4.66626            -1.36965
-5.79055            -7.91436             3.44678
1.95169             3.68328            -4.09038
9.04723             1.69227             8.06148
0.488008           -0.260306            -9.82023
-9.40791             6.15315              3.4715
1.62148             3.54931             3.54871
-6.44976             -3.3027            -8.31567
-4.83778           -0.759283            -1.01747
7.71297             5.60412             1.84242
-6.86236             5.18266            -1.32723
-0.841683             -9.6594            -2.50494
6.9265            -7.22402            -3.33688
5.90811            -4.68001              6.2673
0.719656            -5.94561            0.840192
-0.471188             5.54187             2.71068
6.24716            -8.96113            0.493507
2.93956            -1.26254            -3.93548
-4.11996            0.574961           -0.333318
-8.23295            -4.37359             7.34874
6.4922             -3.0729             1.64498
4.94525            -1.11484            0.033285
9.07623             5.31114            -9.24647
6.33108              2.9713            0.670814
-5.80003            -7.46359             1.11944
9.81204            -2.95297              6.2789
1.83694            -2.20252             4.04433
2.53153             1.54914            -6.50348
4.28787            -1.99101             -3.7147
5.03711            -3.61613             9.16137
6.91491             0.77548            -1.96415
-2.6792             4.91258            -8.41241
-2.3084             7.44898            -6.49737
-6.07621            -1.77129            -2.57666
7.92752             9.25383             6.10463
9.17205            -5.78385             3.48096
-7.8643            -7.07021            -3.04451
-7.36775             -3.5908            -4.54694
-6.19614             2.51473            0.302761
-0.0820775               6.191             1.88911
-6.62219           -0.236501             1.06633
3.22034             8.83969             2.70518
3.0351             8.97519             -7.2347
-8.60803             7.86311             9.48059
-2.96089               3.083            -9.34078
0.75048            0.811187            -8.24059
-6.66888            -3.58623            -8.17437
7.5448            -7.56552            -5.50399
-5.49392             5.68317             4.90618
2.06002             8.54764            -2.98697
-9.71553            -9.13267            -7.84972
-8.46338             8.31448             2.72244
-5.49942            0.506159            -6.44518
-7.83714            -4.78257             9.34357
-8.17588             3.01646             2.83702
0.283534             2.40824            -2.06822
1.69991            -1.82965             -4.7923
9.57367             -8.0453              7.7151
-7.86245             1.72095             6.92467
6.92924            -7.21272             9.03838
-9.82602            0.794873             6.51694
2.57975             2.35968             1.15819
-9.20863           -0.134272             1.88759
-8.75178             9.63624            -4.01469
0.403785             5.80028                 1.5
-6.98964             2.98378             -1.9254
-6.39116             7.92628             7.11266
7.41296           -0.234665              3.7013
3.20203             -2.9055            0.461762
-8.9413             1.61503            -9.58615
1.71212            0.160537             6.50321
8.91051            -2.88672            -5.85648
-1.77615            -5.95124            -3.36038
9.12078             -9.5108             5.42163
1.16584             4.33608             6.11257
4.43588           -0.964057             4.51737
-6.54894            -1.06737             4.61197
0.856062            -1.95442            -2.77534
2.13968            -1.03976           -0.932934
-3.75345              -5.952            -7.89908
-9.86142             5.26767            -6.06309
-4.95132             2.50801             8.04713
-9.17932             -0.4001             4.28498
-0.783081             9.44451             6.15767
1.43681             3.80995            -3.65423
-3.44276           -0.485542            -2.02031
-8.75727              1.5299             -8.2412
-6.08109            -4.45586             -1.2018
-7.69248             6.01584             8.71244
-9.47292          -0.0875766            -6.20867
-8.98402            -7.14277             8.52079
5.90078             6.98654             5.74666
3.33081            -4.23351            -9.81107
-5.46217             4.63486             3.90913
5.19762            0.535298            -2.29834
2.52269            -3.78293            -3.78794
-8.66206             5.63619              6.1321
6.77025             -4.3327            0.650672
7.37024            -7.12105             2.35635
5.54432             7.22093            -9.69633
1.07884            -1.53322             8.27083
3.03112             1.01414             3.72328
-0.266104            -7.69578            -6.02495
8.81041             3.26054            -8.10509
-4.13616            -3.89597             7.41906
-4.35619            -8.28851             5.47809
2.29654            -5.63858             2.34323
2.67833             3.40337             1.79298
2.65818            -3.77268            -8.86561
4.58147            0.538659           0.0842484
-3.99547             5.21775            -5.88212
6.30209             6.58828             9.73756
-7.32443            -1.28663            0.748637
-8.75941             9.20593            -8.43018
-2.07004            -3.20418            0.662736
9.62343              1.9703            -2.53422
7.16362             -1.9071             4.00253
7.07178              9.7937            0.854233
-9.949            0.966221             2.61424
9.75617            -8.51465             7.36627
-3.39395             8.67185            -4.42974
2.35881               8.034             2.40213
-0.774835            -9.24649             3.99672
-1.45541            -2.34228             9.71253
-3.05214             5.05754            -2.84309
-3.44795              8.6517           -0.282279
-3.77633            -2.79641            -8.24242
6.35336             7.77064             3.97994
-5.84             8.18447            -4.20849
1.47041            -5.16098            -8.22289
-9.95297              -7.069            -8.64008
-0.653994             2.97893              0.2521
2.63529             7.03362            -1.73191
1.35475             4.13923            -7.40499
-8.0184            -4.14044            -9.30447
-5.97154             6.24624            -9.33651
-9.09969             5.37829             6.82365
5.68288             2.40669            -8.67273
-6.53246           -0.065915             1.87111
-3.00056             3.68452             3.29754
2.81962             4.10628            0.878035
-3.09607           -0.555737             5.69233
3.16144            0.844147             6.34848
2.70792            -4.42242             3.67292
7.42242             2.62461             9.81081
8.44296            -1.26589             3.76159
-7.00823             9.18271             9.56896
-4.7276             4.16122              4.5447
2.09998            -4.03363             7.28297
-6.8468            -5.83911             3.94851
4.94189             9.25352              9.6753
-7.65402               -3.05            -2.66761
9.98445             3.75959            -7.55759
-8.89306             7.39891            -7.25057
-7.87253            -1.62297          -0.0784153
-0.914928            -8.81525             1.83113
3.80201             6.33108             3.92104
9.11225             4.18287            -8.45971
7.90158             5.54766              1.3291
2.91698            -1.07881             3.65034
2.25778             9.98567            -3.60819
-4.95496             1.37425             4.42429
-2.29191           -0.814839            -4.32995
5.14178             7.81031            -1.96904
-5.57358             3.79805            -5.16982
8.44053             4.90402              6.3909
-5.19056            -6.32892             3.34149
6.89537            -9.83854             3.06316
3.62714             7.01622             -9.2184
-7.66805            -5.66209             1.11608
-3.04053             7.61804            -2.20403
0.381194            -4.37329             8.83329
-5.12679            -5.28884             8.48905
-0.382062             7.56036            0.436737
4.62541           -0.455942             2.22299
0.800518            -3.46597            -5.17164
-1.25582            -3.47757            -8.15849
6.77299            -7.87498             -3.9815
1.67672             2.78572             5.15049
1.15179            -8.34862            -2.69568
2.2309             9.73755             2.34965
3.70315             3.31706            -4.71875
0.989436            -2.12988            -9.70425
6.4321            -5.58884            -2.02611
0.204491            0.554844            -7.77091
-7.54964            0.259412             2.02004
3.97446            0.677211              5.0551
6.91429             6.00209             0.81181
-6.95515            -1.43069            -0.41534
7.84359             2.56417            -1.93364
4.59154            -5.23209            -9.72959
5.19915             2.25106              4.6721
-9.79826            -2.89253            -6.27215
-8.9013             5.44115             9.35028
-1.60158             4.21614             9.35608
6.72019            -6.07713            -9.25808
-4.15874             6.53159             1.97029
1.62911            -8.78444            -1.75205
-6.06766             8.90744             1.69807
-8.39532             -1.0956            -5.61112
-6.24163            0.740702            -6.30938
-2.69231             8.41365             9.23217
0.051606            -1.10324            -2.41156
5.11065             2.09816              6.0143
-4.23504            0.852704             8.60044
3.23377             8.66848            0.467256
-7.43733             4.40199              9.9579
-8.72217            -6.79279            -2.51257
-1.48868            -3.35519            -4.76422
4.33273             4.78257             9.34098
2.82147             1.27719             3.11833
-9.2654            0.925951             5.30339
0.102547             8.87998            -7.12145
1.38801             8.48445             1.89278
9.40797             3.14921            -9.54464
-3.06068            -2.71979             -3.1733
-8.35961            -3.64481             8.80735
-4.61498            -5.25681            -8.29125
-1.84207             5.62487            -8.77711
-7.3995            -7.56277            -3.17513
0.448029             4.04525             8.75975
7.84237             6.69393             9.51142
-4.92871             6.10493            -8.17772
6.49832            -8.89155             1.73011
-1.90525             4.07149            -8.20366
-2.79882             -6.3924             3.40893
-4.15842            -5.94164            -5.20919
8.41397             6.20474            -4.34277
-9.21871           -0.250845            -4.58234
1.0752             2.81869             9.87398
-8.99683             4.33333             4.49906
7.59852            -6.13878             6.11867
7.02843             3.79591              3.8661
0.948545             7.58233            -9.75614
-4.8576             -6.1452             3.12633
2.79155             7.54999            -0.26824
1.36267              4.6431            -7.17611
1.258            -2.55928             7.24664
-4.7105           -0.843527            -2.56812
-4.92689             6.53891            -6.78699
-2.34716            -7.07936            -2.66241
-9.51871            -4.30035            0.403399
6.25053            -4.73251           -0.745623
-4.74865             2.35087            -8.49999
4.82346            -1.63396             8.57664
6.46202             9.16135             9.51112
-5.57509            -3.67534             2.60233
-4.82313           0.0952351             6.65397
-0.315239            -2.92945             8.46738
4.18839            -7.59331             7.95528
3.3             8.49453             2.65787
5.63007            -1.21889             3.25482
8.78111             -8.1762              4.4487
-0.121434            -1.03183             5.31115
-4.05649           -0.234072            -7.96989
0.425445             7.66779             2.32187
-3.58682            -5.99962            -9.46835
3.95004            -9.82116             7.32019
5.30201             7.47399            -4.94398
8.56015           -0.680851            -7.26064
-8.14354           -0.286246             4.51706
9.7452            -5.60869            -2.45214
6.38725             2.87851            -8.43103
-1.9434           -0.150134             6.53647
-7.63541             8.73777            -1.72031
0.442243            -6.65242            -9.73661
-3.81356            -1.17801            -6.54254
-4.33971             5.48236             4.83506
-4.29058           -0.817879            -9.24343
-6.87426            -9.47538             7.54969
3.61983            -5.75548             9.63196
-8.1823            -3.90299             1.89858
-9.61972            -4.78437              8.9511
-8.53906             5.30382            -8.04657
6.83405             6.03991             6.86746
-8.59582             7.14166            -6.22667
-2.06519            -8.48566              2.7586
8.2974            -4.72975            -6.92677
8.93218             2.88553            -8.84577
9.31396            -2.42956            -5.82475
3.50141             -3.6207            -8.61383
-8.18198            -9.03347             3.21728
-9.23396            -4.12762             9.67408
0.177635             8.75608             -3.1968
3.01494             8.13747              2.0414
8.50767             1.60131             8.76402
-1.18165            -7.50022             6.96495
-0.903636            -4.30981            -6.75739
1.41272            -6.46777            -4.19475
7.46974             7.88324             2.11648
9.43422             3.10648              3.1773
0.809063            -6.05638            -5.86015
4.88573             -2.2791            -2.34777
-3.41682            -7.31742             6.49649
4.71148             2.62643             6.74339
9.18212            -7.37661            -1.62723
1.27325            -3.43484            -3.76566
6.99152             5.67004            -6.53461
-2.33708            -7.45017             6.41837
-5.98314             4.71085           -0.766608
-7.36227            -3.84745            -8.89155
-5.31446             1.21983            -3.46322
5.40333            -2.92397            -7.28902
-7.56766             9.14641            -4.56372
-0.656741            -1.91655             4.78868
5.41461             3.22887             3.45793
8.50585           -0.899998             1.88172
-7.11232             3.87984            0.238839
-4.0617            0.233085              4.7725
9.07897            -6.13515             8.80553
-2.98224               -7.77            -4.80512
-4.44104            -3.49954            -6.85505
6.90942            -6.24385            -5.17195
-6.31915              7.9055            -6.59442
9.5923           -0.178218            -4.36382
-4.92689            -6.02097              2.9594
0.775501              -8.556            -5.15792
-9.63834             5.98803            -4.61377
-9.57363             5.59588             9.58466
-2.16924            -3.61032             8.15945
3.51515             8.57929           -0.574036
6.28469             9.29684             9.14367
0.0189512            -9.94719            -6.08781
-4.12334             2.94353            -5.80338
9.96066             2.18414             -7.7114
0.682411               9.671             4.32876
-4.5045            -9.47324             9.24835
-7.37783             1.12493             8.96758
2.71495             1.06801             7.95863
4.22592             1.24392             -7.8231
-4.90826             9.02098             8.07277
9.26238             8.11428             6.92802
1.48292             8.51422             9.27246
4.62296            -1.16002             2.38809
5.36091             3.94819             8.24215
-2.47503            -1.59243             4.31137
4.37302            -9.23619             5.39814
1.97883          -0.0756884             8.14021
4.26073            -7.82617             7.74944
1.91751            -5.20986           -0.106536
-9.60967             -7.9879              8.7857
3.80416            -5.88426            -5.12496
5.29192             3.13059             3.57434
-8.42461            -6.14482            -8.72675
-1.09347            -6.63592             8.12984
6.13669             9.09941           -0.915843
3.38635             7.11265            -2.82844
9.0747              2.9227            -0.31371
6.24898             4.36966             -6.4815
2.96399            -3.33932             2.91636
6.56302           0.0265544             6.81235
-8.77008            -9.42467            -2.46283
-9.5889            0.748948           -0.859689
1.13501             9.34264          -0.0585824
9.58374             7.91498            -1.41787
-2.77746            -6.01815            -0.56427
0.445588            -6.26909             9.30633
-2.94531             5.95783              3.5832
0.362577             7.12638             2.32034
4.9077             3.76654             8.94499
8.29617           -0.131515             6.31857
3.58901            -6.54591              1.5879
5.06914             2.76315             8.38864
1.03032             2.63308            -9.99632
4.12154            -9.91361            -2.59986
-5.65689            -4.22527             7.03606
-2.8559            -8.24023             1.75605
-2.60931            -9.62851            -3.48275
1.24365            -2.81348          -0.0637614
-7.87834             4.40628             3.90594
-6.15739             8.14355             7.99274
9.94264             7.83778             3.20768
-4.0672            -3.17239            -8.02791
-0.283487            -8.04712            -1.17586
-7.48921            -1.58207             4.80882
-9.79764            -2.26598             3.23437
8.17074            -5.94712             1.53693
2.98382             4.06782             9.32403
-8.69042            -8.20917            -2.73169
-7.12941            -3.43454            0.843244
-0.184925            0.831036             7.75782
0.748344            -4.36597             9.04113
3.54475             4.11024            -6.19463
-5.56717             -4.6687              8.4155
0.891158             6.70585            -1.36752
0.572862            -9.86388            -6.83277
-9.71767             9.74212            -8.47131
-6.35912            -4.01683              1.4295
9.9814            -1.11238            -4.89363
-4.4221            -1.02938            -7.20662
-0.946349             7.10807             8.89677
-0.459897             -6.7345            -4.75995
-5.91386            -4.43127            -4.92659
4.33579             1.30955            -6.12779
5.42531             8.36238             5.81044
-3.45254             9.27124             4.46121
9.30847             3.45288            0.151694
2.08566            -6.90694             5.43231
1.31324             3.02286             3.65888
-7.98759           -0.701603             7.23169
-3.30758            -4.03422            -2.13292
-0.570984             1.34496            -2.88321
5.31636            -5.99079             7.69787
3.43061            -2.53271             4.73635
9.35637            -7.52312             4.79113
9.14002            -8.25617              7.5616
-5.26472             3.55205             4.72673
7.40503             2.82908             4.98522
1.81953           -0.639956            -3.50717
-0.0222488            0.825836            -5.27328
-2.64013            -9.55992             3.29907
-8.91352              5.5907            -7.94426
-9.89591            -3.50351             -9.7949
-8.06693            -1.34098             3.66834
5.97494             8.97702            -1.84025
7.73402             1.32391             7.57715
-0.241994            -5.48965             2.47568
0.963194            -9.26664             1.74751
1.07214            -0.97201            -8.11485
9.76808             9.74153            -7.49838
-8.76978             3.60731            -1.29732
2.14121             1.29918            -3.45804
-8.97791            -8.75118             8.47684
3.03661           -0.523985             2.42593
-5.02943            -3.08601             3.92744
3.53438            -1.83141           0.0534247
7.6437            -8.31537           -0.345452
4.0071             3.09429             2.62491
-7.63663            -4.85273             2.26663
0.390972            -7.25913            0.914047
8.22141             3.33415            -6.34081
-8.93916             1.32452             3.52399
4.1661             9.59443              9.0158
-5.32821             -2.5788            -7.51005
1.92026             8.31873            -3.51213
9.93838             4.12674            -7.69829
3.96039             3.08817            0.431255
3.80752             3.70556            -0.19682
-8.37273            -7.27988             6.10922
0.404388            -7.86002            -1.39804
7.28265             2.48911             6.21511
-8.22623            -3.95123            -2.53088
-1.43434           0.0674508            -5.31966
-9.56113             1.48779             2.82451
9.25567            -8.26409             2.46317
2.80773            -8.09961             2.79216
-3.37257            -3.57005             4.42123
0.755961            -0.43243            -4.32049
2.0237            -1.45327            -8.62573
-6.48302              2.5187             7.39923
-3.36219            -9.96337            -2.77747
3.21636          -0.0533901            -5.68192
-3.57645           -0.957654             4.40353
-5.94467            -4.74349            -5.90959
1.24091             9.20195            -7.12239
-1.95134            -4.69342            0.768779
-6.66584           -0.526427              7.5271
-6.06491           -0.970178            -2.28796
2.45433            -7.93237             3.56427
-5.48477            -3.23067            -4.60248
-6.26208           -0.145556             -8.3468
9.86788            -4.89883             2.13143
5.12958             2.02277             8.75425
6.10647            -7.07021             3.13946
-8.9825            -1.50332            -2.18327
5.23333             6.35732             0.53768
-5.21558             4.88997              3.6463
-2.33403            -1.51339             -2.9102
-2.92641             2.22816             5.36579
-0.534349             3.15379            0.310393
0.628101            -8.81801             8.29922
-8.26653            -6.44824             2.70548
1.36328             8.58243             5.89863
-6.3817            -4.58388            -5.17653
-0.334758             1.44963            -1.14443
9.51935             7.28631             4.50577
-8.70142             1.30102            -4.69587
5.67159          -0.0399743            -7.71842
-9.31971             -4.6443             1.17071
-0.43182            -2.09935             5.83058
2.18118             4.26315             8.32028
9.12232            -1.15115             6.69456
-5.36451            -7.88415            -6.45129
-2.22936              5.8788           -0.704655
7.72914           -0.680545            -9.16133
-8.48534           -0.900291             3.44525
8.58367             3.41838             -7.4581
-6.83125            -7.86338            -1.42672
3.40771              6.4971            -3.99455
4.62053            -8.14783            -2.06761
-9.64992            -5.33616            -8.59857
5.98805              2.8715             8.32089
8.90349            -5.67734            -6.85597
-2.62212            -1.00497            -3.04665
7.65102            -9.75035            -6.41406
-0.443417             2.57486             9.66859
-4.48254            -7.08333             7.17126
-1.18196             7.49261             5.03085
-3.50959             -8.2809            -7.87359
8.79911            -7.64975             9.00284
7.8631             -7.6168             -9.0747
8.38072            -6.91977            -4.44256
9.91031             -2.0307             7.20239
-0.773017             6.74552             1.95168
2.42868            -1.31869            -2.85804
-1.08857           -0.426644             7.60218
-3.66463             8.23451             4.68674
4.54666            -3.20778             9.82148
5.23303            -9.11647             4.48868
-0.171484            -4.12244            -5.06606
-1.45967            -6.76839             5.88582
-2.87238             5.49213            -2.10454
8.2217            -8.89674            -4.12547
8.68316            -3.25754            -2.85438
-4.91803            -8.71669             4.69041
7.6449            -2.20525            -5.10329
-1.11727            0.606115              9.5813
5.22999            0.871003            0.261866
5.91513            -4.17188             8.67094
-7.61435             7.71693             8.85039
-9.40396             6.05336             5.66151
-9.70669             9.34752            -8.94069
-8.08554            -1.46183            0.142844
-8.93306            -9.27029             9.51996
-5.84092            -8.10478             5.32184
3.57405             8.31966             2.93468
5.46132            -4.99038             1.39838
-3.21816            -1.53751             9.51569
-8.95564             8.96819             3.57618
-1.88328             7.35864             4.36592
-4.17337              3.8789             7.52849
-2.8266             -9.5544            -2.41977
6.94144             2.23945           0.0992132
-9.2187              6.8862            -4.44622
-8.1594            -8.59614             5.28705
8.02059             5.96669             4.99346
-0.408015             -8.4118            -1.45602
6.75805             5.74481             4.51248
4.81036            -7.76299            -1.42276
5.71583             3.53742             3.41687
2.41251             8.52353             8.89983
-2.63372             8.87021             6.76628
1.49971             2.32185            -8.92482
-4.50085            -8.84028             5.95326
9.21478             5.64442            -2.67005
-2.7799             3.49315            -9.41159
8.92547             9.25596             4.61136
-5.61173            -8.08342             9.22698
0.19442             8.87633             8.73747
4.45756             7.31926             -5.8693
-2.20768             2.04627             6.51053
4.55277           -0.999464            0.302456
0.364408             9.56391            -8.92237
9.64083              7.1157             -2.7671
-5.67824          -0.0567595            -4.45538
-3.04695              3.7425            -1.75144
3.91798             4.39834            -0.33294
0.455671             1.14628            -6.38293
2.29777            -4.03057            -2.34716
-6.00938             6.71958             -1.8964
-2.25194             5.10454             5.05785
3.85817             3.89295             2.23109
3.63998             9.88555            -5.51024
3.22369             8.30869             7.41527
4.89579             9.39535             6.04574
7.73371             6.49769            -7.48709
-1.3788            -8.00347             -1.5842
0.415985            0.387913           -0.499876
6.79314            -2.88559            0.118429
5.61451            -1.36571            0.924118
-6.22056           -0.189205            -8.39166
-9.41067            -6.62219            -7.75138
-0.363755              6.6493             4.04952
2.19582              4.3681          -0.0622404
-5.20826             1.49786            -7.20907
2.053             9.43696            -2.99873
5.79274           -0.109325            -4.64459
-6.84071             3.07626           -0.210255
-3.34999            -9.10793            -4.89363
-7.59299             6.62529             1.23693
-7.97538            -3.94526             8.76615
7.25915            -4.47097            -5.08833
0.495955             5.43719             3.28869
-8.21007             3.51972            -5.85923
-3.56209             2.70991             4.23293
-0.552978           -0.561551            -3.72141
9.40889             7.68152            -9.35543
-2.37127             1.66664             -6.3811
6.54075             1.84105             7.54236
3.81117            -5.35265             -3.2911
-5.96146           -0.968953            -4.46301
-0.709538             9.94448            -8.84027
-5.78567             8.75196            -9.33895
1.43956             -1.5952            -2.62855
7.40505            -7.31346            -6.27839
-4.10806             9.05693             -6.0584
-3.02225            -2.69416            -3.58136
1.4228            0.761448             6.04329
-9.63559             7.55486            -1.68705
-8.67974            -5.34946             9.95393
-4.63758             3.07782             1.33245
-7.6943            -4.67969            -2.16711
-9.4064            -8.48035            -4.19323
-7.32747            -4.87159              3.0952
-5.7747            0.932665            -5.12099
-0.808711             2.26479             -7.5112
2.41708             2.30201            -4.22253
-2.57726            -3.63651             1.67609
0.150775            -3.20717            -4.80299
-4.1044            -9.78789             9.40979
3.21941            0.692773              5.7784
0.363497              5.0065             7.10778
4.03731             -4.5802            0.865522
7.53871            -8.11486            -8.05382
-7.87773            0.552693            -7.88016
9.4632            0.147651             8.40878
-7.83286             6.48582            -6.11284
-6.3875             -5.3566             2.28891
-5.31875            -3.70825               4.225
-6.25872             2.48415             2.58554
3.67688             8.02823            -1.66294
-6.99726            -8.36725            -8.87202
-8.31445             -7.7186            -9.51138
-9.52328             2.09778            -5.18812
-2.53241             8.48234              8.2034
-6.77387            -1.52713            -9.87225
0.025958              9.9884            -5.85595
4.91137            -1.00556             8.22828
-9.17996            -6.06037             8.43565
-0.596302            -6.24805             7.90493
-7.05677             2.36519            -7.75168
3.84413             5.25225             7.64918
8.55893              -2.638             1.64863
0.846308            -9.63927            -3.88346
-4.94183             8.41365            -8.99226
6.47635             4.75755              7.5326
1.894            -9.12532            -6.36035
-3.23554             5.77014             6.98052
-7.02045           -0.552075           0.0119195
-3.43454             6.85661            -3.23311
6.04634             1.16582             1.96053
5.62398            -7.97112            -1.47891
-2.62273             9.24223             9.07042
-6.0106            -4.46515            0.625647
-4.52069            -9.86112              -5.298
-2.01206            -5.60167           -0.212392
5.51167             1.41454             5.72163
-9.5007             4.81675            -3.65122
-3.57401             7.19689             3.14342
-8.89825            -3.73424            -9.26815
8.51378           -0.321355          0.00947803
9.37439            -9.69815             7.35467
1.85737            0.867048             6.47238
6.18369             9.18211             3.65003
-5.28211            -4.00158            -5.81925
4.96752             3.12969             8.59434
-7.03145            -8.17955            -7.49868
9.81965             -1.3132             8.58816
-5.12433            -4.54818             1.82855
0.377234             7.42426            -1.61901
-7.79015             3.72875              5.4015
8.37736             -1.0889             -6.1754
-1.83383              5.3618             8.49577
-7.25484             3.56122           -0.692448
-4.73554           -0.529174            -1.67972
0.732779             6.75924             2.02797
2.46287            -8.58149             4.51432
9.17876            -6.81538             6.95885
-8.53448            -9.29073            -1.07484
7.05225            -9.65788            -1.65164
6.97473            -9.87853             1.18597
-2.29803             3.57709              1.7295
-8.79908            -5.52597            -8.99623
0.26371             8.53176             1.20123
-4.71203            -2.80068             8.13625
1.93428             -0.3012             3.39001
2.12838             9.17968             1.38617
0.208776            -5.84551            -2.32336
-8.62053             9.85596            -8.81312
-9.8242           -0.522154            0.100423
2.74668            -6.46197            -7.96898
-7.65401             -4.4911            -5.76951
3.16053             2.51931            -9.21627
-1.69651           -0.874033            -5.49026
4.17586            -8.57813             4.81004
-0.352154            -8.35077            -3.46292
-6.85229             7.35649            -8.27721
-9.87211             2.05025             9.52454
5.38318             7.04064             7.13464
8.34775            -5.14052            -3.71538
-5.38282            0.444342             3.34447
0.561871             5.64381             -1.7352
-9.83672            0.248426            -8.33395
0.700124             -4.9794             9.27002
-6.22056             7.28447             9.20013
0.569188            -2.80311            -9.00416
-0.909434            -1.02601            -6.10094
0.827692             3.11778             -2.8672
-0.668326            -0.38697            -4.04765
3.06865             5.64197             5.08288
2.06948             9.80592             1.63581
-2.64623           -0.262149           -0.018599
-4.2985             1.72369           -0.916148
-7.15413            -7.34121             4.03823
-5.29098            -3.14034             2.85045
4.7011            -8.93826            -3.67166
-1.70107             2.22511             7.90462
0.846906            -1.87748            -4.81245
-6.12535            -2.24035              -7.517
4.47008            -9.32218            0.458711
6.48888             5.52294             -5.7164
-2.24706             9.32281            -9.08229
8.87358            -1.21187             7.29547
0.0345156            -2.98623             3.21667
-2.48998             8.11213            -5.91447
-8.51617             7.64124             9.60785
0.287502            -9.69419            -8.57752
-1.29731            -7.99066             9.46106
-7.07569            -3.13119             8.33767
-7.37875             6.93382            -1.25734
5.25134              9.5752            -1.08308
7.94154             3.75867           -0.505814
-2.54704             9.93957             1.11356
0.833484             -7.0583             1.89447
-2.86568            0.480065            0.149874
6.31278            -9.17691            0.916796
6.53251            -6.68507            -1.70779
-5.75822            -4.56708            -5.31509
-6.38507             3.71595             -3.6503
2.4174             -2.3548            -2.98134
-7.31983            -8.04742             2.44394
1.09319             9.89717            -3.42538
5.43719             9.35913            -9.47629
3.21912             5.48235            -5.88792
5.07434            -5.34348             8.93614
6.30026           -0.752874            -9.84434
3.96712             6.17513             4.52683
-3.42537             3.22093             4.29794
-4.86767            -1.18472             4.86772
-0.773017             2.61973            -2.11675
-2.33923             9.06127             1.13866
-9.94931             8.07001            -6.00236
-2.46342            -5.87359            -1.55551
-8.89704            -2.33831            -4.73401
-7.03969             3.69154             1.89247
-1.23292             1.14079            -3.34542
-8.79418              7.7221             5.73689
0.435516            -5.68955            0.133994
-6.41101             3.06011              8.7396
-3.62618             1.78076             8.10573
4.06448             4.48775             4.01595
0.942124             4.91594            -9.88553
-5.86228             5.60413              7.3794
-1.99711            -4.47949            -4.52297
-7.42542             8.10968             7.40953
1.87386             7.12487             3.22782
-0.986658             9.59686             2.83001
-6.77508            -6.50074            0.156275
-3.14765            -9.92889            -4.42547
5.10363             9.50531            -5.17043
-2.02885            -3.49862            -7.12789
4.60131            -4.67299            -9.26235
9.24073             8.59097             -6.1165
-1.51156             2.30233             1.32025
8.13686             -6.9521             5.09142
-4.78375             4.77798             8.37735
9.44551            -7.80571            -1.54208
8.34775             5.48053            -1.64463
-4.83472            -2.10729            -9.09175
8.73962             1.97333             8.80033
4.55034            -6.16199              7.0797
5.05083          -0.0149368           -0.339959
-3.15987             9.97072              8.7628
-4.61284            -5.69048             5.65143
3.95492            -6.17938             8.01845
2.212            -9.75278            -4.00706
-3.89323            -1.45572            -6.59137
4.25492            -7.43919             8.20431
3.42787             4.78409            -5.87846
3.37079             4.77342             5.30902
-5.32699             7.83412            -5.32241
-4.75781            -4.96261             -1.1725
9.99454            -2.40028            -9.89012
4.32968            -2.19609             4.31137
8.00441           -0.262137             8.11978
1.7234            -1.17739              1.6433
-9.88826             -2.8425             -6.0672
-9.67649             5.36181             4.67806
-4.87075             -3.0845            -7.41695
6.45988            -1.33335             1.34192
0.507858            -1.19266            -2.32061
-1.20119             7.33178              6.9268
-0.270071            0.586583            -3.39639
-4.29057             6.83768            -8.91413
2.31669             1.85858             3.04149
7.89577            -9.64353            -5.91355
-6.23003            -1.89884             8.03951
6.16568             9.17234             1.91841
-1.61837              3.9903            -1.59366
2.21993            -2.25347             4.74992
-9.46408            -3.72812              5.6728
0.757804             2.35115            -3.21114
0.151096             6.45101             4.15725
-2.32946              5.6142            -2.33129
-7.5405             5.61115             5.96303
9.23981            -7.34702            -1.41482
2.43449            -9.52391              3.3537
-4.94398            0.810589             6.66434
7.64521              7.3739            0.285976
-9.91818            -6.92678            0.153525
-6.80895             5.54613              5.0963
-8.54974             8.70817             1.18475
-6.37866             3.48554            -7.41598
-4.92444            -4.34064             5.74879
1.10297            -5.65569             7.09923
1.62055             4.03517             6.25174
4.02877             3.99672             9.46442
6.14095            -4.28967             -8.0567
8.86841            -4.83902            -2.48433
-5.54702            -5.35109             3.00046
1.75147             6.74177            -4.01464
2.55167             9.62034             4.13894
-7.11598             2.46652            -6.92432
-6.95851             6.82366            -1.75358
5.10089            -0.50515            -3.38143
-6.20989             2.17565            -9.45462
-1.49721            0.504481            -2.75702
-9.12959             2.76653             2.16317
2.34141            -3.82655             6.94115
-9.00294             1.25064             6.25479
9.863            -6.59077             8.51163
-7.15261            0.864612             7.28265
-0.986638             9.14084             7.46149
7.40778             8.07305            -3.87644
-0.134557            -4.15844            -7.27956
-6.57184             5.02978             8.75212
-0.995793            -6.93791            -7.37539
-7.42086            -9.76563           -0.614625
-3.43727             6.80289            -2.37402
-0.156543             3.82094             5.28155
-8.06785             9.62662             5.93312
-6.85261             1.21341            -1.86711
8.41734            -9.06795            -3.71042
-2.51257              5.3722             1.62635
-5.47164              9.7982              3.1715
7.17034            -8.28182             4.23446
7.691            0.852392             3.34668
-7.20723             -4.7572           -0.235275
-7.84872            -2.56606              1.6352
-2.08288            0.815757            0.263079
-2.36148            -7.61254            -3.62169
-6.10459            -4.73664              2.7631
-5.42588              6.6793             1.79116
5.0484            -8.86775            -3.52518
-5.53787            -3.55245            -6.32982
5.5959            -5.82035             3.63325
2.07436            -4.09098            -2.07067
-2.89527           -0.578314             8.71305
-0.793769            -9.99564             6.36496
9.4101             6.58187             2.84068
-5.65811             2.67283             9.47998
7.74654              5.1613             6.44278
-6.50988             6.11195             8.27999
2.6942           -0.168908            0.177635
-4.09801            -1.75998             1.71088
4.42887            -9.41922             7.45325
-2.02733            -4.20451             9.18823
-7.0525             7.93689             -8.0761
-5.60349             5.21685             -6.6988
5.56081             1.23448            -5.88517
-6.56054             6.72445             6.45346
1.22686               6.154            -5.24673
6.4971             1.70784            0.551788
-1.50118            -8.47009            -6.33105
6.79496            -7.22246            -3.60269
-7.11323            -6.70691            -8.31078
5.07433             6.86669             9.80439
7.35254             6.71439            -4.34155
4.12063            -2.40294             2.89744
5.79396            -7.74827             3.60365
4.94066            -7.04274            -8.91749
4.19601             4.31808            -5.07749
7.4264             7.48863            -8.00263
3.28015            -5.22505             6.34559
6.25203            -9.32035            -8.97708
-6.76013            -8.14661             9.79158
2.40214              2.0655             -5.1927
0.645789            -1.22286             -9.3597
8.30838             7.49445            -8.51434
4.69652            -8.49757              4.8314
-3.27949            -8.60957             6.52854
-8.24639          -0.0613249             8.52933
1.9297             8.69047            -2.40026
9.65975             6.61428            -2.85041
7.95346            0.872224            -3.44522
-8.70569             8.08345            -7.18282
-5.05537            0.314663             9.73756
5.37342             3.23283           -0.911571
-2.41887            -4.31989            -4.18712
8.35904             8.07399            -6.59045
-0.00364491             2.02858             6.69456
-2.87512             1.60558            -5.17287
-5.46339             5.81042             3.52918
-1.843            -4.24297              4.7609
-5.83024              2.4241             5.22357
-8.12034             3.43059            -6.84284
9.54775            -4.69405            -8.21892
9.5163             8.71488            0.727273
-4.21764             5.09874            -3.59018
-4.14042             1.13072             9.09575
8.81744              2.5306              6.5792
-2.39782             5.45612            -6.51049
2.34323             3.81025             9.65791
-4.93849             4.92021             -9.6262
-0.182768             3.60514            -5.71197
-4.31743             2.58525            -3.94199
-1.15207            -1.40049            -2.86359
-3.3094             8.08832             8.54063
8.39964             3.43242              4.7313
5.95357             8.99687            -8.53998
-2.48144            -2.17778             5.82509
9.77511             8.94864            -6.26452
-1.0904             7.43828              7.4737
-0.460507             -6.2398             7.62507
-3.46811             2.44211              1.5116
4.81768            -2.88247             1.15972
-4.65008            -7.00155             3.11596
-5.35995              1.5882             4.85795
1.67823              8.8452             6.91887
-1.60616             2.92032            -1.53506
6.96161             -5.0502            -8.14385
0.390959             3.24047             -8.3944
-9.39968             9.26483            -9.18605
1.39289             2.29195             -1.7371
-7.86886             8.39382             8.10116
6.00698            -3.58347            -4.83686
-0.528258            -5.89341             5.09264
-8.77679            -7.39158            -7.01405
3.34211             8.98099              2.5651
-2.19976            -1.46273              6.1791
8.49484             5.21502              9.8694
9.01611             -4.5854             6.83372
-4.2689            -1.27201            -1.78196
-2.34899            -9.39358             1.92208
-8.65717            -4.56616            -6.26573
4.58115             9.30999             1.34764
5.81473             7.91314            -8.39821
1.77254            -6.64904            -3.55661
-3.60942            -9.96887             9.80654
3.13123           -0.888088           -0.687863
-8.28391           -0.893577             -2.7262
5.67707             -4.1682             3.59327
-4.83564             -4.9159            -1.17861
4.10446             1.50884             1.77894
5.42622           -0.385444             4.98888
-6.18669             2.21414             6.33627
-9.14791            -4.80543             1.68403
6.10922             -2.8019            -2.36395
-1.11908             8.44295            -2.96394
-3.14278              6.7263            -2.57574
3.34912             6.70371             2.69663
2.30479            -8.44965             6.91826
0.368693            -9.75218            -8.48688
8.36148             5.29986             5.39905
-5.55527            -9.13021             5.05999
5.95572            -6.27002             4.14992
-5.56075            -6.62068             1.23052
8.03249            -8.73346             -9.3008
-6.61456             1.54731             -9.3652
-3.3509            -8.21161           -0.767218
-3.90878            0.392473            -3.21206
-2.95509             9.07897            -9.78055
-0.0613249             8.24764             3.04302
6.27341             1.69409              1.2055
7.026             6.47725            -2.45855
-1.28878           -0.133043            -5.61721
-4.04613             6.31949            -5.21376
-1.2076             0.73612            -7.99438
-8.56681             5.17593            -9.27134
-3.51418            -1.31013            -1.00761
3.67077            -2.38532            -5.22357
7.4734            0.303359            -2.46191
-0.870358             5.50097             3.52125
-4.28631            0.826764             9.75221
7.17492             7.79658             5.81227
1.47194             2.31911           -0.455319
6.54717             -4.1676             6.42538
0.871321             9.14489            -8.68433
-4.40563             6.96892            -6.85047
9.23493            -6.77053             2.76927
-5.94223             6.95182             5.22296
-2.85316             8.60227            -2.52112
-1.01259              8.5568            0.573765
4.45848            -6.35151             4.96904
6.41807            -4.59456             4.20821
2.7946            0.177025              -7.329
-6.7992            -4.14165             4.26467
-4.21702             8.07795            -6.29534
-4.3867            0.449237           -0.542297
-2.54614            -3.31368            -4.79047
1.67335             4.12917             1.31018
-9.53639           -0.312199             2.33926
-6.03989            -2.05206              8.2919
4.8845              -9.754            -4.45843
7.63605            -5.54184             6.57615
3.02014             8.63705             1.17345
-7.70101             3.80688             9.12414
5.17229            -7.31222             -6.1873
0.236231            -1.39163             7.03668
0.713845             -9.0118              7.6292
1.74753             2.96853             3.10392
-2.72345            -4.52557             9.92541
7.94488             6.32436             3.59389
-0.395185             1.65411             5.40302
9.03839             6.11897            -8.02177
6.56424            -2.12438             5.06029
2.86571            -8.21892            -5.02669
-3.47633            -4.08154            -1.68491
3.77731             8.31355            0.696755
5.27453             2.25289              6.5026
1.24151            0.433685           0.0064262
-2.70727            -6.74794             3.99428
-1.76302             2.09571            -8.68952
-5.60166             1.38342             9.69178
7.17675            -4.38183            -8.11669
2.86969            -9.71892              3.9073
7.94827            -8.55983            -5.86198
-9.52878             7.86036             1.72065
-8.02116             7.12884            -5.81162
-6.64324            -3.81664             -7.3702
-4.25639               7.651            0.223413
-4.48681         -0.00700194            0.756571
-4.85365            -3.69547            -8.25951
-2.83758             4.67758            -6.27764
-3.59078            -9.89471             7.49903
6.40402             5.74146             0.95311
-6.4989            -8.75574              2.9951
9.17511             3.15501            -1.01289
0.969298             6.73575            -8.85615
0.266444             9.62861             5.03588
-0.516356             -7.4172             6.33139
-6.80866            0.509977              8.6296
-7.72786            -1.68005            -6.23255
7.89425            -8.31413             1.75256
9.60296             9.77081             8.46098
-8.77038             1.82196              -6.364
9.72811            -9.42533             3.69612
7.60584            0.274989             0.37509
6.83769            -8.89613            -8.18474
-9.52968             6.06129              5.1726
-5.50307             5.16435             8.27938
5.46741            0.823407             9.43695
-8.2177             7.01409             3.21056
7.85275            -6.25782             2.97008
5.28858             1.25554            -8.72217
2.81138             8.30014            -1.89732
5.91084             9.46991            -6.95332
-0.152868            -8.20795             2.26632
-6.86175             3.44249             5.56476
9.71284            -2.39904             3.92317
0.673866            -1.23385            -7.77457
6.51329            -1.14993             1.88362
-9.1421             3.80933             1.02361
-9.1064           -0.559387             9.46289
6.86577            -5.61447             1.60712
-6.57335             8.85373             7.44379
-9.47871            -2.66701            -2.09111
1.2409            -3.35732             7.81703
8.49362             9.85963              3.8893
-7.4706            -4.55305            0.311001
-5.56868            -6.54988             5.29467
-3.15071            -4.84358            -6.37957
-9.73752             7.34308             1.75758
1.01262             8.16921             9.68377
-7.94057             4.51063              6.5544
-2.8324            -8.75695            -5.74596
8.37918              1.0229             -2.4289
-2.28307             9.25259            -7.51059
-3.94266            -9.90966            -4.57501
-2.81867             6.55631            -9.36642
-5.58242            -7.85279            -8.71119
6.85539            -4.08583            -0.93507
-9.17322             9.87397            -1.21096
-2.83393            -8.20427            -4.94581
-0.457447              8.8365             7.58326
-8.80915            0.385133            -1.94035
-7.28718            -9.62431             7.24236
6.21847             1.64466             9.76136
-2.84674             4.42322            -2.77442
-6.73603            -8.03676            -8.89125
-4.12241            -3.84898            -6.99574
-9.80955             1.90712             7.09801
2.77263             9.91167             7.28967
9.91823            -9.30449            -9.65818
7.07819            -2.32001           -0.254507
1.96785              5.7787            -5.98405
9.98202             0.56751             6.80961
-1.87351            -6.94938             1.01049
5.6838            -1.92998            -4.88813
8.43686             2.97985             1.41394
-2.02579             1.13515              9.9109
-3.45071            -3.69702              -3.968
4.29948             2.34871             8.64255
0.717507            -9.78116            -7.24721
4.3126             9.42825            -6.03745
2.65939            -1.48809              9.7934
-2.88121             7.47337            -3.53013
-6.65667            -5.99859             8.97117
0.569456              8.6929            -7.16568
3.43123            -3.95275            -6.32098
-6.74917             9.87395             1.25158
7.92355            -1.30672             8.51529
7.15444             8.42588            -4.09404
-0.490398           -0.545664            -9.30263
1.29856            0.408333             3.09368
4.07181             1.80389            -8.30041
-9.64935            -8.34008             3.30731
2.52727            -5.77867            -8.46154
2.59071              0.2063             2.73387
7.87106             2.77194            -6.71772
5.1802            -5.15822            -5.33401
0.85791            -1.98614             2.93925
9.75768             7.19931            -5.39687
1.594             8.55916            -2.21929
-8.89494             -6.9289             0.55545
-5.76186             9.06798             5.82692
-0.16145            -4.39174            -1.79081
-8.94892             5.53569             8.20919
8.03826             4.54881            -3.38571
-7.68117            -9.63651            -2.46405
3.24808            -2.05614           -0.271903
2.34385             9.05051             5.92183
-2.06398             5.17932            0.773662
-5.47254            -3.01705             2.19552
4.02447             1.04373            -5.66483
-0.171182            0.327405            -7.47976
-2.2181            -7.24477            -5.95597
-8.8949             6.52915             8.27222
2.10792             9.39419            -8.18262
-3.79831            -4.24511             6.31019
-9.0335            -1.70232            -3.40091
-7.52461              7.4926             5.58521
-7.275             9.43297              0.8817
-8.95258            -3.92833            -7.11659
-1.16948             9.26605             5.88399
3.28413             4.39345            0.916793
7.45323             7.54693             9.09026
-1.18959            -3.09578            -2.58398
-4.04158            -8.27599             9.62861
-8.77037           -0.647598            -5.40176
0.0933883             3.82031            -0.24352
0.130031             2.09969            -9.01485
-1.66785            -2.90229             8.44815
-8.5717             9.39971             3.88075
-2.85623             3.72509             7.57227
2.15341             8.59311            -8.07426
0.180659            -6.36523             2.83336
5.76071            -2.79152             0.83714
-4.55244             9.04539             -6.0695
-6.23766            -8.76337            -6.83857
6.43238             8.86381            -4.91743
0.7514            -4.14868            -7.60275
-2.27698           -0.229799             4.18777
2.62797          -0.0717012            -3.33016
-0.138565             4.89824              5.2553
4.70568             6.50411           -0.518797
-5.66912             7.35954             -9.6893
9.02892             1.43134            -9.73111
2.99294             -9.6771             2.35971
-4.67755            -5.91631             4.74734
4.24178             1.91106            -3.09731
-4.00065            -1.76609            0.455216
3.19191             9.28862           -0.927367
-2.6862            -3.00393              3.4068
-8.71151             6.51449             7.18408
-2.25102            -2.88581            -7.27712
-8.80796            -4.33514             9.69361
-5.89797            -1.14383              6.7324
2.27302             4.88052             5.92732
1.50916            -7.61374             8.69291
-8.44723             -1.7081            -4.85487
0.113869             4.76608           -0.942394
2.75186             9.09696            -1.38003
-5.66879             9.10766             5.71217
2.62977             4.19631             9.99452
-3.74123             6.18244            -1.49875
1.57048            -6.47114            -1.88816
3.88808            -2.30871            -1.26101
-4.33272            -2.61267             -8.4472
-4.44346             4.38948            0.448639
0.472733             3.11411           0.0900469
-0.335681            -3.45712            -5.38528
2.12499           -0.130907            -9.04872
-5.6523             4.28206             2.53672
1.93762             6.44918              4.1429
-4.26677             8.61051            -3.44156
-4.34341            -3.51297            -1.19448
5.13203             9.71283            -9.77567
-4.22101             -3.8319            0.605505
-5.12007             7.10412            -9.46773
-7.73798           -0.921031            0.158719
-2.77869            -8.83693            -9.15751
6.96525            -9.47509            -2.42224
2.32035            0.892993             1.91186
9.02919           -0.998866             8.59983
-9.85073             5.18205              3.2008
-8.31202             -6.8575            0.438571
-4.47735             5.70576             3.91646
2.81044             2.90843             -5.1979
-6.8062             2.87515             8.01662
-9.45768            -8.81313             1.89278
7.66536            -4.95497            -5.33523
4.23962            -2.01359             6.35733
1.94651             9.46929            -8.57782
-7.58476            -2.47779             4.31472
7.47309             2.33835             8.68284
9.94872           -0.892954             1.91414
-8.04464             4.80301             5.88856
3.11442            -1.29367            -8.27477
4.50974            -4.06993            -6.19219
-5.61633           -0.376276            0.782817
-9.15155             9.33745             5.73261
-2.2074            -1.24485              7.4151
8.05721             -6.6756            0.174888
3.63902            0.282008              7.4856
-4.76421            -0.39582             3.69032
-0.460523            -3.52397             9.20715
-7.55148            -1.29397            -3.87034
-9.33379             4.55582             5.49335
3.54568             9.75952            -6.11528
-8.73043            0.810577             4.86711
-6.58709           -0.419002            -4.96839
-9.11681            0.486788            -8.32512
-3.78153             1.04039            -1.75372
7.02415             9.34903             1.86774
-9.12592             8.01968             8.99826
-9.09117            -6.69454             4.33609
2.76593           -0.283821             3.69582
-7.3925             4.01502            -7.48953
2.60081             8.97795            -4.76636
7.48221             9.57337             6.13485
2.29503            -8.22717            -6.34844
-1.76671             8.56106              6.8386
7.60432            -8.77924            -9.03224
9.35696            -2.88062           -0.568543
-2.468             7.65466             7.11297
5.674            -8.21985             3.78157
-8.8415             9.39697             2.61149
-7.06871            0.158408            -0.21056
0.971134             4.29243             7.45752
3.76507              6.8627            -8.22289
7.044             2.30111            -5.09108
-4.85917            -4.67267             2.28952
0.0387931             4.67361             3.07354
8.10328             5.89527             8.16799
6.52854             4.53904            0.346097
-1.05961            -6.56055             5.99782
8.28032             -9.4116             7.79933
5.13779             7.07725           0.0125299
-8.08464             8.81468            0.043964
6.3277             1.87233             4.11605
-9.55409             5.32335             1.00072
2.31025            -6.45741             5.48847
1.88424               3.513             7.32446
1.35471             3.19592            -9.89377
-6.08232              -4.839             3.10001
-0.226132            -1.60833             8.70725
0.0976897            -3.60268            -7.84478
2.48694             6.54897             5.11584
7.99161            -6.12995            -8.93183
1.33091            -9.35148            -1.74137
3.90487            -8.35351           -0.371393
8.68922            -4.22924           -0.304863
-6.46409            -2.40211             3.62073
-1.02542             6.15284             2.17751
-4.58538            -6.80897             4.11727
-8.2983            -8.31109            -2.98469
-2.69261             3.78277            0.666847
-2.16315             8.38954            -1.07668
3.38422            -6.95057            -4.99586
8.99776            -4.47003             4.95042
-9.82326            0.243543            -6.92616
-8.86227            -4.65987             4.78685
9.8279            -9.49093             7.99495
-9.45129           -0.831307              4.4783
-0.0710735             8.99991             4.16824
-0.570084             7.33665            -9.03651
3.1886             2.23062            -7.84965
6.03502            -1.52225            -4.41632
-4.20511             4.81247            -1.91105
2.32429             5.54339            -8.75452
6.78185            -5.92454            -5.20217
3.10616             9.62037            -2.08989
-5.576            -6.64662            -1.20638
-2.13568             6.74582            -2.04716
9.77907             7.58417            0.439489
-0.241412              -9.183             1.96114
5.88948             9.10704             4.07355
1.44293            -9.14213            -1.77525
-6.23063            -2.16099            -2.39326
-4.88816             -1.0477             6.98174
4.9007            -2.10211              8.2623
9.56939             2.04352             3.16357
5.98409             -8.5473             4.08858
-3.8606             2.08901            -9.57089
-1.22437             7.16606             -2.0374
-8.11975             6.43025            -0.88624
-7.18068           -0.828255             2.73661
2.1253            -2.61847            -8.16338
6.44554             3.87677             8.67155
-6.25934             2.86813             4.05959
5.02551           -0.729375             -6.1458
2.30475            -1.61838           -0.260916
9.7156             4.81277             5.32672
2.80648             8.98008             2.58341
-6.5111            -2.18847             2.75248
-3.34484            -4.49475            -7.92259
-5.02789             2.47902             6.02559
-6.0802             3.65246            -3.26974
-5.78903             3.99581            -7.44802
-1.77558              3.0363             6.63566
-8.35715             6.64572             3.38727
7.43797            0.170298            -9.18972
9.87123            -1.44046           -0.397028
4.01287            -2.26934             3.50354
-6.84405             5.53301            -8.82044
-9.44487             -5.4625            0.683632
-9.35054            -2.89405             1.03033
-3.12785             3.89387            -5.68771
-7.22371            -9.28128            -5.86297
4.60678            -7.65008             1.47039
-3.83004             2.27641            -4.40009
-8.52841           -0.989421            -5.03871
5.67799            -9.14519             6.35245
5.60991             9.08201            -8.28667
-6.7467               3.336            -2.08714
-1.98828            -3.67748            -9.85746
-6.30083           -0.845679             4.11635
2.99753            -7.04702             7.50299
-9.27425              6.6851             4.84849
-8.46309            0.430003             9.72566
-0.364674             5.52231             5.86934
-1.23112            -9.34842            -7.15077
8.00045            -5.52627             9.18456
-5.12314            -4.70718             4.33395
-3.57492            -6.71775            -4.00462
9.06369             6.92954             7.79231
6.05642             1.00713              5.0255
7.05557            -1.61748             2.25869
3.50019             6.83766            0.967759
5.16801            0.738863            -0.68024
-2.39354            -3.14277             6.71745
-3.05429             4.28358           -0.611879
4.36661            -1.51953             9.90114
4.95834            -5.01815              6.6381
-8.89338            -8.24059            -4.49353
9.9533             -4.6028            -1.50943
-1.402             5.34927             1.24151
9.53765             4.20729             4.10079
9.99117             8.76646            -8.62512
-8.92697             8.08893            -6.29534
-1.91838             7.36167             9.96919
-2.71339             5.64592             -9.7531
