-23.6303             5.09043             5.49358
1.31857             9.41739            -112.627
-69.0926             4.06448             12.7241
-47.6515             8.22296            -27.7907
-107.452            -129.072              -3.635
-51.8299            -18.5484             19.5909
-15.9605            -18.7641             5.65347
-36.9798            -31.9256            -2.61768
15.6779             15.9196             7.45178
0.408074             10.9369            -2.03636
4.24949             8.03271            -5.17278
7.34364            -63.7756            -5.55193
-54.9422             6.50525           -0.644745
-22.528            -17.8728             5.23718
-24.7804             1.68262             8.80883
-3.88792            -55.4577            -1.77761
-37.4542             5.62106            -3.32823
-21.279             -31.901             6.30415
-93.4188           -0.481888             2.11002
9.71398            -79.2529            -1.86979
-48.0025            -36.0408             12.8252
-39.3842            -22.3731             13.0998
-2.79494            -10.8287             13.8951
-3.30053            -91.2388            -0.94215
8.84422            -23.8822            -7.37195
16.1981            -23.1305            0.775942
-97.6344             6.52258             11.5791
-1.90794            -91.6442             5.65212
-28.9158            -28.9776            -3.98308
-20.1261            -35.2819            -1.21738
8.01152             6.40893            -4.00156
15.2374             -55.279            -23.2109
4.89868             16.4723            -60.0548
-4.25565             4.13248            -143.295
22.4237            -3.93565            -70.0811
-21.4446            -3.34706              -98.38
-55.1413             6.84829            -3.81947
-21.1585             9.23624             9.93233
-138.35            -6.66209             2.57425
-50.4251             10.5467             13.6039
-23.7127            -2.54398              6.9613
-19.7332             7.24377           0.0937022
15.3095             -7.5147             7.89281
12.0833             16.8684             14.6046
14.4096             8.43433             12.8061
10.7029           -0.976311            -2.13464
5.99433            -7.27051            -3.99499
7.49371             12.3777             13.6284
-83.2412             9.70092             5.33919
-21.1365              12.459             6.22707
-44.5225             4.84721             2.58449
-62.1998             1.66326             11.8289
-17.9305            -1.16199             12.3217
-3.59781             2.74329            -3.26855
14.6973             10.2494             13.3627
2.3925             19.1272             8.95232
-51.5239             2.97935             14.2852
-4.73308             9.42894             2.45216
4.84836             9.44651             -2.3421
-35.6131             17.7937             11.9389
-60.9224             13.0732             9.52879
-16.1475            -1.25999            -2.13197
-85.4962             13.5659            -57.7982
-39.8088             13.0193            -3.65309
-27.2772              1.5518            -51.1701
10.3124           -0.036526              16.095
7.27424            -3.78535             4.18827
9.79539             10.9422             -37.924
-48.4851             12.8498             4.27975
-31.9255             7.58226             4.48472
-150.808            -5.25208            -2.91915
-74.9388             11.3738            -2.39547
-50.8778             13.7062            0.852882
-20.1296             11.9082            -6.13759
-78.6268             9.27208             9.07582
-28.5011            -2.20569             2.39557
-93.951             4.31621             6.16644
-54.2161               -4.92             4.44247
-19.5174             9.92289            -3.47596
-29.4042            -6.57714            0.152007
-54.4813             5.57914             2.07111
-32.1326             5.62453            -3.85846
-118.779            -3.59068             6.12846
-64.2847             5.77978             6.25578
-23.6101            -2.61244             8.70923
-15.5916             5.65032            -4.23024
-113.797            -1.43266            -6.31603
-11.3913             2.62674            -3.25451
-20.3542            -4.72058             1.76478
-17.323             5.50724            -2.11462
-111.893            -2.99687            -2.76609
-23.3496             2.79326             6.40093
-74.5073             10.0346             1.22634
-65.9243             8.51438             7.00384
-30.6812              10.379             2.48807
-52.4834            -9.39344             3.24519
-95.9645             8.51207             -106.35
-24.006             5.97118            -117.668
-53.2049             5.75847            -34.6634
-27.5347             5.76677            -56.0894
-13.607             9.76642             18.2321
-0.680293            -1.19869              21.585
-102.17             4.02358              4.1222
-45.2837              -4.053            0.596938
-85.7213            -2.96627             6.56331
-44.0631            -2.23103              2.2973
-38.3342           -0.346212              3.5266
-53.1937             2.55451            -4.13583
-59.1122             10.9141             9.92257
-33.1263             1.35375             10.9993
-109.452            0.829897             9.92161
-55.5544             8.44981            -5.70204
-91.9207             -3.5584             8.09875
-61.3921             4.35258           -0.476593
-4.75972            0.839228             6.27109
-53.1742             1.01823             10.5279
-80.2896            0.512253            -2.24249
-23.4755             15.6399             8.06502
-18.3359            -1.86233             9.71945
-57.2478            -4.10775            -2.05713
-74.3083             1.83494           0.0724077
-31.2222             6.62689            0.537843
-22.4817             4.90482             12.5172
-65.0386            -4.90328             1.90833
-8.15711              8.9709             7.84884
10.9081             9.81738             15.7141
-92.4461             11.1595              -8.386
-68.8446               1.401             6.46643
-99.1295             9.22531            -132.657
-26.1306            -5.03243            -21.1423
-114.848             4.43441            -27.4853
-52.6099             3.47202            -62.4399
-54.2938             12.8246             11.2842
-33.9793             3.47995              11.305
-91.1676            -4.66128             5.23314
-61.6966             9.32548             9.09573
-59.492              8.6214              14.101
-54.6883           -0.403149           -0.495276
-126.579             3.04927           -0.287065
-62.1311             8.56692            0.155387
-46.8873              -4.188             1.03771
-15.6868             6.56591             3.00833
-87.5224              -0.913             4.61161
-54.8344             6.76067             1.98245
-84.802            0.280905             13.7444
-54.6544             4.93944             9.47093
-10.0915           0.0440517             17.9637
-26.2995             5.88662            -2.92346
26.0278            -5.45276            -4.19554
-0.325745             1.29222             12.0039
-145.101            0.878186             4.16725
-16.721             -1.5631            -3.68502
-47.2661             4.76576             5.73696
-39.2409             10.8219             8.16796
3.38442            -1.29612           -0.163257
-13.2399            -7.77403             13.7343
-13.4904            -3.86253             3.10586
14.5171             5.60068            -2.12999
-23.82              13.477            -4.65452
-57.4839             7.11271            -12.8563
12.9814            -1.30978            -30.0015
8.62168             7.71001            -89.8336
-90.185            -10.8456             -5.1927
-48.2081             -7.8426            -63.3542
-64.733             1.97774            -4.87694
-62.2061             10.4719             6.44001
-90.0816             4.46951            -1.34559
-90.8412            -4.19202             1.39782
-85.8692            -6.20397             13.2459
-47.3831            -3.46559            -2.08449
-10.2476             5.21936             8.65214
-44.0561            -3.57799             2.63207
-73.5105             9.95506             12.5523
-0.265802             7.99995             1.30716
-2.78072           -0.762712            -5.63475
-43.0161             10.0115             4.45359
-88.8177             1.99515             2.88398
-16.2438             10.3616             6.15429
-25.3328            -6.88856            0.402358
-22.667             -1.4085             5.77633
-28.7042             10.1136             5.90383
-5.2551             5.82674            -6.25561
-119.039            -1.09724             6.69057
-69.9079             3.89914             13.5456
-56.1593              7.2626             12.0966
-30.4976             3.27209             7.52211
-119.771             5.93674             9.76916
-27.7182            -7.74503              10.171
-32.6315             11.0664             1.66286
-25.8221             1.26194             4.84172
-74.8334             3.65233            -29.8209
-28.456            -8.37164            -4.01523
-52.5993             13.1112            -58.5148
0.85394            -4.48743            -80.5122
-101.814           -0.243547             5.77291
-54.8267            -3.41309            -80.0856
-83.3777             11.9384             9.47852
-63.7085            -4.35956             21.7557
-18.4785             5.98091            -2.30224
-66.5682             9.55134             12.6833
-46.9265             4.03424             11.8145
-10.1794            -3.47853             15.5566
-6.54859             11.3678             3.89753
-7.47231            0.467134            -3.41658
-54.5168             7.56381             2.36869
-24.1011             7.79626              2.3697
-109.881             4.93496             14.5572
-44.8094             1.21168              7.3463
-61.6691             4.47938             4.50739
-59.5693            -0.49831              2.2542
-89.7083           -0.208971            -5.86106
-61.1591             8.60015            -4.87181
-59.5349            -2.99241             9.68261
-51.9769             5.63717             3.11227
-87.6661            -3.91399            -6.33923
-83.7068            -7.70656              6.4979
-65.6919              2.4848           -0.843267
-54.2546            -6.00746             11.7713
-107.147            -5.07819            -4.66217
-76.3234             -7.6788              8.1186
-87.6583             10.1772            -3.70524
-59.4723             8.29895           -0.785167
-15.494             5.86613             7.51506
-64.5949            0.165383           -0.232672
5.84635             12.2549            -32.3488
2.32248            -29.6593            -71.5288
-81.2584            -10.5602            -1.14034
-60.2694             1.50941            -82.0887
-50.9757             5.70944             15.8792
-73.9822             8.29088             8.64635
-75.9304            -26.1615             1.00816
-42.2389            -6.60634             7.18399
-44.9295             2.06783             13.6679
-29.7446            -2.76388             3.81795
-74.6213             -9.7493             10.6609
-39.0714            0.381042             2.73541
-59.8559             5.37961            -2.45105
-34.5556            -11.9798             2.89803
17.4835            -4.85719             2.13752
-24.3084             1.33979           -0.683074
-66.2958            -1.81057            -7.10564
-16.9879             3.07744            -1.25315
-63.6789              -19.01             -3.1034
-81.188             13.4466             4.62373
-66.1256            -1.42253             7.00883
-67.5836            -6.20029            0.664211
-61.3903            -27.9852             6.59066
-77.4945             13.1251            -2.17776
-54.5484            -4.35614             7.53119
-62.6681            -3.65718             12.1217
-88.5667            -26.7088             12.5044
-84.6367            0.517481             14.5502
-42.3743            -5.37968           -0.655571
-18.3436            -6.80198             8.78881
-33.0031            -5.91669             -3.1081
-32.3997             8.31093            -9.20535
21.9588            -59.1804            -82.4988
-2.6709            -2.09966            -100.398
19.0998             9.36823            -52.9901
6.91401            -80.5944             5.00615
14.9472             -49.057             3.23182
-1.08217            -57.9712             21.1317
9.57358            -16.8398             8.65061
11.8166            -79.6076            -1.20988
11.5044             -86.525             8.47311
9.16434            -46.0588             6.26139
10.1715            -55.0534             12.0939
4.38323           -0.150362             6.29484
14.2746            -83.4817             10.1305
-0.136858            -30.2249             15.5609
4.6574            -58.4128           -0.540874
3.28429            -28.2026             7.48802
10.2719            -56.6817            -2.70322
10.5609            -23.3839             7.40785
22.5904            -67.8374             -5.7256
9.848            -79.2742            -2.88493
12.6889             -63.675              9.8415
3.73655            -53.6217             12.9492
5.65591            -57.9403            -5.19955
4.95986            -79.6249            -4.73928
7.71918            -69.5865            0.309811
3.69169            -48.3404             1.86089
19.1991            -52.0804             13.0656
7.8918            -45.1168             6.75502
12.1409            -51.5505             7.21487
13.7133            -29.1079             9.35595
9.11169            -59.7618             2.16587
6.73357            -62.2884            -53.1977
11.4714             3.56535            -50.6733
-3.18423             8.92136              -140.9
18.7757            -4.09745            -85.3124
8.93807             6.39991             -79.268
21.7494             7.72051             20.4771
4.46054             5.00251             17.7946
25.6069            -2.70586              10.896
7.46984             14.1628             13.0724
12.2373              12.798             6.45482
1.60921             4.71769             1.28635
2.076             5.80845             15.1989
15.2259             10.2134             11.5326
11.2774             10.2898             10.3252
5.53851             1.93079             3.73383
15.8405             4.08961             2.03251
15.8214             2.06876          0.00388633
14.8928             19.6751              11.332
4.49903             10.7036             10.3798
13.4383            -3.60144            0.921842
9.23396             17.3376              14.121
13.1401             20.4477             4.74688
12.5455            -2.76766             15.3644
2.89289             3.15352             7.50337
15.8031             15.6762           -0.925166
13.0779             24.0436             4.82141
14.2243           -0.999488             2.96818
12.5221            0.778498             6.29561
14.3796             6.42747            -3.77062
19.4555             7.35965             9.30737
8.11151             10.3716             17.8464
19.9454             5.57318           -0.493517
5.71321             8.91113            -6.19909
3.07379             1.84824            -50.9797
-4.63462            -2.67564            -124.191
3.64147            -4.90895            -54.9015
3.33094             2.01014            -85.0241
10.9869             3.37265             13.8763
3.11449              14.539             19.2893
17.6375             3.88957             -0.4228
4.3873             6.21692              4.7922
4.24969            -3.02447             12.3612
5.81202             5.73366             12.9658
19.8402            0.948451             12.6544
5.89186           -0.575206             1.66267
15.7447            -2.25953            -3.84398
-0.274821            -2.51284            -2.23902
14.5155             1.65018             12.7229
1.37232             9.72477             12.1051
7.93139            -1.55737          -0.0466921
-3.61585             9.41757            -2.98471
11.0647            -1.82136             8.54565
12.3349              2.6683             12.4292
11.1935             10.8332             5.02358
10.6119             7.71322             9.64639
14.8051             -8.3274            -4.08199
12.8857             9.23021             10.8955
-2.23124             14.8675             15.1985
6.78056             10.2354             2.08099
11.4812             2.94285             9.34425
13.5254             -6.6217            -1.16545
14.4485             14.4211             6.60634
10.8524             7.21537             7.76428
8.99972             9.05535             7.55268
9.09513             6.00094             -8.8864
5.50346             15.0723            -80.9168
9.57042            0.543364          -0.0162543
6.53936             9.00988            -49.7252
3.00861             3.05536            -51.2808
12.323            -3.33956             22.9998
12.8009             6.87626            -1.04552
16.8082            -6.02551             7.84621
3.27259             7.82428             8.24011
17.9418             9.55264             12.9637
6.51992              10.729             12.1115
9.69296            -6.85803             12.2949
15.1245            -3.89782             8.90134
18.2591             15.2538             2.99488
7.0404             7.22714          -0.0167804
22              11.688             0.70321
3.1954            -7.18684            0.700797
23.6865             8.31896             5.76317
4.75243             3.66627              5.1204
2.0853            -1.89244             9.83406
10.7736             6.64534           -0.860066
15.0343             4.67777          -0.0652102
4.96993             8.17125              6.6679
3.75853             11.2343           -0.157147
19.4345            -7.86494             9.66797
16.9915             9.72557             9.55377
3.40943            -3.93822            0.872338
6.08608              9.3178            -3.85342
12.8717             10.6206             8.61905
10.2038             14.6925             10.9582
-1.82866             5.36018              4.6452
11.0028             1.45694            -17.0823
6.57468             1.23472            -4.39381
12.4503             16.1429            -62.2411
3.42938             10.7626            -129.353
19.0094             -6.3551             -27.922
16.3985             5.49967            -39.9186
11.0346             2.30627           -0.296665
-4.44153             8.49956             18.9607
25.8425             7.48911             11.1442
-0.31922            -1.08063             11.4684
15.6301             8.38092             14.0073
1.20942             13.0649             9.77464
11.8121             10.0521              10.031
0.90668             0.14682             3.70457
3.83722            -1.56011             7.43963
6.54516            -1.37483             3.87043
10.8469            -6.93325             9.31339
19.3121             4.93501             13.1226
18.04             8.55327           -0.983363
14.4242             15.5854             14.6713
9.77563             2.76876            -2.68721
11.3664             7.70888             9.45186
7.69359            -2.54901             9.88227
-0.661255            -3.76278             15.0618
24.5774            -4.90777             14.3064
1.99727             5.52686             5.98104
10.765             -3.5995             3.64177
11.8806             12.1534             5.02669
17.7616             9.83782             15.3312
4.42649             3.88638            -2.05006
2.37755             3.49736             5.59953
-2.02086             1.11469             6.06088
7.10489             10.2208            -11.6922
5.1191            0.298155            -1.99514
7.93675             0.83063            -93.7408
-7.31271             6.76105             16.7306
28.2286             9.03505            -32.2408
6.95069             7.66604            -50.1166
17.7569             8.47468             18.7786
7.11391             13.9061             13.0967
15.8879             5.85867             7.52027
6.00512            -4.22069             6.61564
11.7038             7.27029              14.503
4.69437             1.10053             11.5388
15.0368            -5.39507             13.8482
10.545            -4.32712             4.58832
17.3775             6.80853              8.3253
-0.158892             14.6336             3.14127
10.8254             6.44128             1.15734
10.2968            -7.76523            -1.89361
23.4808             6.84271            -1.66059
13.2105             7.81008            -2.17687
5.28112            -7.21353             11.9129
8.80194             5.26539             11.2094
0.697366            -3.06347             2.79299
4.35214             8.30139             10.7554
27.6241            -7.39722             7.96049
7.98854           -0.610824            -1.15896
11.6751             6.43215             1.67625
14.6881            0.359736             14.3685
15.836             10.3378             11.9354
7.64839              1.2338             8.02474
6.68844           -0.129562             5.02797
-4.30613             13.9077             12.6792
14.3057             7.45149             2.09489
22.4894            -1.13514            -4.73523
16.0084             13.1324            -83.1478
9.42316             3.93333            -7.89485
9.90752            -2.65971            -61.5118
18.5187             2.01198            -17.9201
22.3007              5.9398             18.3427
14.8867             2.69386             15.5078
16.8069             2.66994             2.28126
10.6978             8.29314             1.26313
9.73635             10.8749             4.43153
7.93914            -3.13753             4.35852
12.3538            -6.43816             9.83699
1.53814             8.49013             2.99079
19.9833             11.7974             -1.4462
1.9097             4.74095              2.6935
22.3122            -7.40914               1.351
2.66627            -1.63221             1.50523
19.3575             13.5825             11.2672
3.54166             14.5393             8.74888
26.5346            -3.50736            -3.00988
6.41216             2.25998             5.27254
9.97545           0.0946976              10.804
6.64519             2.49142            0.935693
13.8645             7.65446           -0.669479
11.2713             4.78384             9.58253
8.72381              2.0146             2.08645
13.3811             6.06269             6.50445
22.1842             2.18627             4.19527
14.1114             9.48776             5.67845
11.2322             8.01754            0.707123
0.477086            0.166228           -0.110409
8.65564              5.5661             4.36522
10.4261            -11.3728            -20.0035
14.8222             13.1585            -78.7832
12.7983            -4.07016            -51.3679
18.9642              1.1775            -67.5524
3.95951             3.95763            -19.2093
19.1713              10.205             12.2138
2.43264            -34.1938             7.56628
12.9657            -13.6445           -0.385013
2.15572             1.20858             15.8618
18.877             16.0705             5.91276
8.03624            -10.9688             3.11432
10.9254            -5.70508            -4.48594
15.9166            -3.02319             6.40826
11.9083             7.42981              13.399
0.278807             -40.165             12.6497
16.866            -4.93388            0.483011
19.7887             11.1785             1.85763
6.64037             4.31826            -2.14717
9.45869            -23.0318            -2.89841
17.3767            -15.3512            -1.18454
6.73854             1.10187             14.6911
19.1213             16.1682             8.67318
17.8386            -6.83928             8.74886
7.66219           -0.794278              10.799
10.4227             8.15414             13.7427
6.894              6.9023           -0.732024
11.0378             -24.597               3.822
11.227            -10.6959             13.3184
7.2207             5.83088            0.413456
15.2407             14.7495              1.8378
11.5465            -32.2772             5.96644
9.6195             2.86526             7.06598
11.6693             -7.5188            -32.2726
9.98975            -57.5391            -18.2961
-8.03621             4.27526            -124.985
6.97724             -66.166            -63.3039
8.17697            -25.3895            -27.6874
-0.259609            -70.0123             2.19129
11.0633          -0.0427177             14.1855
14.7017            -29.2084           -0.717462
11.7607             5.19353            -3.87236
11.8603            -74.9451             7.35388
7.48787            -17.1115             9.30356
9.26229            -26.1748              2.9627
-5.18058            -29.8658              7.7528
9.84806            -7.23832             6.86274
8.38354             3.17271            -4.21059
16.4012             11.5854             10.0899
7.19947            -119.712            -6.76556
5.82419            -77.6232             2.22321
6.5241            -27.9733             9.44609
10.3363            -37.7176             1.29818
2.83004             20.1366             6.65491
14.1453             -55.883             8.58461
2.82132            -11.6772             8.56994
6.82665            -48.5336             -3.9688
-3.04708            -72.3263             7.34771
15.4369            -77.4828             7.26697
4.37684            -41.4564             10.8875
0.749873            -28.8461            -2.51073
7.87948             8.62183             2.71187
4.52396            -53.6647            -2.50519
6.71515             8.92767             -1.5568
3.62021            -28.6923            -13.3933
0.641793            -29.5737            -46.0935
2.73806             20.2849            -80.2485
-5.00584            0.427492            -150.554
0.998185            -3.83822            -71.7804
-0.582322             11.6388            -66.9832
12.953             12.8969             3.59312
3.29427             6.16488              7.0181
8.07136            -1.25199             1.67832
15.236              4.5133             4.03499
-1.68674             10.4496            -4.00089
1.86355             7.17967             5.10915
4.27312            -5.43403             4.10139
10.8894             8.75559            -2.87266
2.10795           -0.128442            -3.41935
8.50183           -0.320829             13.4752
8.49257             6.14911             11.1348
9.36312             18.7662             15.0956
8.54276           -0.370999              11.845
0.675011             12.7109              2.2173
6.89231            -3.21712            -1.15966
5.01113             1.14151             12.9225
9.10741             10.8618             4.34443
0.883975           -0.835077              8.5953
7.45874            -1.46779             2.62545
8.68442              8.5415           -0.734637
5.08278             8.94984             7.51471
-2.39002             15.5625             7.12336
18.5544             2.64981             11.0928
-0.226469              9.2626             1.34939
4.38866              11.172             13.1185
5.90416              14.238             7.17484
2.89796             8.70749            -16.7817
20.8358             11.1109            -8.01344
6.25816             8.15207            -96.6438
0.667386            -3.85146             9.05518
5.4497            -2.68505            -53.4036
18.4687             10.8891            -40.9518
-1.65974             4.66618              21.207
5.52844             3.78737             6.44135
5.62783            0.231777            -2.60651
9.78699             3.39191            -1.62653
12.5166             3.70839             9.86971
6.60146             13.0159             6.67837
8.48065             4.56041             1.92353
5.11268            -3.61502             9.44613
1.32615             2.02671             4.84079
3.03498            -1.66791            -2.39001
10.6064            -2.14025             11.0709
10.252            -6.36612             6.02183
8.0116              2.3351            -3.90934
1.95433            -3.23928            -3.52133
3.70789             8.19024             7.99639
9.57238            0.612548             10.7764
2.23891             11.3805             1.48101
3.7724             11.9132            -3.90831
12.6193            -2.66739            -2.24005
19.3973             4.69098            -1.25685
14.5542             11.8739             4.86419
11.977             4.45848             15.3967
1.71544             9.33116             2.50102
4.92404            -6.08731               10.59
1.51074             5.77503             3.21899
6.30841             5.12605             5.59456
14.2211             12.1195            -8.13697
14.375            -6.85159            -14.2606
0.122265             3.54542            -59.6988
-3.3492             4.22344            -140.719
5.41665             -8.9904             -36.987
15.8807           -0.060982            -35.4295
3.13562             13.1794             7.97853
-3.87645             1.95488             20.4648
18.8438             6.74721             11.6227
10.5113            -5.24624             8.80624
7.17209             11.5578             3.18007
10.7717              8.4049             11.6243
14.5177             8.61969             14.1724
9.22389              6.3819           0.0581604
9.18786            -1.70708             6.07798
8.39202              10.212            -3.31775
5.65921            -3.97431             13.3582
12.5733             4.92715             1.28526
6.22023            -3.21432             7.99009
4.33614          -0.0483957            -2.46351
15.091             1.55886              7.5058
18.6108             9.31299             9.47303
3.66413             13.2199             -2.1944
4.88987             5.94516             11.7772
15.8513             1.97164             15.2753
11.9791             11.2887             11.2998
5.37418             3.60962             11.6703
4.12557             10.9152              3.3758
2.19461            -1.25703            0.608506
15.3106             5.58567            -1.17884
-0.398876             13.2828             12.9152
-2.30968             8.37558           -0.246921
-6.19841             10.1127              10.364
16.3984             3.79889            -6.47426
12.3231             5.39844            -78.8967
0.481149            -8.39297            -4.66149
13.6954             5.43094            -56.8586
11.6878             4.76545            -66.1031
8.82127             8.15755             5.71872
12.9018             9.08432             12.6443
17.1601              3.2432              15.563
5.34442             6.40978             11.4723
5.04382           -0.841368              2.7724
12.1781             8.17393            -3.24249
10.5441           -0.447669             10.1223
10.0682             1.07984           -0.678242
9.9851           -0.160514             13.6659
6.23197             2.10993            -4.24742
10.0461             -7.8227             7.15331
18.5505            -4.55298              5.1691
13.489             6.32194            0.442859
8.36373            -3.97477             7.79544
5.60078            -1.81439             13.3294
10.2979             1.95169              7.6451
7.59748             14.3574             2.96603
-0.846668             6.58864             8.66178
17.5961             1.29551            -3.35961
7.16108             -6.7507             2.88949
10.2615            -1.60349             13.4043
5.40843            -3.38373             11.3816
15.8049             9.89234            0.206179
17.0692             8.91333             3.34448
13.6544             2.07691             15.3004
8.38753             4.76337             7.84014
5.20157             8.89205            -16.7332
21.4765             5.17778            -23.1138
3.64737             9.27177            -75.3791
4.66537             12.7434            -4.18934
4.3003             5.94797             -14.301
11.1791            -4.34647            -17.6495
0.475397           -0.791067             13.5494
12.215             14.2837             3.61162
10.6521            0.585813            -3.80619
11.2257             2.43114             12.7372
2.44187             7.78875            -1.84319
-1.97964           -0.742767             13.8962
7.58123              8.8843             6.71553
5.95724             2.87748             14.0447
1.037             8.27303              3.9698
15.4742             6.53876            -3.84263
8.35618             8.29833             5.81523
13.5186            -5.69582             1.24176
11.0039             8.87612             3.80613
1.23948             13.1428           -0.966438
6.414             2.89759             8.26625
6.35343          -0.0536743            -3.34762
4.27398              3.2385            -2.49224
5.95684             6.27821            -4.29194
2.02656             6.29131              8.4878
1.02538            -1.19354             9.53228
7.38189             4.86432             14.9021
5.01303             10.3625            -4.25864
10.4986             2.14547             14.3604
4.79461             4.80893              11.308
11.1433             14.1791            0.584902
3.83396             3.60571             14.3918
14.3784             13.4171            -27.8485
14.8569             -5.6828             8.56542
-1.36714             12.6129            -40.8266
5.55592             4.04654             5.64797
17.4415             -3.1138            0.760735
1.37773             4.60771             3.05503
-2.77153             9.96779             4.15984
-2.00709             12.6295             2.25453
4.18814             5.48894             14.6613
17.1039             8.99585              -1.073
15.4714             5.09656             6.22588
8.74558            -3.55983             11.9403
0.861293            -7.68273             13.3008
18.8942              8.6281              12.702
13.2208             10.3652            -1.21892
6.14586             8.83431            0.867957
12.1156             11.4094             9.00009
1.71398             6.97625              13.291
1.39087             6.17462            -2.69708
10.8225             3.49225             6.52257
11.032            -3.97302             5.98339
14.2412             8.49939             11.8948
9.37576            0.543123             15.4191
6.45             2.88636             10.7119
2.54364             6.60056             9.12984
11.7189             6.82765             7.34744
7.04227             14.6513           -0.612209
2.80974             5.66196            -3.36657
15.1441             7.04329            -3.53644
8.54533             9.70727             3.86528
-3.85688             12.1057             16.4232
14.7771              8.1172             2.69853
1.02875              12.813            -32.1704
4.71739             1.16838            -22.0331
14.5998             19.5264            -41.1987
-6.50162            -5.78318            -24.8344
16.0177            -6.31896             7.15544
10.9213             4.45257            0.694977
5.8381             1.52072             4.43758
14.7349            -32.9805             1.90664
17.1286            -8.83921             11.5172
9.11191             8.16126             6.30049
6.34265           -0.478338            -3.52704
17.9736            -16.9637            -3.89204
5.52839             -13.008             3.58915
14.8639             4.80475            -2.71396
8.29352               10.46             13.2172
17.3899            -17.4948            0.643317
5.01728           -0.359717           -0.573278
5.25054             10.0757            -3.57445
0.0190512             12.1115             9.94787
3.60925            -30.5996              16.631
12.5206            -9.37403           -0.526121
10.3124             6.86389             12.4504
-2.14237             16.4974              8.1841
7.6156            -3.17076            -2.58599
4.56737            -12.5902            0.123981
0.460827             8.34196              10.579
1.56988            -1.47048            -1.96803
16.5922             6.73844             5.60817
9.15844           -0.477603             8.12734
0.833629             5.82059            -2.42191
-0.923806             12.6063             13.6753
3.51097            -11.1658            -2.95789
10.9657            -8.51291            -4.86729
11.9775            -6.78868              1.6487
7.08458            -79.7436            -74.4205
9.92223            -20.4986             11.5018
12.4553            -31.3858            -27.2177
-1.07364            -56.5635            -5.01227
7.56222            -35.9425             17.3511
-2.3628            -18.3624             12.0744
11.0782             2.97559             5.31317
7.92249            -73.2506             2.89625
12.8125            -66.4472             9.14833
3.41288            -29.3636            -2.98047
11.022            -4.69076             4.33914
-4.64516            -3.92012             14.8517
12.0413             -64.217             8.81003
2.71239            -0.80692              15.331
1.4704            -35.1552            -1.56668
4.82295             2.56437            0.940677
11.2092            -55.0853             7.79992
7.35947            -4.26183             14.1344
1.36959            0.743282            -6.02824
12.093            -0.97289            -1.00485
-0.586499            -92.6306             8.40726
9.96723            -28.9821             5.58055
2.86258              -48.78             10.6105
-4.42541            -15.9669             15.9623
8.02394            -51.0723            -1.13803
5.43956            -31.3992             2.61062
9.76818            -14.7207            0.512117
14.3301            -85.6483              1.7852
-1.51728            -62.2556             12.7459
8.21612            -53.9533            0.952406
0.853008            -62.3065            -3.39429
-3.40886            -22.3022            -51.6899
11.9444             12.3993            -61.6599
8.55623             3.80266            -144.004
2.95762            -8.18526            -92.5536
15.5987             2.99463            -52.7606
14.3298             3.61071             5.18384
13.2656              1.6207             20.0513
11.4321            -7.33977             13.1259
3.60485             18.0777            0.360717
12.7991             5.15304            -1.65645
14.2586             7.88183            -1.99461
16.5695            0.850353             13.5049
5.17267             10.4069             7.03636
13.7312              1.7879            -2.01813
9.57713             15.8241            -3.36264
3.35725             8.43389             7.81503
10.6153             2.71721            0.768538
11.7486             9.11278             1.22143
11.844             2.91926             4.66415
13.0646            -4.81819            -3.72434
18.5033              3.3916             12.0544
1.90758              13.948           -0.298057
4.67288             11.9876             3.12802
14.5578             5.71682             6.32683
1.39621             2.30537            -1.31032
3.47156             17.5693               4.228
8.4779             8.39253             8.67612
7.71963             2.48482            -1.74818
13.306             5.37742            -1.10927
7.77982             13.7278             12.8932
2.92219             10.3565             1.93675
-0.123395             7.96273            -26.0283
12.5351              6.4267              2.7086
-0.796761           -0.981668             -87.859
-5.0973            -1.15607            -120.643
17.5474             5.38771            -31.5351
0.765906            -3.84309             -56.756
10.2285             14.7306             3.42154
10.8721            -3.78536             10.6032
8.95709             10.0899             1.51483
3.03916             1.10442              6.7621
10.6784             8.36418            0.562718
2.95644            -2.45482              11.207
17.6974             10.5231             12.1045
0.446391           -0.285756             9.04032
9.01012             9.63375             2.10266
11.0873             10.2096            0.357576
12.301             4.68204             7.89948
18.2419             8.44978             14.5602
-3.87017           -0.134921              3.9664
-0.841769             12.7852             8.34261
8.92565             11.3884             14.1148
18.3105             4.65077             14.9616
-3.94461             8.43453            0.916817
5.56927             2.60535            -2.32636
17.8971             10.5443             4.39074
12.2207              7.9235             12.4768
15.3582             9.78985             11.1268
8.35357             4.75374            -2.49478
17.4789            -4.88058             4.82923
9.20635             10.1898              4.6814
15.2196             11.4255             7.60495
-3.15028            -2.16804             15.9826
3.27865             5.98592            -13.0865
12.9368            -4.61925            -3.88363
3.96814             7.37862            -96.4656
-2.38948            -4.42218             13.8655
3.23111             1.46918            -49.1974
12.1012            -2.19936            -46.5265
11.691             10.6352             20.7589
3.7278             7.58836            -1.92161
9.34539             2.58573             4.59011
10.8651             7.65378             14.9668
6.99858             13.0749             11.5181
0.115991             13.8165             10.2981
14.5743           -0.351264             13.2597
3.24122            -5.76464             14.5209
13.875             9.54827            -1.01481
-2.50209             3.96661             6.79678
15.2392           -0.951003             2.95662
5.35778              10.507             7.42964
10.8106            -2.47973             2.94577
-4.32944             4.74923             8.83125
1.8855             6.18195             7.68651
9.75409            -5.19544             2.72167
11.3619             5.79149             14.7743
0.222243             7.53138             6.33285
12.5062            -0.41729             -1.1208
15.0079            -3.09698             1.65624
0.586785             8.47878             11.8505
-1.9548             13.2232             6.88538
6.88888            -2.09838             5.40786
0.0399084             -7.9774              14.864
-3.18624            0.658098           -0.720073
-3.68364             15.3525             8.17453
0.0204307             7.31791            -21.2894
14.2196             4.51702             9.23087
14.1573             7.93406            -65.7643
0.183086             10.0417            -136.352
1.09822             2.44526            -35.6993
11.939             11.3709            -30.2106
-0.283033            -4.04745             5.40227
13.1182             4.43567              14.091
7.08744             7.83224            0.824588
0.625255            -1.36128            -3.06837
-1.58236             4.30372              4.8259
5.6276             14.3864             3.61172
14.0014            -3.52141             3.27905
0.145793             4.88818             4.10799
13.8126             13.6291             6.34984
3.58405              5.9598             14.1372
16.4061            -5.52588             0.92061
12.0996            -1.03088             9.89668
-0.928945             13.2945             4.23328
10.7774             14.8285            -1.08985
9.81972            0.100165             10.9604
14.0402             7.92459            -1.59657
12.8078             9.88528             8.61345
2.20955            -1.58262             8.95859
16.9248            -4.19648             7.58451
7.31928            -3.41983             5.70498
6.38716              5.4288            -1.12835
-0.497292              4.4486             4.66015
18.4429            -4.66911             3.64757
1.77302            -1.53956           -0.509414
3.06532            -2.57072             7.71048
12.1658             13.7275           -0.435625
1.54283             7.03604             4.83526
21.5671            -12.7827            -18.8207
14.092             10.7768              -85.07
-3.30676            -1.25622            -11.3137
19.3513            -5.34509            -16.4855
11.396             8.11608            -53.3755
3.41897            -1.57817             14.2642
-2.32765             12.7935             9.50231
12.7387             8.38181              11.822
13.4103             10.4875             10.1275
0.12579             11.2031              9.8481
7.32715             2.84859            -2.51868
7.89992             1.49732              8.5058
10.4406             11.0695            -1.66724
9.29108             7.41765             10.3365
9.17056             15.0685            -2.78046
8.35208            0.991533            0.474458
9.03993              2.8923             10.3499
12.5619             4.02802             9.48956
6.40492             4.59907             6.67503
10.5935            -6.28127             2.02745
12.3529            -4.41627            0.657743
0.834367             5.94619             12.6517
-3.80927             10.2671            -2.11273
13.0416           -0.648451             1.04192
14.0136            -1.82093             1.78891
13.605            -1.12795             8.43876
15.4395             13.4274             6.10449
14.1491             5.80749             2.88925
12.6329             8.02466            -2.54557
-3.13048             13.9197             14.8131
6.45301             3.00061            -2.37262
-3.42825             7.58824            -31.1551
9.5588            -0.49975            -2.41964
-1.63295             1.01994            -44.8281
7.06913            -3.61724            -121.167
11.1843             1.74509             -24.137
16.0277           0.0196901             -18.323
-2.81014            0.670585            -1.85856
10.7342              5.6311             16.3982
0.403554            -4.44746             3.39508
7.43316            -7.04187             -2.5954
-2.82722             5.22264             8.37898
11.9708             -2.1579             13.7268
10.5126             7.40511             6.94598
8.50852             1.72989             8.85828
5.24429             11.1147             13.4968
0.616284             13.3745             4.92872
3.54641            -7.12402             11.1426
8.11626             7.05368             13.5824
5.34298            -0.34609            -2.86293
-2.15511             8.06918            -2.94667
7.97918            -5.98325             2.68621
13.8652             5.66587             5.65698
0.983114             13.8361             6.33838
9.06882            -3.51181            0.522426
4.17403            -4.45421            -4.20969
4.10374             5.55895             5.61708
6.17093             8.21294             3.40903
6.78074            -1.67052             12.0974
16.5615             5.99951            -4.36808
0.00626448             10.6148             9.12792
7.74994             7.59388              10.937
13.1788             8.07288             11.6063
11.2756             4.74094             10.3506
12.8588            0.129425             -18.714
4.63935             12.8595            -77.3397
0.938217            -4.70702            -59.5507
9.05669            -11.6057            -55.4217
10.3968           -0.257947            -51.9627
8.74114             2.36361             15.0791
16.458            -15.9125            -2.82479
1.82363            -13.6684             9.55686
16.2007             9.95709             13.5988
-3.15351             2.60172             11.9738
5.67757             3.77352             8.38999
4.47201             3.90173            -3.54612
11.3074             1.87573             13.6785
5.60827             4.97148          -0.0366443
2.24875             4.87368             10.2309
9.6858            -11.8176             3.77335
10.8792             -1.3293             10.0968
5.86702             12.7098            -1.95884
-0.63362             3.47296             10.9057
7.22917            -2.71195               13.55
0.958746             3.75573            -1.95458
13.9609             6.47115             5.95542
12.5057            -8.00548             11.5775
6.94116            -4.10553             12.6893
4.89649            -5.99445             6.05038
5.97835             2.13782             12.0366
13.6106            -25.1287            -5.85332
4.60136             2.44478             6.39818
5.82661             7.88643             4.55807
5.3628             17.9376             14.9511
0.106182             2.11997            -2.66145
10.6408            -6.70825            -1.61204
6.99354             6.80484            -3.66918
13.9983            -56.0341            -50.1012
-7.04363            -7.16703            -87.6828
13.4329            -48.8723            -33.0703
12.9573            -94.1216            0.424419
7.87854            -81.9798             13.8046
8.07034            -42.9831             18.3903
4.42394            -42.7998             2.46114
8.75548            0.730748            -4.06392
-1.42853            -54.4647             12.2463
6.45529            -28.3708            -5.15038
5.30616            -30.6203             4.35872
3.52893            -91.3762             7.02599
-4.32971            -52.6048             6.21326
6.31224            -53.2859             12.0151
6.18977            -19.6598            -5.23076
-5.34584            -70.6741               6.363
6.1858            -60.2672            -2.03826
-3.3691            -63.9012             2.41154
0.866215            -19.1528             3.27558
1.12882            -69.0639             8.56129
1.63974            -80.2856             3.20201
5.67831            -60.3148             14.6369
18.7947             -29.814             7.06369
1.74848            -16.7796             4.22148
7.09655            -41.3892            -5.77165
1.84657             5.25794             8.60495
16.4117            -29.6821            0.311655
11.6502             -110.39            0.484172
16.1926            -78.7437             14.9323
11.9025            -48.0852             1.50547
-5.76916            -72.3797            -1.49606
11.5271            -23.9602            -21.6471
13.2745             13.8452             -60.025
-0.199836             10.1034            -103.662
7.69988             3.72335            -90.0922
5.19431              1.4016            -86.8978
-3.22721             16.8346             17.1061
6.33004            -4.11417             20.7468
4.65919             7.32468             1.46576
17.6532            -1.97495              7.8839
10.1101             20.3706             3.24344
8.02665             3.98045            -3.61293
9.97947            -6.96687            -1.92153
0.636085             14.5923             13.2008
14.2734             17.5435            -3.90354
12.4073            0.945886            -3.46287
9.02602            -2.02303             2.83635
11.9863             1.55073           -0.761259
-2.94184             6.56438             14.9526
-3.00148             4.18943             6.61855
12.4518             -1.9965             4.45608
15.9598             2.31102             5.71943
13.2781             6.48048             1.95233
14.6722             12.1615             3.40436
13.116             10.9141             8.95419
10.7118            -6.17583             7.62903
-0.515933            0.905833             -2.7386
-1.569             1.94142             7.18188
8.76021            -2.28598             11.6395
0.462938             7.32009              5.3011
0.326031             17.7835            -1.11517
2.25931             3.70927           -0.524931
8.81036             4.51891              2.1481
15.317             2.42176            0.844537
7.75548             12.5322            -87.9839
-2.81603             3.03075            -10.0172
15.7213              3.6016            -46.0005
8.84053            -5.19599            -55.7452
1.66171             4.83303             22.4793
6.62211             5.80576            -3.68934
8.90004            -5.40552             7.33089
1.31489              10.867           -0.154164
-0.884667            0.848481              13.837
14.8836             4.35689              2.1822
0.348026            -0.51215             2.09162
11.658              2.8937             12.6897
-1.14382             8.64048             12.4506
13.2685             -2.9964             8.75446
17.7351             3.93051           -0.629181
16.1007            -1.66485           -0.945189
12.828             13.6265             15.4151
5.74315           -0.996181             2.83403
8.31591             8.25235             15.5669
12.4761             6.81863             2.08717
8.68718             5.40312             6.11841
2.27121             7.23687             9.24428
18.833            -5.93295            -2.39478
4.51085            -3.97959            -3.67571
-3.66459           -0.747092             7.66078
1.85346             3.11755             8.29612
15.3148           0.0711407             12.3084
14.9991            -7.42845             14.4228
11.5325            -3.71514            0.422856
8.88287             3.05186             3.71525
5.37194             4.24611            -0.67562
7.10755             3.47207            -1.63922
16.3893             5.21868            -74.5493
-2.62973            -4.72972             -21.514
9.72907            -6.33685            -15.2921
18.5267             7.77917            -19.7226
0.0788803              1.1828             10.2763
14.232             1.20397            -1.76608
5.21885            -6.97492             12.4814
8.66608             4.17693             1.28576
5.90276             3.72874             12.0752
11.7375            -3.89184             12.2814
11.253            -5.49247             3.90701
16.9732              3.9149           -0.859626
-0.182628              2.3984             4.13669
4.41307             3.63636             11.2451
4.16131              -3.113               14.18
14.2706             5.82756             4.92968
4.1406             9.82211             14.8859
6.15221             11.8198             14.9735
12.8487             1.00049             1.82434
17.9983           0.0597792            -1.27506
15.4018             3.84593             13.6955
13.007             11.5421             14.4775
14.6408            -7.08419            -0.90354
12.1779             4.89005             3.42749
10.5665            -4.11448             9.07673
9.10603            0.707258           0.0334451
18.4146            -2.25386             10.0863
19.0005             -3.2865              9.5236
6.36766             1.03335             8.00573
10.0439            -4.25141             1.67021
15.0929             5.37089            -12.9187
8.29724            -12.3108            -14.9737
-3.06855             9.11583             -68.742
-6.14086             2.96173            -123.096
12.1612             3.35809            -68.2556
12.2756             2.69403            -34.9415
13.7769             -2.7581             1.22991
10.718             9.90902             5.33685
10.4907             4.81174            -2.96616
17.2377             7.25032            -3.20918
-3.99029             4.60842             4.89563
15.0782             0.81957             13.1153
2.42507            0.226211             12.6048
9.37031             9.35594             7.78916
2.13672             12.2296            -2.44095
-3.7745            -0.51021             4.65809
2.81153             7.00936              8.3773
13.469             2.84415             8.11954
13.7948             14.1326             2.09948
5.68512            -1.65272             12.2264
3.37357            -7.63539             6.49039
2.86004           -0.601268             2.72345
12.1891             13.5513             2.91321
3.98918            -1.68065             1.97564
11.7715              7.9173            0.322081
9.24556           -0.852366             11.3654
13.348              6.7981             13.3524
-2.09206             2.92355             4.59571
5.27743            -4.94353            -2.74665
10.5155             9.99928             8.26523
10.4756            -3.72235             6.79101
8.00691             10.3903              16.487
5.42289             12.2775             7.57188
18.5182            -6.64233            -16.4405
-0.157356             9.00155            -76.1732
-5.00824             1.52957            -33.1386
10.3978             10.3503            -21.1994
1.5796             9.52275            -52.2558
8.49062             14.5767             19.1566
14.7959             7.91997             14.2537
2.17075            -3.76472             5.99884
13.2939            -7.24413             12.2799
-3.85175         -0.00775886            -1.77392
11.9381             3.21027            -4.33266
6.23109             10.7876             2.73871
3.7134             11.5893             7.48317
8.14768             3.60087             5.36045
4.74112             8.51376             2.47125
0.304175             2.48933             13.7144
4.93031             11.0586             3.03512
8.36092             5.94931             7.60998
5.71386             7.78573            0.610066
3.16712           -0.221784            -2.69458
11.6655             6.92112            -1.60158
-0.603093           -0.505218            -2.86772
7.88359             8.74003             8.35765
14.0512              7.2591           -0.304599
7.01124           -0.553019            -4.35277
3.79551             2.91315             8.31658
5.17819             9.29967             10.5354
13.4066            -1.13741             13.5419
-0.040568            -7.48526              9.5327
-3.47472             14.3606             7.96253
-3.90697             14.7666             12.8391
7.91281             12.2167            -19.1824
15.1661           -0.970004             2.76625
0.0826164             4.72051             -79.862
4.02982             5.49245             7.05613
0.53415            -9.19794             -36.854
7.55864             7.19304            -6.95934
11.1184              11.346             8.50827
0.280628             4.69137            -1.30699
15.0945          -0.0430907             7.25705
0.182817            -7.86923             3.34048
10.6463            -2.41114             12.0604
-0.775927                8.59             4.83694
3.37191           0.0892593             9.52364
1.38667            -3.37532             11.1599
7.25956             4.34104            -2.52298
6.89427             9.00923              1.4778
6.48296            -7.55255             14.5025
11.2078           -0.836813             13.8724
6.93258             13.8028             1.04891
1.70629              -2.801             15.8887
17.1169              6.7336             11.0575
3.84824             2.63677            0.304923
-1.59598            -2.72576              11.504
8.70519             7.01609             -3.8604
0.867206            -1.93687             10.0851
3.60009            -6.54861             8.30058
2.9302             13.1282             15.2808
-0.394677             5.35004           -0.871516
3.54612             3.13421             3.32154
13.6523             10.7405             14.2526
-4.29595             3.14598            -1.96547
1.56064             10.1677            -2.03916
16.5632             14.0715            -2.72232
20.5696            -3.71835             1.42995
16.0025             17.3978            -71.4367
8.24947            -12.5513            -50.6594
3.69735             -7.6498            -46.2849
1.78789            -1.87447            -35.4735
-0.942617              10.446             8.25838
14.3119            -32.2318             0.59944
0.50216             2.72648            -1.80335
18.4399           -0.341083             11.9152
6.65395             7.41522             5.80706
-0.409629            -27.7324             2.06151
-5.18892             -13.081            0.700468
19.4497             2.26286             10.0495
10.4357             7.39961             6.99503
7.80353            -4.39717             11.1889
4.47555            -16.0775             1.43243
6.20022             5.59052             2.75028
5.04858             8.25709            -1.30399
16.5694             -14.174            -3.66493
2.84787            -5.62181             4.99122
10.0838             1.32673           -0.133994
9.30121             9.02378              10.689
6.93385            -23.8713             13.6889
0.305579             4.90995             3.44055
7.97819             9.01461             13.8789
-0.326215            0.742051             7.37495
9.45024            -28.4014            -5.33991
-3.45019            -16.0401             6.11769
8.03081            0.599333             13.6517
13.6428             4.91096             13.3503
10.6773            -32.5542             18.0935
5.59383            -4.21497             3.33453
20.4875            -2.77971            -29.2658
2.77358             -55.402             3.86072
0.566503            -28.5188             15.2494
1.19812            -63.3672            -33.2265
-8.1898            -97.3686             6.31877
10.7982            -74.2659             8.30398
-1.95324            -35.5533             14.8051
0.336102            -10.5565           -0.212189
-3.21786             5.71321             12.2498
2.85047            -49.0926             6.47881
14.7             9.43277             11.5224
9.40947            -26.4702             2.35258
4.91252            -82.3413             4.86896
8.06501            -69.5351           -0.369827
2.23783            -41.0644            -4.83896
15.5789            -45.8436             13.4585
6.21055            -64.5336             10.1133
-0.0500462            -50.9948            -1.75892
8.21275            -55.3302              10.016
13.2114            -56.4864             2.36053
8.98391            -82.9413             11.1619
10.8362            -63.3426             6.95106
-4.78319            -43.8945           -0.917713
13.7372            -7.52666             6.93194
-0.773327            -90.1526            -4.32012
-0.154489            -76.5615            -2.71341
-0.896416            -16.8886             13.1865
-0.340169            -40.4398            -2.56228
-6.82344            -76.2574             8.82736
9.45653            -80.2514             3.24373
1.17561            -36.8642               14.36
6.98744               -9.61             -5.6647
2.08342             5.59791             5.15934
2.90086             3.97805            -84.4378
3.14935            0.845362            -21.3833
12.9405            -2.37408            -54.7165
1.48052             16.5374            -34.6078
-1.42781             12.8355             6.45003
-0.118588           -0.821368             10.7562
10.5165            -5.42628             8.80698
4.84556             3.30054          -0.0999994
-1.80551           -0.147268             9.28789
-3.57368            -3.32577             15.1534
4.78849             6.11712            -3.84553
18.3038             20.5409             6.55748
2.0817             6.93959             9.04653
10.4699              14.953             3.30234
7.06615             9.82585             10.9225
2.12238             9.00977             12.6186
-3.76823             17.7452             5.83631
-0.148337             7.49614            -1.80323
18.9476             1.91233             4.61585
10.7939             11.6039             7.43657
1.91648              10.507             2.33832
2.94246           -0.292419             11.6375
3.18194          -0.0757661             5.69231
6.22692             8.36592            0.242538
7.18311            0.217249             6.79388
0.861936              7.3363             6.04355
4.82585            -2.48105             14.9284
10.2894              12.431             14.9124
-3.90289             6.08347             14.3375
12.0072            -4.11083             9.24274
4.50693             8.77347            -2.45282
17.0863             3.71587             9.02892
7.14911             12.1783            -51.2343
3.30716            -4.68011             -124.23
1.6437            -3.72727            -68.2941
1.55496             4.18755             -64.594
0.361325             14.5817             10.0745
4.14121             2.26743             5.71243
12.5946             1.00117             5.73657
0.148193            -5.16246             11.1791
5.62587             7.69106             3.25551
9.51992            -0.18007            -3.63651
5.60447            -4.76196              2.0042
16.1819            0.143507             14.2058
9.22608             1.30801             15.0212
1.96963             13.6182           0.0614631
3.44129            -3.18054             12.1799
16.9513             7.43621           -0.733091
2.04714             9.34246             9.14783
-4.13027              12.269             2.09022
2.8697             2.52954            0.211496
15.4174             8.40452             4.48562
7.51096             3.99904              5.7581
10.9681             5.77459             -3.9808
5.10912             5.92173             12.9908
7.64103             11.5168             13.7523
-1.11233             -1.6128             15.2552
2.1892            0.877193             12.8008
8.6765             -5.2156            -2.57812
12.3571             9.69393             3.38923
8.11041              10.832             13.8899
13.2939             9.23058             9.85547
5.88812            -4.15311            -10.8976
17.1903              -3.769            -5.82946
5.50753             12.0418            -76.9071
2.22996             10.7847           -0.111533
5.15897            -2.59874            -13.8847
-0.252687             9.14059            -31.2491
5.46195             5.42653             3.19399
7.94778             5.94892             15.0037
9.16817             3.32433             3.45621
13.9168             6.96299             7.59324
-1.53094             2.36234             8.09582
5.91986            0.292627             11.0104
14.3297             7.85598              6.3435
15.8473             10.1576             3.20751
10.7806             14.6784             3.27122
-0.133854             2.18182           -0.621739
12.837             7.22392             9.59375
16.9267              10.126             10.4754
13.7685             6.41526             6.72514
-1.57446             6.00718              -4.225
10.5613           -0.428148            -0.12671
16.7977            -8.33205            -4.41061
2.32727            -1.62238             8.98518
7.00935             7.02864             9.92562
8.32724             5.07425             13.2256
17.0457            -2.72399            0.335788
-2.85143             12.7778           -0.749056
2.25312           -0.727064            -2.98141
5.3252             -5.1354          -0.0111958
17.6845             10.4716             10.1467
4.50153              4.8351            -1.97679
13.2932             8.08783             2.87628
9.26197              2.5054            -5.71404
3.70827            -2.75908             2.23815
-1.6523             8.12074            -80.2572
12.0014            -5.25013             10.7709
14.1661            -1.67125            -28.0117
17.9422             7.88183            -17.3144
-3.3684              3.0414             7.84861
2.83327             3.96282           -0.964382
10.5833             7.74896             5.29667
13.144             4.01946            -3.59586
12.1431             14.5918             4.80962
13.6931            -3.23471            -3.53182
1.37171             6.35245            -1.08875
3.76814            -1.41699             4.64039
-2.97639             12.2945             15.3612
12.1068            -4.22861             3.83687
18.891            -6.51027             2.00174
2.80749             2.34474            -3.40029
6.75612             11.7505             4.73811
4.48134             2.89557            0.479406
11.7148             1.43472             7.89573
8.10192            -5.48656             2.20076
14.575             10.1057             7.49451
10.249            -4.29969             13.8846
10.6604            -3.83775             14.4571
10.4107            -8.12102             9.17588
10.2235             9.34034             14.9094
14.8389             7.77134            -3.84376
11.4992            -1.35026             8.64062
0.156129           -0.492519            0.263033
9.99509             4.67366             2.61184
10.0255            -4.41882             11.7172
2.49631             1.75305            -8.07578
10.8765             3.17668            -19.9274
9.49051             12.0676            -49.1882
9.78927            -2.79139            -148.696
2.5562            -8.20224            -61.3598
4.69692            -6.05643            -66.1322
-0.120913            0.536034             5.94708
9.24279             8.31553              19.761
13.6705             2.41786             6.66462
15.2168            -8.35944            -2.03632
9.80667            0.169053             11.8136
11.6351             1.47417             12.3013
3.96206            -6.34863             14.4056
6.64385             2.58448             11.0916
5.0556            -1.91167            -1.31756
-0.546936              5.5702             13.4756
4.66753            0.618373            -2.33743
19.3249             2.73288             7.53447
6.1978             3.15384             10.0706
-0.515374             14.9712             3.13814
0.847216            -5.44387            0.153135
15.1695            -6.86218             14.8251
9.79773             9.16132             4.74588
8.5714            0.251717             14.3041
19.0176             9.72783            0.839469
2.08156            -5.95088             11.9453
3.93152             3.30747            -2.50614
-0.094381             6.76679            -1.30696
16.5434              1.7638             8.08823
18.9315            -8.18314            -1.16403
10.6797             9.78897             2.33492
3.59555             15.6372            -2.08593
-4.38138            -0.63925            -2.53125
7.27392            -1.91133            -10.6353
-4.2543             16.1143            -73.9008
-8.37276           -0.905182            -7.84403
-0.330788             9.61742            -33.3788
9.42066            -1.49774            -45.0948
-2.35513             5.77566             5.56736
7.63636             14.3259             9.69566
12.7072            -2.73312             11.7291
12.3782            -6.96227             2.56404
13.3403            -2.32005             5.15604
-0.924188              9.3323            -2.15372
14.6046             1.56741             1.77562
6.15773             2.03341            -1.65191
6.10245           -0.698806             13.0871
8.58996             14.5262            -3.45382
7.38005             6.31413             2.95839
11.5782               6.963              8.8822
11.372             6.79122             11.3875
13.0593             14.9431            -3.13638
2.70512           -0.283644           -0.617519
6.0942              8.4404           -0.451105
-4.09767             14.9061            0.510881
8.57081            -2.90843             6.42915
15.6349             0.96612           -0.155625
2.45657            -5.44671             9.19494
12.741             13.4633            -1.31154
7.2679            -2.94709              8.8685
11.7803             2.02305             11.2074
1.93049            -5.28428             4.57938
3.77545             7.47049             3.69743
3.38351             12.2456             2.85342
12.6129             14.1954            -20.7131
16.1209            -3.41911            -12.3611
1.88889             18.8835            -41.9206
0.425296             4.56167             5.79456
13.5775            -3.67138            -2.39046
5.69483            -2.28379               11.67
15.1744             11.5415             7.96174
10.4474            -35.4413             1.75703
9.45257            -8.77222             3.54285
11.2174            -3.44868            -3.57306
11.1873             7.94058            -3.07097
5.67656            -29.4509            -2.73116
4.27675            -6.48181              13.761
12.9487             1.31454             4.74245
0.222652             10.3313             3.25319
8.04039            -4.36678            -4.06604
-0.859685            -8.26167              4.6219
4.2846            -2.82084             14.4002
11.2088             6.16962              6.6313
7.19343            -13.6193             10.8498
6.84597              1.5173             12.6462
0.0098048             11.7806              1.2584
2.94826             7.61547           -0.239836
15.0517            -14.0022             5.39061
7.32086            -8.57766             12.0567
13.1099             9.20365             7.60046
-3.74403             2.86998             3.48002
3.20219            -8.91697             1.78986
12.1489            -4.48561             11.1543
4.46152             5.15666             2.51506
14.1974             7.35982             7.86278
6.04294            -6.33807             9.42943
-4.72018             -6.9159             1.58112
9.45145             3.51222             6.98858
-2.5508            -129.821            -97.9248
5.14145            -19.5251            -117.513
5.13383            -67.8656            -60.4054
5.96549            -18.6514            -57.9932
-3.33342            -44.5653             22.9523
9.41856            -1.90674             13.1608
2.98068            -7.90922             3.24804
5.33372            -118.115            -3.31614
12.5107            -85.5427             14.0465
-3.95951            -35.4399             5.81691
0.807648            -28.9521             6.23394
1.80812             10.4117             5.95998
16.978             -55.848             2.90671
3.09317            -12.6259            0.458619
13.4812            -59.8748            -4.57432
8.67405            -106.677             6.45953
17.1579            -62.6756             13.5506
5.18533            -47.0497            -3.16795
11.2183            -54.4708              9.3256
11.1244            -51.9883            -3.09699
13.159            -63.4572             6.02967
1.27186            -43.3661             2.27471
1.06951             -57.779             9.06507
7.03311            -62.0868             8.41894
1.80084             -57.205             5.75411
-2.9817            -46.2246             -5.9043
15.7065            -66.9242             8.66722
3.10203             -54.992            -5.72798
11.2836            -84.5354             5.45486
-2.57376            -65.1836             5.34293
11.7562            -55.0424            -4.67246
12.4544            -45.4092            -22.1408
4.28004               15.19            -84.0427
-5.77508            -4.42514            -34.4502
19.1588              5.6862            -21.8617
5.41325            -7.68187            -65.3668
3.46888           -0.258979             7.39856
-0.486277             2.69461             12.1636
16.8787             8.66799             8.53749
9.46996             10.8763             15.4424
0.482865           -0.134309             15.1993
3.25444             3.38127             4.29506
0.666932           -0.724109             7.67891
3.02929            -3.61713            0.313355
3.98759             16.5644            -2.19344
8.22366             3.96432              3.9189
10.9677            -3.16401             14.9344
9.24016             3.52181              6.3238
12.5131             8.44731             10.5691
3.98131             8.28986             1.63941
7.67789             1.72797             13.1478
16.7621              13.368            0.375304
4.79277             12.8478             2.13585
11.6554             8.53226             13.0242
12.418            -3.45703             -3.6981
18.7661             7.21676             6.09169
12.9311             6.65946             14.4601
14.7042            0.277433             9.28406
7.38714            -3.07927            -1.44258
7.84866             16.5152             12.4227
1.70992             13.6307             13.4034
10.6698             11.5666             6.31274
1.24172             7.48109             9.97227
13.8891             4.41552             7.78056
2.49               4.458            -54.9659
9.36172            -1.40051            -126.443
11.8948             8.35251            -90.4301
2.15563             3.07271            -59.6865
12.1782             13.7576             7.85812
5.24927             13.3929              7.4926
3.97219            -1.68314             13.3835
6.35488           -0.186519             8.89244
1.22174             13.4182           -0.341261
5.29891             5.80857              11.768
10.809            -3.82752             11.4088
16.0184             3.28521             7.31832
4.22487             7.53887             5.83714
-1.549             3.87132             12.1338
15.5091             -2.5307             4.42901
14.7429            -1.84099             3.43831
13.8409            -1.12036             4.48962
13.8361            0.459751             14.5061
4.31893            -4.66698             9.31986
8.26249             7.76354           -0.273322
10.8833             6.47896             8.92491
15.0788             13.3698            -4.45107
6.41951           -0.978491            -2.67409
3.73746            -6.22581            -1.27374
5.47418             6.18058             12.4632
0.0501353           -0.229601             10.3285
7.85074             7.36827            0.641164
15.9082             6.29718             0.79797
12.7255             12.2219             5.26416
-0.219784             15.1438            0.946745
13.8289             6.51071            -0.41727
17.9487            -5.23843           -0.567814
14.8674            0.348856            -73.0259
3.42676           0.0287574            -9.03359
0.90396             3.02571            -26.5037
11.0845            -5.53087            -68.2268
14.1029            0.189718             23.1649
13.5358             13.9855           -0.689435
16.887             6.03776             11.0381
14.3145             4.88995             11.8427
7.34811             10.7032             9.29433
3.4708            0.951114             1.34575
11.604            -1.51966             3.44571
2.24168              5.9707             6.06385
10.2353            0.530599             14.2541
-0.308182           -0.176788             13.1624
2.93693              11.033            -1.95445
3.27062            -8.18418             14.0106
9.5772             6.68603             12.2845
2.42505             3.91791            -3.50595
18.8381            -1.20064             12.3247
9.66745             2.90391          -0.0765586
0.700505            -3.67867             9.87791
4.89954             12.6886             6.61727
8.6257             2.04745            -2.58268
5.78592             7.83629           -0.238078
10.25            -2.68003             9.34419
4.40758             4.77092             1.20623
17.7487            -4.85779             8.64253
19.8327             -8.3171            0.763172
-3.02181           -0.621767             2.26609
2.95214           -0.505167             6.13574
14.2599              7.5682             -25.196
20.0444             -1.3278            -14.6139
1.82898             7.30683            -46.5994
5.74945             12.2445             5.25857
13.2195            -8.87531             11.0439
8.72986            -2.96667             3.50388
13.2193          0.00852236             1.17795
11.0453             3.09946            0.137455
10.846            -7.44877            -3.13001
8.90804             2.76923             10.1582
11.6066             14.9447             5.16668
15.1082             5.46451             6.09104
3.48753            -6.76653              6.3058
9.0823             9.78417             8.35259
2.42288             4.74125             9.55053
12.0439             15.4193             1.20048
7.00245            -7.33104            -1.09392
15.5961              1.4725            -2.13119
9.55333             10.1074             3.58605
8.29464             10.3836            -1.21933
3.94857            -6.91858             14.6462
12.5092            -8.05268             3.47764
2.68675             12.5416             -2.4861
0.141941             9.31704             6.41465
12.475            -5.71337             5.29803
16.7452            -3.93076            -1.70067
-3.90116             7.54111             15.4439
2.14731             13.4149            -3.67465
19.3683            -7.38163             1.00683
1.69304             4.30247            -2.71775
-3.6817              12.026             3.47295
-0.381562             7.53763             5.75675
12.2104             2.96015            -5.32115
12.1443             5.02195             6.39144
1.75836             1.79457            -63.9524
-0.591949            -6.84685            -162.175
1.78599            -3.56772            -73.7703
7.45887            -3.57817            -46.9699
-3.93626            -3.96803             3.30678
-0.24206            -2.14906             16.4362
10.2754             7.86495             12.6343
12.3318             2.15312             6.27618
12.9385            -4.16194            -3.53733
1.50237              12.296             8.27619
2.52278             1.96246             5.54802
4.00235          -0.0577685             3.84919
-0.040761             3.99421              1.7017
3.17782             15.7793             11.2232
3.45378             6.41082             8.70312
0.145771            -3.10055             11.8223
-4.1723             7.88186             6.70214
8.06601             4.71613             12.1615
15.8128             9.19544             1.97415
16.7445             5.74159             10.7426
12.92           -0.717249             9.30057
0.662079            -4.14627              14.626
2.67534            -1.96599             4.21223
7.33782            -7.63277           -0.801713
0.183675             -3.2847             13.2756
-4.45656            -2.64989             15.6451
6.49317             1.24318             10.4366
4.37481            -5.94792             -4.2905
10.5862            -1.89631              10.081
8.26104             1.82837             14.1493
0.520487             9.44046             -20.407
16.0852            -10.0532            -23.8297
-2.72175            0.398473             -86.716
-6.89167             5.05504            -118.001
7.41529            -4.51748            -35.5281
9.94683             4.28814            -73.4192
0.558228             3.45917             10.0524
-3.95576             6.89667             22.2305
8.79575             9.19996                1.35
15.3344             6.08659             1.43907
-0.0831352             9.46191              1.8396
5.02957              -3.338             8.92751
14.6197            -3.80791             5.48561
8.3421            -3.70051             3.27557
10.7737             1.08501             9.77788
9.61664              8.5939             -3.5224
7.58505             10.8954           -0.194119
15.7986            -0.78972           -0.322703
8.21288            -2.27853            -4.31797
7.31756             2.26194              14.227
0.160208          -0.0565215             1.30282
8.7591             11.5381              12.034
6.99275            0.570866             12.0216
-1.79109              14.687             1.98565
3.72386             2.90245             8.66692
12.1823            -7.55811             11.7363
3.29146            -1.52931             9.37818
4.51175             5.91204             5.53708
6.58827              6.6847            -2.48034
14.4923             3.26617             10.2686
-0.871029             9.54427              15.207
11.9236             13.6913             5.40426
4.32253             6.31477             1.69254
4.50526             4.94519             6.68817
-1.80616              12.135            -73.5489
10.9517            -12.1984            -84.4417
11.5717            -2.55858            -79.4215
16.6627             7.13217            -63.0583
6.50427             9.61031             13.8071
10.2267            -23.2908             2.97775
3.64346             1.34119             5.37681
17.6273            0.524005               6.312
7.16764             15.1532             7.19141
12.9119            -36.9981             16.3351
15.7098            -11.6008             3.64304
15.4661             5.81665             6.82541
6.54851             9.66219            -2.72646
2.01803            -21.6974             2.70619
-2.24461            -2.72193             14.4488
9.61046             13.4493             11.4196
9.82869             12.7875             13.7422
0.112711            -31.8775            0.082171
8.36728            -17.7209             10.1736
10.0741             8.88303             13.8346
9.69574             4.36768             7.03829
2.36284           -0.974496             2.47905
1.44653            -5.92254             3.19369
13.2381            -0.87174           0.0938548
5.50655             5.64299           -0.745926
17.846            -2.48307             14.3466
7.03205            -13.3524             14.7285
18.6294              9.3144            -4.13404
5.21538             4.62037             10.0821
2.75277            -2.01519              2.0326
2.42371            0.208702            -1.68786
22.9322            -2.89318             6.31423
0.503179            -26.3573            -6.63007
-9.88565            0.800391            -51.9919
1.50316            -27.6795            -56.8179
1.89114            -43.3614             1.09042
17.1438             -69.242           -0.455145
0.367737            -61.4546             7.10183
20.2562            -35.2691             -3.9452
-0.87207            -45.8704             6.05886
2.24061            -50.6624             6.44005
-5.11596            -8.10002             12.9057
11.2299            0.588537             7.19076
-11.4692            -50.6533             8.31874
14.2837            -71.7972             11.5675
-10.9059            -22.1811             10.3522
4.38246            -30.1852             1.84431
-14.039            -48.5733             2.07803
3.81454            -79.8794            -1.75852
-15.4936            -42.0731            -4.71589
19.0079            -27.5373            -4.41749
-5.92285            -22.3548             9.82825
19.5457             -83.584             2.81466
-10.6619            -55.3967             10.0933
19.386            -52.1898              1.6944
2.99833            -41.6148             14.8225
0.446335            -69.9856            -4.24119
-8.39395            -23.5454             10.9533
2.69809            -59.7081          -0.0789739
-12.3158            -37.2391             8.12461
17.0468            -65.4547             10.3242
-3.88073            -45.1371             4.48655
7.58761            -45.2161             3.51229
-9.27657             0.86301            -2.81012
1.09977             5.80475            -81.8143
-7.11511            -3.11062            -49.3716
1.39037            0.313955             -34.871
-6.30217             13.1087            -55.4799
5.84389             12.2943             8.19032
-1.75502            -2.35827             4.85767
15.7686            -7.79753             7.94244
-9.35321             8.70906            -0.29853
13.3081             6.84657            -3.69105
2.33361             6.33296            -1.70231
13.0575             7.19322             1.19775
9.75059              11.347             10.3989
5.46442             10.4143             7.50608
0.024234             2.42957             7.27415
15.7934            -5.02873             2.74989
5.82308             15.8892             5.02651
7.95485             4.28006             8.19644
3.73289             8.13081             9.50709
20.5277             8.55288             15.2231
-9.17958             8.24753             3.57481
-0.373526             9.64495              2.4431
-4.15512            -1.28759               16.05
9.42894              5.5097            -4.26449
0.283935             4.08818             3.26405
9.68176             18.7605             5.62495
-6.04521             3.35193             10.5093
9.15852             1.60064             12.8451
3.99302             2.19097            -2.17793
14.9689             8.41129             13.0698
-4.28466             15.1144            -3.03584
13.9277             6.95956            -4.63147
8.25467              13.207            -7.03622
5.86373            -2.25082            -72.0737
-5.92506            -1.43382            -51.5443
18.161           -0.802985             -51.994
-2.17473             3.56718            -43.0675
15.1033             4.11896             18.3739
-3.77957              6.4703             13.1297
4.04613            -6.71694             1.72138
-7.49874             4.97684             3.85935
15.3153           -0.853202             13.9923
-5.11829              7.3943            -2.49721
21.0449             4.68062            -2.67132
-6.95237            0.351107             4.07221
7.85094             14.6187            -1.57912
-6.08242             14.4385            -1.44215
5.55142             6.52009              15.114
2.40686             6.36852            -2.10902
17.7621             4.22168             3.94704
1.61091             7.40848             1.55733
6.0202             8.11468             1.81258
-5.29579            -2.51098             5.84015
8.91684             7.36879             13.0941
-17.0624              6.6429            -2.66177
8.29911             8.19982             14.6572
-0.73838             8.04022             15.1724
15.7395            -3.82018             2.96213
-10.7829            -1.36607            -3.71723
4.82972             3.53702             11.0419
8.43932            -7.64411             3.85919
-0.941528             -1.7436              15.527
-7.49313              16.409             10.9285
-0.319013             13.2325            -16.8481
-0.471517            -4.64792             12.9647
6.72728             6.05964            -56.7933
-2.86496           -0.616865            -81.4785
10.1686             6.15195             -40.714
5.79234             4.19965            -66.4681
-2.60535            0.997063             4.52766
-13.2761             11.9631             15.6241
9.15783             1.86067             11.0047
-9.13078            -2.92828             4.01382
9.37779             4.47986             13.3069
-13.5261             12.1643               15.06
13.3617             3.19951            0.102097
0.602011            -5.38024             1.80301
4.88515             11.1833             -3.2218
-1.4555            0.245466             6.14304
17.4157            -7.70434            -2.44556
-8.8505            -7.85492             9.80203
0.890379            -3.48762             0.77194
-10.1588             15.4011             8.38965
4.03116            -4.65084            0.430637
-5.03169           -0.572865            -2.21491
4.68607             8.19023             14.7286
-12.5402             8.94019             3.22823
8.50755            -1.70472             13.2637
2.77787             -4.5087            -2.72914
9.77263            -1.72647             1.06504
-3.68241             13.8962             -1.0527
19.5385            -5.14414            0.608812
7.00051            -3.20953             15.9461
9.01567             11.3738            0.203262
-6.55979             14.9915            -3.89303
9.8909             7.59725             7.40179
1.04389            -1.48205            -5.93744
16.8815             6.04893            -69.5906
-14.0296             13.6709            -62.0969
4.46547            -1.14129            -35.8483
-7.71661            -4.06265            -89.5544
5.0235             7.37393             7.99157
-2.53357             9.28542            -1.21081
11.5601            -4.01783             3.09181
-7.31084            0.780103            -3.17093
15.358             11.5211            -2.76719
-17.1025            -1.82337             11.0793
2.2782             8.47518            -1.92071
5.47061            -1.48372             7.78554
1.90806             8.85078            -3.97286
-3.24647           -0.134542             7.96754
18.1515            0.104915             6.07245
0.219144             -6.3602             1.70428
13.7964            -1.80357             11.1851
0.00736234             6.80014             12.2751
4.51051            -5.53269            -3.73469
-2.85808             10.2643             5.38042
-0.64562            -3.90283             6.73364
4.55656             12.1696             8.07876
18.1957             7.27673            -3.81308
-3.02572             7.82164             4.19999
4.70439            -3.88323            -2.95226
-9.58653             14.4802             12.7543
4.03478            -6.96147             3.00635
1.96677            -7.12564             11.6605
-2.43964             5.63081              3.3535
-2.92288             15.2232             8.59199
3.86382             12.1788            -26.4437
7.09272            -5.29835             7.40526
3.20106             5.44627            -77.7379
-3.97714            -7.73177            -23.7336
10.3182            -3.76289            -33.8843
-6.33685            -7.29971            -12.2173
11.346             11.7061             10.5376
-0.5821              11.012            -4.45717
6.20617             7.72645             12.4603
-14.7181             11.0946              5.7539
16.7279             4.26779             10.9702
-10.5074            -1.64037             8.98753
4.47728             1.03752             11.2196
5.07504             3.21417             2.09701
14.6811             13.6788            -3.49781
-0.781071             3.47113             6.57148
8.73205            -4.17116             8.29616
-9.54559            -5.75513            -4.50899
17.1322             2.27438             15.3582
-1.94877           -0.541996              4.0936
18.9814            -4.98484             7.55659
0.0119172             2.60507             15.5561
2.56596            -3.12075            0.753798
-4.14043             9.00179             10.8662
18.1543             7.58645             2.29038
-1.05854            -3.38681             9.67514
4.01673             12.8162             5.25404
-14.4665            0.263203            -1.85508
12.9005             8.72834            0.857334
-1.66574            -1.21492            -1.68749
15.2503             9.06263              16.433
-3.37125             13.2724             14.6701
11.3629            -1.94097             10.3889
-2.94712             -11.454            -2.90512
19.5667             2.57261            -51.3084
-10.198           -0.281218            -93.6901
7.24477           -0.463519            -75.4484
4.95484             -2.3568            -63.8704
13.9158            0.301674             20.2249
-7.23261            -1.38359             25.8308
18.4683             7.33388            0.610405
-0.343892            -2.96345            -2.32561
15.1353             14.3519            0.932739
-6.05026             12.5571             6.26802
5.52426             2.67845             4.00381
4.8851            -6.25191                9.11
3.2807             15.0545            -1.04275
1.49442             2.27992             11.6087
10.7568            -5.17411           -0.613991
-11.203             2.27548             5.19044
8.60969             8.64596           -0.658152
-8.78754             14.9927             2.20682
8.90622             9.89813             13.9322
-4.99274             8.73261             14.5584
7.46817             14.7148              -3.082
-18.9768             4.77432             6.95755
19.137             10.7221             10.1126
-11.6257             4.73713             10.0621
14.8312            -3.43793              13.874
-17.8934             10.0677             4.33598
4.42807             -7.5192            -2.93974
-13.7394          -0.0920055              2.5527
10.9847             3.50249           -0.703352
-15.4115             15.0193             1.59214
15.6897             9.08258            -8.41157
10.0565            -5.88216             1.34576
13.3396             16.7246            -57.2169
-10.3073            -5.22597             -58.387
13.5839             3.68817             -72.614
-5.28158            -4.40728            -91.6694
16.1318             6.20536             9.22971
3.70682            -7.82038             18.0657
15.0978             4.56965            -3.17343
0.600055            -2.52212             1.56133
14.7489             0.64899              -1.199
-4.2104            -6.63855             5.82366
-0.970651            -7.76039             13.8873
-0.201088            0.729557             -2.3776
16.9628             8.71807            -1.97632
-6.43418            -8.38201             5.30798
10.5462            -8.42924             14.1348
-0.0627044            -0.80041            -2.90441
3.6657             9.24507             12.7643
-4.43406            0.432777            -1.78374
7.37656            -3.79484             9.38154
-11.3338          -0.0903971             5.71745
14.7655             3.64584             6.00728
5.50295           -0.459819           -0.741601
15.401            -8.56351             7.64439
0.798571           -0.467075             2.97361
14.2387             13.3554             8.96634
1.13643             4.05839             12.2136
6.94908            -16.0599             3.40769
-9.46939              7.9675             5.88512
4.45298            0.806898             15.9834
7.62036           -0.646758             4.90751
-5.24145            -2.69003             10.7345
-4.61721            -7.88916            -1.21804
