8.89002             5.86784            -2.06267
-5.95695           -0.254265             4.18318
2.64873             9.33923             -9.4693
4.09801            -3.29566             -7.0306
5.09962            -8.29947             5.78723
9.13109              5.4823            0.869167
-5.61902            0.936839            -4.38154
-6.55088             5.44083             8.85922
-4.4859            -6.52176             8.99045
-4.87538            -5.29412            0.984222
4.57171            -2.33532            -6.95761
-3.88203            -2.15733           -0.921659
-6.64539           0.0589487             3.15377
3.58374             8.99043           -0.176417
-6.91575            -3.25905            -7.17652
-3.68672             3.05556             2.19049
-6.23978               5.197             3.61741
1.65284             5.13138             4.51682
4.17648            -4.90555             9.11861
-5.71403             7.92841            -1.17647
-9.07708            -5.48142            -1.82592
3.49585            -9.24131            -6.14032
-8.83442             8.18964             9.97467
3.57852            -5.35722            -8.84548
7.12056             5.44665            -7.90307
-2.5633             4.49965            -9.91638
-8.05159            -1.30619             -1.1124
-0.323204            -9.78697             6.15741
9.61179            -5.99719             8.24974
-7.30252              7.6104            -4.59672
-3.98472             7.54692             8.37632
-6.26156             1.73467            -2.17908
2.49184             4.89181             7.84819
2.99782            -7.03116              6.8725
-5.36536             9.30601             3.81388
-2.54709           -0.838954              3.6952
3.31187            0.759606             1.95868
-5.42681            -5.75732              1.7777
0.0369852             9.21903            -6.01978
8.90376            -6.42293             2.26295
3.82153              4.0907            -6.89962
7.2695             5.84063            -7.87744
3.13915            -4.36415             1.27293
-8.94773             5.26627            -9.64537
7.41692             3.63536            -4.59702
3.20992            -6.83676            0.680238
0.619583             4.47005             2.66936
-1.55218             1.27384            -7.56133
3.64297            -1.65321            -0.59198
-4.66785             5.36289             2.71093
-2.77035           0.0627412            -9.42511
-1.67887             6.72322            -2.69052
6.93164             6.44519           -0.191952
-0.0922119            -7.95966             3.68114
-7.46721             1.49403             3.54717
-9.12294            -9.78273            -2.86508
-1.76667              5.6099            -2.45216
1.76477            -4.43816             9.19034
-7.80604             4.78426             6.05243
8.604             7.98729             -5.3975
-1.46149            -8.45853             6.67988
5.04033             3.90505            -1.40631
-3.81964            -5.21873             9.92385
9.64319             2.35876             -3.4673
2.73965            -1.02844            -1.14314
-0.968047            0.648134           -0.154105
-2.96579             4.64057             1.99556
-9.66277            -1.85671             1.51974
3.29936             2.13296             8.67673
-8.22901            -2.07863             7.84754
9.07072            -3.36285            0.950041
-8.74447             2.85044             5.59709
4.55856            -3.88157            -8.86532
5.32609            -5.90263            -6.71194
-4.41694            -2.65668               3.614
9.4882             3.29841             9.55504
-6.76015             5.11038             1.50242
-8.96908            -8.72709            -1.72766
4.66568             8.73774            -6.74563
-0.40315             6.31945            -3.09413
-8.6291             1.16338             1.00224
-9.58312            -3.27342            -7.73211
1.29551             4.19538             6.49646
6.27461             2.84861             2.54516
-8.76765             8.45485             -6.4568
-9.88861            -6.39546             -4.1209
-1.25064            -7.80297            -2.73476
3.93567             8.06146            0.343944
0.976592            -7.25668            -7.02383
7.48283            -5.08225             5.58519
8.48232             -8.6404           -0.422681
6.89413            -1.25675             4.13739
-0.690023            -1.14658             7.33877
-7.36198            -2.64046             2.31818
-7.07113            -5.47319            -5.22975
7.23716            -3.88134             1.45435
-4.70931             -6.5508             2.62826
-5.32456             -2.2364             -8.1365
-0.623178             7.32414             5.57389
8.26411             5.38926           -0.882674
1.42644            -0.82522             8.22291
8.18964             9.99145             9.94477
-7.61864            -6.16993             8.27113
6.27552            -1.61748            -5.68468
3.7257            -2.30811            -3.14646
1.76794             4.81368            -6.98752
-7.40623             7.70867            -9.99359
-4.96353               5.374           -0.794092
1.7423           -0.781274             2.48144
2.52754            -7.15903              3.3259
6.53127             1.12735            -1.70852
-0.833766            -3.91339            -9.12764
7.67907            -1.78168             8.18604
-3.88562            -3.89951             1.96844
0.0814943             3.81496            -8.29952
-3.10221            -3.00089            -8.15123
9.85565            -3.19683             3.05857
3.06742             1.49898             4.10779
-7.74132            -1.94809            0.542314
-6.50166            -2.24191            -2.63741
8.18599             7.58201            -7.53288
9.46989             4.67226            -1.88208
9.23827            -2.90183            -1.64281
0.435499             1.36996            -4.55275
8.27144            -8.63981            -3.99337
-0.465407            -2.72112             8.12065
8.87357            0.406107             -5.5035
2.91757             2.17931             6.01019
-6.28834            -5.29431            -8.29796
5.58641           -0.737984            -1.49111
3.82366             8.39804             8.92106
2.73354             5.78881            -6.22433
-1.87078             1.80427             3.19316
5.02304            -7.85182           -0.498357
5.89373             4.50204             4.89486
8.26258             -9.9276             8.41273
-1.16398            -7.34634            -3.31523
-3.37931              9.7201             4.76638
1.42094            -9.07778             9.23765
6.39698              5.9221            -7.57012
7.24448            -3.50649             6.45679
-4.61623             7.44278            -7.04521
-9.00754            0.768072             7.67338
9.99908          -0.0875948            -5.06349
0.0875881            -3.12478           -0.792576
9.12656          -0.0903348            -4.37514
-9.77111            -4.49446             5.61224
7.32536             9.19004            0.979227
3.2783            -8.92117             2.74912
8.87478            -3.03385             1.85157
9.80773             2.82357             7.78802
-1.86651             -4.6855           -0.161748
9.64202             5.34289            -5.20768
-1.5421             9.25932             7.42393
-9.54375            -6.65883            -9.94507
-6.03259              5.4149             2.88125
2.99203            -2.07739           -0.723299
9.61241            -5.86352             1.16458
-9.67406             6.17756            -9.76551
-7.1221            -3.44156            -6.06727
-8.17835            -2.65694            -9.45705
-5.33433             2.90872             7.45197
8.36543             7.96747             9.22261
9.01669            -2.72225            -6.04824
-6.62191             6.60207             6.49496
7.50633            -6.82974             3.50078
9.42106             9.28526             5.54491
8.03278             -5.2974            -8.72921
-9.52788            -8.53511            -8.25587
1.00742             -5.5797             2.67281
-6.08844            -5.38499            -2.98349
-6.3741             4.68825             8.15149
5.95874            -2.70791             2.66456
5.02731             7.70074            -6.01735
-0.196539            0.850856             2.56584
1.61718             1.18809             9.36689
-7.96197            -6.37227            -2.78445
-0.917997             2.50788           -0.465089
-1.31748            0.870871             2.02666
5.66973            -8.73716            -6.56553
-9.93316            0.439142            -8.59248
5.61846            -3.57503            -7.12637
5.63036             3.38621             -3.1019
-1.63945             8.06481            -2.39814
-4.40474           -0.859411            -6.58834
1.57842             2.70931             8.11701
-9.1821             8.06225             8.37306
-2.05145             -5.7906             9.42351
1.45116            -9.16319             1.92083
-9.12626            -6.59582            -5.36364
-5.23118             3.00988             4.84893
-6.84957             4.16943             9.62263
-3.89174             5.59928             2.72469
2.21338            -3.31612               9.816
0.358573            -5.20033             6.47598
4.6198             1.16647             2.92027
-5.48206             3.30974            -1.34861
-3.47832            0.906964             4.50606
-9.03807             -5.5065            -2.75857
5.47639            -5.55738           -0.645466
-4.28267             6.97473             2.16468
9.56254            -5.16408             9.89441
1.34646             4.31317             5.68285
9.04278              6.7269            -4.86953
8.39075            -4.36866           -0.653116
2.61561             8.86806             4.93726
-3.51513            -8.62915             2.12671
-5.96928             3.87162             -9.5631
6.22119            -4.26527            -3.43668
-8.93564             9.62584            -2.31723
5.98924            -6.64266             3.94624
-6.42397             4.27656             -4.5061
8.52747            -9.12656            -3.96495
-0.669093             8.51222             -1.2662
-8.70358            0.654317            -2.92734
3.99197            -5.36575             7.88873
4.34673            -6.01367             3.52794
1.51969            -6.69881            -6.42872
8.24823            -4.32661              2.7842
-8.42198           -0.209967            -8.54152
8.06083            -4.16119             2.29071
2.39344              2.2599             6.19403
-6.61764            -5.18754             5.40006
-5.66195             1.17649              3.7332
-9.75465            -2.64443          -0.0329039
-7.92941            -4.34095             8.94129
-6.22792             8.32667            -3.49106
-8.61333            -1.41301            -3.46939
6.06584             6.58528             1.28698
9.84182            -6.87826            0.630512
-0.893907             2.21686            -6.88467
-7.0456             8.84945            -7.23594
-3.70771             5.33006             4.55184
-8.01548             9.05637            -2.17933
-7.44776            -2.60811            -4.59853
0.112824            -2.40822            -4.11908
-2.85838             -1.0361            0.282897
5.29914            -4.69192           0.0625431
7.69034             5.41826             9.90832
9.89889             5.10941             2.24329
2.59711             1.10841            -7.33659
-6.91745             7.73089            -8.57143
5.36484            -4.57082            -0.58756
9.44016            -3.75532            -8.46134
-5.58247            -2.91912             2.55532
0.460702             6.04467             7.17033
-7.8332            -5.70984             1.51921
-3.65747             9.88738             -4.2378
-4.15297              4.2506             3.19224
-7.36889            0.717668            -1.39042
7.14987            -1.72866              1.8479
6.63578             1.69803            -8.66146
-5.04441            -7.90003            -6.84958
-1.86243            -3.00891           -0.694001
-0.216997             1.05795             3.87752
-3.68432            -1.59003            -4.51995
