6.00146            -1.50487             -4.3852
-5.86657            -1.16733            0.693991
6.83737            -6.20594            -3.80169
1.62084             8.21223             7.68181
-8.37519             3.49437             8.01752
5.36851             3.86944             1.75726
7.76025            -6.23524             9.91028
-0.936308              8.6523            -7.27622
-8.62423            0.319834            0.820643
-9.13114           0.0305185             9.03378
4.33393             4.25459            -3.78216
2.07251            -7.35832            -3.70067
5.06211             3.85022              1.7539
1.58055             7.45903            0.833766
-1.42613             1.26164            0.622272
-9.82025             3.74279             2.36457
-5.51988             3.42112            -9.32981
2.6249             5.10025             9.31791
-0.559099            -3.68206             3.18247
-4.84664            -4.04035             4.85244
9.37956             3.47942             7.42851
3.95795            -2.86721            -4.76211
-5.86016            -9.26481             2.81747
-4.27168             8.33247             1.59886
8.30012            -5.15519              -9.335
0.699789             5.47166            -7.81365
-6.04785             4.87594            -4.86282
-9.29319             6.41987            -8.02087
6.5743             8.94528            -8.43593
3.05734             6.19556             1.91931
-5.8916             5.87176            -9.26084
-7.04978             0.98056            -8.79238
-7.04855            0.699179            -9.01425
7.68822             1.54576             3.12265
-5.57909            -1.74108             2.38227
-8.91324             1.45207             9.95392
3.54961             8.09198            -5.57939
3.46171             2.72073            -9.40489
1.43437             7.70745            0.975066
2.38899             7.06992             3.53984
-5.75182             9.77355            -4.16913
1.30222             4.83322            -6.76901
6.41896             6.97256             4.17951
8.82168            -2.50679            -4.41298
7.42119             4.38032             4.06293
-2.80068             9.82513              4.2494
-3.85479             3.29295             4.54695
-4.08582            -4.54695            -3.99335
3.979            -1.60009             3.34178
7.28385            -4.00861             5.03281
-2.81137            -8.57875            -4.00189
-4.4554             -3.2313           -0.570696
0.318308            -2.47322             6.73391
-2.02643            -6.17695             -5.8797
8.58638            -5.19333              5.6801
4.83413             -5.9154            0.883816
4.81094            -1.11728              9.1821
-5.30045              7.2161            -2.03742
6.72231             7.65526            -7.58538
1.53661            -7.67144            -2.65999
-0.442824             5.07218            -3.57311
6.93594             7.15934            -9.82574
-3.99854            -3.41594            -8.99991
6.81143            -6.47847             2.79519
9.02005             6.43696            -6.06372
-6.09638           -0.621967            -4.08582
4.83016             7.40928             5.58397
-7.28324            -6.63503            0.870693
-9.37132             1.00253             7.44041
0.943632             6.55019             2.68349
6.51509           0.0592059              4.1084
-3.51543             8.82992             2.68654
-5.50005            -7.55669            -3.95367
9.88891             3.22336            -5.24522
-1.76855            -3.43059             2.74972
-2.86813             0.31251             3.50108
5.6093            -4.55061            -6.06342
-9.10733             4.45173            -8.32545
-1.97821             5.21195             7.89056
2.8486            -3.59752             -5.6679
7.9461             6.32191            -8.52809
-6.01764              7.8985            -4.18348
-9.61974             5.21775            -3.36222
7.13309             7.14225           -0.352794
-4.39833             6.04846           -0.282601
3.39885             1.47038             -5.3621
-3.26884             4.09986             3.06558
-1.45543             6.43422            -8.02179
-7.78375             7.63543             7.53868
3.8435             8.71364            -2.25562
3.65368             8.94955            -2.90841
1.54607             8.92758            -7.38304
3.76812            -3.70952             8.54213
-9.22971             9.14701             5.85192
4.17158             -5.4854             2.99509
-0.307321             1.26133             7.47734
-3.3488             -1.9187              3.4315
-4.89669            -4.47829            -2.83944
-4.32417            -1.50853             6.01184
6.41621             2.20496            -2.59835
-6.84317            -6.71651            -7.63054
-3.22214            -6.63472             5.26322
9.49339            -1.31565            -2.73568
1.53935             9.76012             4.73342
-5.31755            -8.82382             -2.2129
-6.274            -8.54854             1.92114
-5.50798              5.7561           -0.613422
8.35139             5.86108            -3.20872
-0.39613             9.55504              9.6765
-2.23579            -3.63109            -3.68419
-1.42918             7.62169            -6.34388
6.53615             7.11295             -6.2331
8.38588            -2.19214             8.56777
5.28916             4.88174             9.93164
8.99838             7.05466            -8.39991
8.97061            -4.99863             4.02081
9.65361            -7.60125             5.38774
-3.63842            -9.55626            -8.28486
-2.18116            -6.66524           -0.431227
5.26627            -3.99792            -8.18537
-9.19858              6.2682             7.22526
-5.37034            0.343028              4.8323
-5.24735            -1.04068             -1.4835
-4.86526             1.05502            -7.08945
-9.34965            -3.95672             3.54503
-6.83035             8.98221            -7.02719
2.82388            0.339061             3.96954
6.87124            -4.82925            -1.83966
-0.530412            -3.15775            0.578021
3.20811             3.25785               6.451
-0.357372            -2.64962            -5.33372
-8.80947              8.1698             2.61483
1.03092             7.53533             6.74398
6.01733               3.314             -3.6259
-8.42341            -4.81368            -4.34431
1.49785             2.24982          0.00976592
-1.71514             1.54088             2.54738
7.15537             8.21772            -2.06763
-9.32371            -6.38752             7.95373
2.22053            -5.80004            -1.09195
-6.61306             2.39784            -3.38603
-4.23536             8.71853             -3.7608
-9.40245            -6.43757            -9.66033
-3.38755             7.87408            -4.84664
5.32456             6.63167             8.70205
6.87368            -7.13431            -3.25114
-5.52599             7.85607            -5.31297
-8.87204             7.58934            -6.70827
8.18171            -8.33979            -5.92303
-8.62239            0.303964            -2.53609
-9.1586             8.88363             7.29575
-5.20951             9.27793             6.86056
0.0976592             -1.3892            -2.62368
4.23353             -6.5453            -3.94452
-6.47206            -6.52516             -3.0253
9.85107             6.48335            -1.99164
-4.05011              -2.725             5.34776
-6.94327            -2.55074             3.19224
7.93207            -1.54912             8.70724
-3.64849            -3.24412             5.19669
0.1236             8.98007             8.52657
5.4622             1.16764             9.80071
-5.78906            -9.75616               4.279
9.77294            -6.09912            -3.71014
1.06388             3.57372             1.93548
-5.3618             5.98956            -7.06626
-2.92215            -9.20377           -0.484634
6.23981             5.25315              9.1586
-0.267342             6.48701            0.121158
-4.54176             3.70342            -8.76858
-1.46489            -8.07642            -4.01624
4.23994             -8.3404          -0.0195318
3.15378            -3.89782             2.23853
7.46605           -0.130924               4.803
4.65468             2.88766             1.65563
9.45585             5.22355            0.978729
-7.8518             9.87121             5.73565
-7.85791            0.893582            -2.92917
-0.341807            -1.70141             9.36369
8.55342             7.26524            -8.86227
-6.14185            -7.28538            -2.32582
-4.53902            -2.64809             -8.8171
-9.59868             2.06061            -7.24052
-8.04071            -9.50774             9.84588
-0.586566           -0.183111            -9.67956
-0.0985748            -5.82354            -1.58238
8.85861            -8.30958            -6.31062
-7.67296            -9.20408             7.61498
8.79543             4.73891             7.27744
7.08518            -4.80239             7.00125
-9.03409             7.99982            -8.05536
5.59832            -9.13053             -7.1749
0.748314             1.02329            -9.86236
1.40172             6.47694             5.58153
0.0402844            -2.06366             2.64016
7.42973             9.12534             3.98785
-0.132145             2.75979            -6.92434
7.60125              3.1254            -7.69066
4.16883             8.44783            -6.76992
-6.4272            -4.28388             3.13303
5.60991            -7.25333            -1.66021
5.75518            0.540483              2.9191
6.74429             3.88653             7.10898
6.98508             3.25449             8.17286
2.97525             2.68471            -7.84295
4.60128             7.34916             5.87054
-7.50633            -3.51268           -0.208747
-8.605            -5.06821             4.41206
-4.11969             -4.9559             8.03552
-0.642109            -6.46046            -5.56444
1.14933            -2.98318            -4.87472
2.54372            -7.94031            -6.24226
3.75652             -1.2714             1.59551
-7.89026             4.58327            0.639973
0.461745            -2.81533             7.90948
-8.32759             8.48415             3.25175
9.83276            -2.64748            -5.89923
-7.94397            0.743736            -7.54845
-0.499283            -9.61486            -9.17844
-2.313            -4.77065             4.79629
-8.57295            -2.53456            -9.22422
5.0853            -9.74761            -3.92041
-7.23106            -3.88745            -6.92373
-5.4915            -1.67516            -7.71264
-0.0878933             3.73852             8.73287
6.08386             1.51677             4.29884
-9.09513            -9.12107            -9.27305
2.71401            -1.94281               6.863
5.48967           -0.832545             1.99042
9.39268             2.24921           -0.418714
-4.90493             1.82073            -2.87454
-0.533158            -1.42033            -3.20139
1.44139            0.243233            -5.45335
3.42936             8.32636            -3.22855
6.53615            -7.19504              4.6025
-5.84399             1.87811            -9.04538
3.0961            -5.20157             8.37031
-8.62728             8.91476            -8.83633
9.83978            0.165716            -7.26066
-2.51259             9.87548            -5.24216
1.34251             7.74255            -5.52995
2.93893            -8.19727             5.56871
2.2132            -6.40614            -5.23301
-8.18476             5.09018             9.92004
-5.31022               4.944            -7.29423
5.48936            -3.16782             4.33119
0.271615             3.07871             1.00955
-8.44996             6.56575               3.502
-6.06525            -1.59246            0.352794
-8.05933             7.93481            -9.45677
-6.05121             -3.9732            -8.53114
0.565508            0.300607             9.68627
-2.43263             6.46168             7.64061
9.08658            0.459914            -2.22877
5.18662            -8.72188             4.28449
3.91125              6.6277            -7.06198
4.88815            -4.38887             0.84933
-9.87671             2.68136             4.27076
5.50005            0.787988             2.09387
9.37468            0.809656            -1.06388
-8.4518             1.34434            -3.97748
-7.70653            -9.94995             2.98257
-9.4348             3.91034            -2.53731
-4.84542             5.30259            0.942412
0.523392            -4.67391            -1.35105
-5.51195            0.719932            -6.21754
-8.77743             1.68981             2.93008
9.0173             7.10959             1.44261
-4.59853            -5.70421             8.55495
2.84219            -2.43324            -8.38527
-5.09934           0.0119022             8.81436
0.668661             8.67641             3.87677
-5.79699             6.90023              9.7116
-7.77276             4.52895             5.16587
4.3611             -6.9866            -2.88705
-5.62944            -5.75365             6.27918
9.15067            0.761132            -9.54649
4.46364            -4.52254              9.0289
-9.11344          -0.0943022            -2.30964
-8.60164           -0.673849            -7.33238
-6.57765            -2.64077            -3.67321
6.04846             -8.0871            -2.73476
6.73177            -5.22996            0.332347
2.03772              4.4734             3.74615
3.48796             4.68154            -5.54216
7.54295            -9.07651            -3.01737
-7.12729            -7.32444             -3.1724
-9.25413            -6.30024            -5.78631
0.956755            -3.04971             -3.4843
-8.46095            0.427259             1.62755
8.3636             -7.2393             8.08405
-3.97015            -3.54534            0.631123
4.39741            -5.66027            -6.29139
9.82604            -1.87902             5.92669
3.62499            -4.61623            -3.55785
3.46263             1.13285            -8.24915
4.67971            -2.57332            0.767235
-5.2617            -5.44389            -6.21967
7.96747             1.37303            -7.58751
7.51793             3.40861            -9.48424
-2.62581             6.25965             9.69298
0.856655             4.57198            -2.01453
-8.29279             5.52965            -4.93545
0.375072            -7.06412             1.03549
2.82235            -3.91125             3.63384
3.48125            -7.94397            -4.39283
-4.98337          -0.0543229             9.34812
-7.84448             8.53206             7.01743
7.687            -8.99503            -5.03891
-2.25166            -3.83007            -6.68355
-8.63491            -6.41865             1.64129
6.78732            -4.29273             1.79083
-7.72423            -4.22712            -8.05445
-2.82662            -5.95386           -0.622272
0.32197             7.54326            -9.60997
9.14884            -7.52983            -3.75164
8.91446             3.16813            -2.50618
-9.22178             6.79495             0.19013
-8.84121            -9.83001            0.684225
-7.7282            -9.56725            -4.76272
-3.16477             2.60964             5.47349
2.8309             9.27396           -0.311899
3.35734            -8.95993             3.28471
5.87451            -9.53215             4.91745
2.76711            -2.95694             8.90011
3.34544             2.75155              2.6075
-4.90493            -9.15098             7.79931
-8.29646            0.676595            -7.32536
-4.79598            -8.78353             6.67806
1.25034             4.28297            -5.38102
5.16861           -0.558489            -3.13211
5.17197            -6.79891             2.60079
-6.38508             6.74917             9.64324
6.59474             1.06082          -0.0347911
-5.98987            -4.50941            -9.75341
6.74703             7.19443             -7.7517
6.82089             3.07016             1.91412
3.71441            -4.99222            -1.09867
-8.03247             1.25217            -5.18998
0.608539            -3.58806             9.14365
-7.39128             7.72759            -7.02139
6.60512            -5.33677             2.05817
-2.04627            -9.92004            -2.89865
8.82504            -7.46879            -4.23872
4.92264             7.59941            -7.25455
4.62233           -0.351268             4.17188
1.1652             5.38285            0.452284
-7.13065            -1.27445            -1.79022
-9.94873             5.70849              4.6733
3.20231             3.87707            0.463576
7.67937            -1.68432            -7.98029
-3.35429             -1.8656             5.17991
-5.44481            -8.76919            -7.21458
-9.29289            -7.80236            -2.07953
-2.71523             6.74825            -2.80129
-7.27195            -9.71496             8.58882
7.06473            0.224616              8.3343
6.17359            -6.34419             9.19523
-2.2663            -8.03949            -1.18656
-9.07102            -2.26173           -0.687887
-0.821558           -0.957671            -3.62194
7.3629             -3.0839             3.65978
8.00531             -3.8731            -3.18522
8.61782             4.86496             5.53636
9.14518            -4.86496             2.82723
-4.29121             6.69271             5.56841
6.32282          -0.0537126            -1.45787
2.71096            -7.78588             5.37004
-1.25645             -1.4835           -0.731223
7.43461            -6.28681            0.944853
4.02356            -6.53401          -0.0485244
-2.5135             2.64901             4.97909
8.79849            -2.85592            -5.30564
5.58763            -2.34993            -2.72897
4.12091             3.77972            -4.03821
8.34559            -6.81051            -2.34901
2.65267            -6.81753             6.59261
-2.97525             4.15815             2.24769
-0.166936              3.5316            -6.01215
-4.02753            -9.07468              5.2617
1.89184            -3.90118             4.74563
8.87722            -9.64721             3.36619
2.55562             3.64788            0.281991
-7.96625            -5.19517            -8.53938
-0.792566              0.0412            -0.66805
9.46501            -8.65688               6.498
-5.23392            -1.71514           -0.801721
3.15989             6.60085            -1.62267
4.8558            -2.26569             7.68761
6.52974            -5.49608             4.67116
-6.26301             7.11875              -3.708
-3.32286            0.778222             1.16733
-1.76733            -9.56267            -7.70013
-2.79489             1.75665             8.82748
0.664388             6.25507           -0.429701
-7.30552            -6.75558             8.34651
-8.23725             6.11255            0.228889
-8.49544             5.32182               -4.55
-8.98648            0.578936             2.30323
-9.00754             4.11878             5.54857
8.65627            -9.07132            -7.82708
8.91659             6.50288            -7.40593
0.0338755             2.16681             2.62307
-4.96292             9.00266            -2.15888
-6.50563             8.08832            -6.26667
-7.57622            -7.24082            -9.08383
-1.19388            -6.49129             7.07907
6.79098             5.48936              4.1081
4.45753             8.75362             2.95145
4.73891             4.31501            -1.52745
-4.79598            -7.08487            -8.50307
0.696738             5.85833            -6.87796
-4.10688             7.15842            -1.98828
5.9505            -2.49031            -1.23905
3.94604            -1.79144              6.8749
-1.20975             8.11762             6.65456
-1.26652             7.75231             9.35728
0.278329            -8.54396              0.9476
6.27186             5.28428           -0.515763
1.34922             4.25977            -9.31028
-7.7691            -1.69439             -6.6155
2.94717            -2.10883            0.829798
9.01242            -7.53899             9.41343
6.40126            -7.67846             1.90527
5.70727            -7.87683             6.57613
-2.05634              4.2732             6.46687
3.89538            -2.95633            -6.61153
-3.49864             3.18064             6.40034
-5.056             3.80993             9.39482
4.06751             9.86663             5.72802
-5.2382             9.81262               8.605
4.18806            -8.03705           -0.257576
0.609455            -8.56471            -2.50526
7.74773            -4.37788            -1.76763
-9.70458             4.73098           -0.674459
-2.17231             7.50023             3.62957
-9.17234            -4.94522             2.84097
1.25889               1.442            -4.32325
-1.16367            -1.86071             8.10236
3.41746             3.23954             7.81365
-2.94137             3.09336            -4.77584
-2.07862            -1.82531             6.50105
9.08231             1.44993             9.20255
0.807825            -8.11823             4.66445
0.0183111            -2.70363             2.22907
-4.43983            -9.85595             9.23673
-3.88897            -7.50023             1.10538
0.54384            -5.75762            -1.65258
7.9873             6.03961            -8.36695
-3.97717             8.23237           -0.621662
-7.75048            -9.19126             4.23566
-2.46162             8.32423             2.25379
1.4951             8.93857             -1.3361
-4.27107            -7.14774            -2.27851
-4.19263            -5.76281            -6.41591
1.46733           -0.977508              6.3564
9.77721             1.99133             9.47569
-4.96902            -8.66878            -9.97467
-5.01053             -9.5407            -2.53822
2.27271            -6.41377            0.378735
5.05753              9.0878             4.43342
6.18091            -2.30598            0.661641
-7.89789             6.79525             -0.7416
-4.61806            -7.94549             1.77953
-7.76818            -5.50859            -5.63341
8.82809            -2.71249             3.12967
3.2374            -1.11789            -1.02664
1.17161            -4.55519            -7.65038
9.52116              2.7607             4.52834
-5.63799             5.44969            -4.46089
3.4904            -9.00754             7.25242
5.29221            -6.35731             2.07648
-9.77233             2.33406             2.07282
-2.47291             1.75481             -9.4702
-3.6198            -2.34748             8.44935
0.842311              3.9082            -1.95837
7.11478            -5.57421             7.85852
-4.67421             8.25526            -5.32487
5.9859            -7.47032            0.383312
1.23905             9.80224             5.97247
1.13712             -1.8543            -4.34523
-8.11731             2.55379             8.52535
8.15363            -5.48418             3.31645
-9.93286            -5.98895            -6.36952
-5.78753             2.23701             4.63088
-9.65911           -0.638447            -6.43635
7.04642             3.56456            -6.89047
-9.49614            -5.25346            -8.28761
-0.176092            0.810572             7.18772
-6.66738              7.0397            0.558489
7.88415             1.88452              -8.081
-1.51616            0.289621            -6.27552
-7.76116            0.888089            -6.01611
-0.321665             3.68328             3.72387
-1.34739               -5.88             3.15409
-4.47462             8.81314             2.71004
-9.84649             8.26014            -9.64019
2.36976             -8.3697             8.40419
-7.39769            -8.53236             9.56572
-1.80151            -8.14417             -7.7929
4.33607             8.68099            -7.39097
0.0268563            -8.82138            -8.32209
-9.19706             2.36152             8.73592
7.29637             7.70135              5.8208
5.6798            -1.78594             6.41285
8.71181            -3.23252           -0.549638
-5.56383             5.81011            -5.64562
0.0946074            -2.84463            -7.40989
6.94601            -8.61873             7.82861
-7.29606            -3.26182           -0.282296
-5.39995            -3.71075            -6.18122
-6.37928            -8.50063            -2.36518
9.96307            -4.95956             -5.5031
5.56719           -0.402539            -5.47594
-2.52785             6.52425            -8.17591
-0.00976592             6.01123             2.88491
-4.46211             7.64306             5.84216
8.58119            -1.67119             3.53526
4.37727             8.03247             7.07511
9.27366             1.64617            -1.77831
-2.16529             -6.0506             2.06336
-7.59758             5.54643             7.24052
-2.95328            -6.17725              -2.172
1.92938            -0.20661             5.39689
-6.74825             5.96728              1.3773
2.28828            -4.10321             2.09967
1.53233            -6.73208             4.34584
-5.74725            -2.17048              5.9563
-5.6212             7.98822             8.51741
-3.89813             2.27424            -2.31422
-5.51317            -4.49141            -1.23997
-6.7159             -7.8048             2.94137
-4.46486            -7.66381            -4.05286
-4.05286           -0.177618            -7.54509
0.868862             1.66753            0.821558
2.12195            -6.69332              8.2815
0.456557            -9.57152            0.927458
8.89828            -9.44884            -7.66717
-8.63308            -8.18323             9.25565
0.672323            -6.10736             4.98062
-5.12497            -2.49886             7.65465
3.25999             9.51201             7.70104
8.85739             3.54411             4.03333
6.85995             6.66494            -3.89508
2.77169            -7.93115             -1.6129
4.5085             4.73525           -0.104678
2.48207            -4.98459             8.29371
1.75329              8.7112             8.34101
-5.3975             9.02097           -0.876492
-0.819727            -8.39747             6.61977
-4.55214            -1.56529            -7.26981
7.39891            -7.85821             1.22105
-0.0683615            -2.24006            -8.01599
3.51939            -4.41053             6.85354
-7.21763             8.91995             -2.8077
7.02597             -3.1254             -4.3614
9.66308            -8.89248             4.31288
8.19147             2.73293             5.78661
5.95965             4.32997            -6.88284
-8.23817             6.11072             4.73891
-2.93191            -8.67489             7.81915
4.25031             9.41465             7.39708
-7.47398             6.82485          -0.0613422
1.38127             4.63912            -7.29331
4.81704             2.48054            -3.70159
-7.65404             7.20237              6.5804
-2.65419             1.98096            -5.84155
0.274667              -9.317             9.00754
-2.95785             6.62526            0.311899
6.44826            -7.65679            -6.56209
-3.1077            -6.12384             6.80654
7.49413             6.43757             3.94635
1.32694            -5.68926             9.41465
3.83282           -0.704062            -3.98389
-4.64675            -9.60448             -3.5371
-1.38981             5.67003            -3.93872
6.93472              6.1568             4.01074
8.4344            -2.57027             8.85403
6.18793             3.85144            -2.21198
-7.03513             5.97064             4.59029
0.534379             8.04773             2.20161
-6.47114            -8.03186            -1.54668
-7.50023             1.87658            -1.83782
-8.28394             8.15516             1.32023
7.27195             6.72079            0.521561
5.50432            -7.91681              4.0434
4.23872             6.92618            -7.04611
3.1312            -7.56829            -5.10025
8.21162            -2.04413             5.18204
4.45418            -7.80328            -7.59514
-3.69884              8.9642            -7.39341
9.56236             5.28977             2.59041
8.68038             7.11509             4.66201
9.57671              8.8403             4.00159
9.73296             3.67443            -9.10367
4.07605            -1.30985           -0.356761
4.36476            -3.71471             2.08594
1.08219             6.64052            -2.69112
-0.26307            -3.67107            -0.18891
-0.0726341            -8.11853             7.85943
-1.1005            -6.69576           -0.823695
0.0894192            -9.17325            0.786462
5.83148            -6.60268            -4.88723
-8.29249             -8.1399             8.89431
-9.28983            -4.47584              1.7481
0.594501             9.60021            -8.34803
2.61879            -9.83825            -8.35231
6.49037             3.45256             6.18458
8.88485             7.83776            -5.59374
-6.15101             4.99008             5.97919
-8.37855             6.42262             7.53655
0.540788            -1.23447              8.7991
-5.87664             4.21308            -8.84884
-5.94226             -6.8508            -6.98599
4.71328             1.99072            -9.20438
-4.15235             3.36375             7.09311
-6.22425            -9.64599            -6.61946
9.93713            -4.41267             1.26896
4.14167            -7.32322             1.00742
9.38353             3.62133             4.85702
8.1637            -5.61571            0.905789
-7.81274             6.60573            -3.14676
-5.38255             6.23737             -6.5685
5.14695            0.925626            -3.35582
-8.83084             2.91482            -7.72546
-1.33854            -3.66466            0.289621
5.30473            -3.49498            0.502335
-5.89221             2.04382            -6.95456
6.14246             9.76257             -1.5186
4.90127            -4.30036            -5.95386
0.968963            -2.41859            -4.32142
-7.64641             -2.2071             5.01053
1.86499            -6.34236           -0.282296
-3.86242              9.3762             1.70568
0.209967            -6.90268             9.15036
-3.61126             7.08029             9.72411
6.81387             2.95816             9.85839
5.43687             8.02301             2.82144
-4.18806            -7.50481            -6.20045
6.49434             4.51216             4.63424
4.11756            -3.98694            0.822779
-1.7774            -7.13797             3.54839
-0.350658              6.3094           -0.934477
9.76806             9.51048            -3.44432
-1.4893            -4.81979            -6.41072
9.95392           -0.193793            -4.41877
-9.24589            0.244758             1.85705
5.04135           -0.874966             3.86914
8.43684            -3.98175            -4.90951
-8.51405            -6.30757             8.80123
-3.61309            -7.54967            -9.87548
7.73339             2.93191             6.18793
-9.35026            -7.61193            -4.96872
5.3151            -5.49577            0.877407
3.20566             7.06534            -9.16135
8.23176           -0.799585             1.19327
-8.41029            -8.49452              7.2512
-6.31214             1.06265            -2.23518
-3.7672            -5.05356            -5.45701
-0.732444             2.62917             7.22068
7.24784             6.83187            0.873745
9.9881            -5.05264             9.25596
-3.60698             -9.2172             2.75704
-6.93808             7.25425            0.946379
-1.29368             4.93759             8.07031
7.12058            -7.70623             8.49696
-6.21174            -4.61837             4.30921
-6.80776           -0.688803             -1.6483
-5.76159             3.04758             5.51012
-0.564592             6.85965            -2.24616
2.32948            -1.17588             8.86715
3.54778             9.91119            -3.60179
-7.19108             8.43013             -5.7213
-4.74441            -8.22077               1.442
-9.96399             7.43461            -8.13593
5.0264             7.36808             6.31733
1.50151            -4.98245            -7.04337
-9.53795            -2.46315              8.1402
5.71368            0.289315            -6.34632
-8.80001             4.64125            -7.29026
4.48286             5.50798             -5.5562
-8.24427           0.0738548             4.72335
-5.90258            -5.35691             7.89483
-2.94382             -8.7112             6.96158
5.66546            -3.85052              7.4163
-4.32234             9.89105            -2.03467
0.925321             7.67602             3.98785
-9.86908             9.25474            0.572832
1.50792            -9.08567             5.04318
-6.58376             2.27241            -3.62468
1.26041            -7.42973             4.22803
5.31449            0.416883            -6.60146
-8.83999            -8.94436            -5.58885
7.53105            -2.82998             8.29798
-8.57509            0.372936            -4.07788
9.70367             5.49333             6.46626
-4.49171            -4.66689             -5.1323
4.52895            -7.66717             8.14936
-0.366832            -7.65831            -4.14106
4.05133            -7.95679             5.19181
-2.05817            -4.46852             7.03116
8.49513            -6.05823            -4.27595
-1.58238             4.73617             2.19855
7.60979            -7.27348             7.71416
-1.72582             7.80511             7.87378
9.79614             1.50731             7.35282
-1.63823             4.03455             3.93262
-9.43876             2.93954           -0.520951
-4.10443             -7.6281            -9.46532
6.03992             7.12302             5.25651
-0.29664             1.08646             -3.2844
1.08921            -5.17747             3.31095
-3.99945            -2.81472            0.285043
1.44993            -6.24622            -4.93149
-0.821863             8.80917            -8.37428
-2.59102             5.73138            0.359203
5.06607            -7.96258            -4.85794
2.50801             4.27107           -0.678426
3.86181            -9.60997             3.92682
8.92361             7.19626            -6.27735
1.27598             2.73263            -4.46821
-9.55412             2.59407             6.05792
0.487381          -0.0152593            -6.13971
9.16623            -4.32112            -5.85681
-6.14124             7.93329            -7.66289
-9.03195           -0.628376            -1.59337
-7.83349            -7.50511           -0.927458
5.51042               5.721             2.68014
-5.62639            0.527665            -3.97565
6.06586             6.82485             5.46525
-5.76952            -4.24177             1.48564
4.32417             9.43846              6.1919
-5.69231            -4.75723              9.3115
2.05695            -4.63027            -9.37681
8.04773             7.38212             6.10523
-6.451            0.786462            -1.90924
0.405591            -1.56316            -6.42872
6.98782            -4.32966            -6.78579
6.35884           -0.657064            -2.18055
-8.93979            -5.91998            -4.47066
1.55034            -3.49651             8.95688
-1.11759             6.70003            -5.68773
-0.736412             6.91122             7.34764
5.38377             9.56175              8.1991
5.68468             7.30705            -2.38533
-5.76556             9.42167             3.13425
-4.74624             6.28285            -3.68419
-7.0629           -0.328074             4.87442
9.57091            -1.39042            0.465102
-7.8576             2.17841            -3.68114
-8.89706             9.72045            -5.91906
-2.07221             2.09296             3.40159
-9.92859            0.292367           -0.455641
7.93481            -1.39012             8.94559
-0.712912             2.51534             9.57823
-4.62874            -4.81735             1.05777
8.43654            -3.44432            -5.65783
-6.30421            0.505997            0.468154
4.90555             7.54418           -0.013123
-1.73925             -3.2963            -1.01169
7.92749           -0.329905            -8.67031
-7.02139             6.80776             3.06009
-2.07465            -2.90231            -8.24488
-9.42045            -7.25028            -5.79852
0.713523            -9.26328            -3.80383
4.39344            0.649434            0.827357
-9.38871             3.62316             4.55855
5.65477             1.19938            -1.43956
4.97513            -1.96692             2.09662
-1.68889             -8.0813             3.05918
1.6715             2.16376             5.79669
-2.2776            -7.56676             1.89459
0.156255            -1.13987            -7.36167
6.74184            -2.78329             2.16529
6.33747            -7.35069             7.27287
-2.97037             1.43345            -8.53328
7.30003            -3.19987            -6.70766
-4.13739             8.25953            0.852382
-0.611896            -6.46657            -5.25803
9.56023           -0.399792             4.31318
5.2617             3.38969            -3.97168
-8.66939            -6.21876           -0.727561
4.47554           -0.172124            0.967742
-3.80505             -7.9754             7.35374
8.74264             5.43443            -9.49736
-9.75158             2.08655            -9.51262
-7.76513             4.94675             1.99194
6.85659             3.94421             3.58959
9.07254            -2.93619             4.69863
1.47496            -3.58348            -9.06034
-4.87655             2.73385             2.10334
3.58318           -0.140385            -3.19681
-3.68755             4.69619            -4.84817
-7.99921             3.30668            -1.36021
-5.50096            -2.48482             5.38224
-3.94696             5.07157           -0.474258
5.23484              1.1478             8.52351
8.95871             1.25217             4.71938
-4.83169            -3.28074             5.59404
8.61751            -5.82476             1.86834
6.24317            -4.09284            -7.15018
4.58052            -8.21894            -7.30369
-1.68493            -3.72753             6.76138
-1.01199            0.699179            -1.83325
0.300302             6.92343            -3.08481
5.19425            -6.02527            0.234077
7.96594            -7.30491             5.86108
-2.94748           -0.995819             1.20609
-5.66881             7.52342             9.66552
-4.82498            -5.48265            -7.41997
-7.91894             8.36207             3.59111
6.09577            -5.40666             7.79473
2.28217             1.02817            -1.67364
-3.55449            -8.05872             4.31593
-0.604877             8.44417             4.13892
6.42445             5.43718             3.85357
-8.05719            -4.64064             -9.6469
8.34132             2.17048             2.79489
4.03302            -7.63909            -9.89288
3.81573              5.3032           -0.148015
-5.45946             1.68035            -6.47206
6.98325           0.0436415             -4.3199
-4.39467            0.630512             2.03009
4.04706             4.73769             1.28361
4.26222            -7.06168             9.70489
-4.9144            -6.07501             8.60652
8.82931            -2.14698              2.9252
-5.32334             8.14447            -1.99377
-1.43132             1.38524            -8.04773
9.51964             -2.6371            -9.95666
-5.16526              1.4893             1.30802
6.54744             8.53664             9.07285
4.08002             5.82812             5.42497
1.65593             4.26191             8.46156
7.07114            0.834071            -6.11652
-9.51567             9.70031            -8.63948
-6.42323            -5.02396             1.09531
9.07102             6.14002             8.25098
-8.05109              6.9863             9.97467
-2.22755            -5.01419             3.42235
6.67806            0.117801              9.2349
-1.39988             -7.8753             -9.9826
-2.72897               1.283            -8.24152
5.49608            -6.37135             9.74944
4.83932             9.18668             6.43025
-1.4359              8.4286             9.75616
-8.85556             7.32658             4.56099
-0.0448622            -1.63335             8.93429
-7.27439            -7.20573           -0.520951
2.35389            -3.19254              1.6419
8.47072            -1.23447            -8.85372
-6.28498            -4.05744             2.74331
-9.06919            -2.75948             9.22758
5.58             9.13236            -6.01123
-1.66967            -4.10321             8.68679
-3.94879            -2.13385            -7.63359
0.0677511             3.67382            -1.99683
8.99564              8.9288           -0.849635
-1.40202            -1.35868             9.96338
3.78155              3.2725            -7.44499
5.54125             8.76247            -3.51665
0.155644           0.0650044             8.25495
2.74056             8.69625             7.86096
8.46553             9.77233            -9.24131
-7.41874             7.87439             -2.3188
4.22132             9.79125             3.28837
-5.06333             -9.2822             -3.9671
4.9733            0.514237             1.97882
7.02841            -7.43126             2.92398
1.27873            -1.90435             7.38517
0.584429            -1.91961            0.538652
5.53392             -6.8157            -2.69845
-5.27573            -3.63781             4.95468
2.74667             6.28468            -3.49834
7.66686             4.85672            -7.83013
9.39848              5.8797            -9.92157
1.20182            0.556963             7.66289
-1.55004             7.12088             5.17014
2.35878             4.92203             5.42497
2.59377           -0.282907            -8.94101
-4.85855            -5.23606            -3.29966
-5.75213           -0.765404              6.7156
-6.592            -6.68752            -3.51115
7.85577             6.93319             8.69686
-5.43626            -7.07053            -7.77703
0.329295             9.15738             6.70888
6.47572             1.33213            -5.03037
-1.919            -3.93811            -4.91897
0.585345            -3.59294            -2.04474
6.78243            -9.74639             1.95593
-9.12656             9.90356             4.64766
2.36579             -8.8229            -9.22697
-7.86462            -9.87793             2.63344
5.25956            -7.86035              4.1435
1.47069            0.659505             5.47441
1.20487            -6.53096            -8.87539
4.25489             3.74401             4.79263
-8.89584             2.45125            -6.35212
-9.4586             5.18174             9.48149
7.38304           -0.648518             6.82974
-4.68184             3.94757             6.66341
-5.03891             1.15787             -1.6187
-1.12094             -2.9429            -2.54128
-5.40391             6.29048             6.86483
5.47349              -3.549             7.92596
-3.06192             5.62059           -0.738853
1.91931            -9.02127          -0.0393689
-2.25379             8.07947             -3.3665
-3.70128            -5.64531             1.35472
-3.44493             -2.9902             1.49358
-5.81011             4.64675            -3.98419
-9.81109            -1.66631           -0.530717
8.33644             3.65154            0.723899
-7.8106             4.56435            -6.48976
0.475173             5.26536            -7.56432
4.93149              2.2187           -0.642415
4.15815             3.32102             3.49528
4.60829             7.48955            -1.80181
0.146794            -5.81164            -8.08008
-4.40077             8.32179            -6.12629
4.35713             8.69137            -1.73009
-0.128178           -0.468459            -3.60179
-4.46944            -7.87591             4.19355
6.9335            -4.72457             5.05264
2.76376            -9.14365            -9.66308
-9.53581             9.40886            -4.96384
6.83248             8.45241            -8.43348
9.41252            -2.37465            -4.78866
1.64678             9.76318             1.36876
7.6101            -3.94879             0.03296
-0.614948            -4.95712           -0.888699
-9.55443            -9.17386            -3.48216
6.01215             2.18757            -6.96982
-3.88348            0.802026            -7.74621
6.77694            -6.20533            -5.03311
2.18604             9.89135            -4.06293
0.344859            -8.13044           -0.812098
-1.85522            -4.85519            -2.28736
1.23569            -4.02844            -1.61565
1.32572            -8.68099             0.45381
8.73226             2.76925          -0.0534074
6.98111             3.95489             2.47383
5.46678             5.22813             1.55461
-5.24857            -2.62673            0.674459
4.29762           -0.183721            -7.09861
3.11655             8.32759            -7.25089
8.76064             8.54732            -3.77392
-6.72903            -9.76592             -6.5276
8.89462             8.03247            -4.31928
-2.10486            0.561846            -9.49065
-5.58214             6.34754             -8.9169
5.64898          -0.0186163            -4.55397
8.9877             3.65368             4.49843
6.19892             7.09922            -5.27696
-6.4626            -5.68377            -4.87716
6.15345            -2.46925             7.94702
-8.66512            -8.78353             5.43291
8.00073             7.15934           -0.869167
-5.86383              8.4582             5.08499
5.54613            -7.42851             -4.1084
-5.7152             5.07004            -2.13294
7.60796          -0.0521867            -4.52437
5.45457             -5.3441             5.48173
7.1099            -6.72109             -7.5396
1.70965             7.57866            -5.06119
-1.65746             6.80166             5.37431
-6.23127             3.16935            -1.12613
-4.04218           -0.633259            -2.74758
2.02643            -8.47377             7.83929
3.94787            -7.02292            -6.54012
7.92871           -0.441908            -8.36665
-6.68966            -4.95743             6.86453
6.75039             8.05963            -2.86691
-2.33222            -6.99423            -4.67116
-9.14853           -0.707114             3.51482
0.270699            -6.57033             6.65517
-8.39381             5.37767            -8.28974
1.57018             9.85473            -3.09824
-6.65029            -8.42586             3.96405
-5.27665            0.987274            -9.61119
7.36717             5.53819             4.74837
-6.82119             3.87036           -0.787683
7.24143             7.05893            -2.68532
-7.73186           -0.325327             3.81237
1.14444             5.97827            -5.35691
7.47246             9.70367            -4.28419
0.698569            -4.04767            -2.03803
1.50822            -5.11124            -6.24683
8.05536             -8.8345            -7.33299
5.98437             2.62307             -4.8262
7.16636            -2.37342            -7.83868
9.87701            -8.37886              4.2732
1.64281             1.61473            -8.73318
-1.44536            0.593585            -7.83105
7.46086             -3.3903            -9.61547
8.48537            -5.48601            -9.91729
-6.52882              3.3607             8.71883
2.5193            -4.18317            -6.92251
9.72625             0.61037             7.99646
6.94693            -8.09442            -1.68584
-1.71636            -8.48201             4.79629
-9.47447             9.22147            -9.70519
0.871914            -9.13907            -5.16312
-1.23356             5.74419            -3.59172
-2.27515            -5.45854            -5.46709
9.98444            -8.15088            -7.45781
-6.23737             0.43672             -9.3054
-4.05591            -3.46477            -6.06708
5.33921              2.5898            -1.72643
-8.38404            -1.00864             5.94348
-5.9096            -7.10501             9.02097
-5.41612            -8.86013            -8.46492
1.36082            -7.98456             -5.8449
3.07077            -1.97241             9.51994
1.1475             7.37632             8.59188
-0.529496             7.10074             7.82556
-6.55812            -5.97491           -0.874966
1.73864             2.41035             5.73748
9.33378            -3.99976          -0.0781274
-7.29179            -7.26707             3.60271
-7.48527              7.1456            -9.31639
9.129             6.37379             2.61391
0.903043            -7.20847             3.16691
-0.488296              8.4753            -3.03446
-3.67534             -4.1612            -4.37971
-6.99179             9.46715             5.77074
-6.6805             6.45711             8.70724
-4.92721            -9.22575             6.84317
-9.28465             0.58565             2.28523
0.938749             7.03635            -7.62291
-9.06552           -0.615253             6.88131
-4.68581             8.41456            -9.95758
-9.67681             4.87228             9.03378
-3.88165            -2.60964              5.8037
-5.5034             1.30772             5.93799
0.658589             1.43895             6.94205
-3.88836            -6.72201          -0.0872829
0.735191             2.52968             3.01889
7.67846            -9.08231            -2.42958
3.59294              9.8413             6.81875
8.9111             7.98975             6.40095
4.08246             7.71538             5.51073
-4.86648            -7.10257            -8.89279
-4.80117             7.92199             6.97317
-6.72353             5.32945            -5.23301
5.48082             8.48964             2.32459
4.88662             2.04382            -9.90509
-1.73467             4.76608           -0.828272
0.0204474             6.76595            -9.18546
2.1012            -3.41075             2.56478
-1.08585            -6.88559             2.46193
-0.610981             5.11612            -8.97702
-7.56767             9.37834            -1.89795
3.38908             8.04773            -2.82296
-8.80062             5.28428            -1.60405
-3.27647             7.52983             8.45637
5.12101            0.284738            -3.84564
7.42729             4.62874            -1.97424
9.72228             2.21747             7.23716
0.496536             3.25999            -9.85809
-2.85562            -8.11853             6.66677
1.69866             8.51283            -5.51958
-7.61589           -0.584429             3.08115
-8.85891            -4.29609             6.95425
5.23026             7.17307             9.46562
-7.92871            -2.41035             6.66952
-3.82183             8.45027            -3.68694
3.47758             4.00281            -8.53359
-4.23383             1.41728            -5.52477
-5.69628            -4.29823            -6.35243
-5.97919            -6.62191            -0.45381
-3.6845             8.79299             7.12973
-1.948           -0.558794            -2.86721
-4.50331             9.96216             9.33653
8.41121              1.2476            -2.59102
-3.89782            -4.27412            -4.33271
-3.36375             -5.3444            -7.10013
8.98953             6.10401             8.65291
-7.60613             1.11759            -3.95703
6.85354             4.30525             7.37022
-5.38713            -4.28663              9.9826
6.97592             4.95804            -5.50523
1.236            -4.36262            -1.71606
-1.38585            -6.40034             6.64418
-2.97739            -9.00662             2.15522
5.03159            -6.34358            -6.85812
4.14716            -4.23536             7.74743
1.94983            -1.91717            -8.91537
-8.35047            0.373852             -3.4666
-1.24577            -8.09809            -7.88476
-9.75738              8.6578             8.74752
2.06549             4.47096            -5.81469
4.18317            -2.63619             9.33164
9.89441           -0.826746             1.46977
-0.306711             3.23008            -5.95904
-8.87753            -5.00443             2.38075
6.76382             7.72546            -6.56758
7.68761             7.90826               1.948
4.38948             2.37953           -0.468154
-1.01596            -6.95791             5.29801
-0.0177007             6.92557             7.13767
-6.29048            -6.68691             -5.2678
-5.2092              8.3462            -5.00656
6.9451            -9.97559            -5.53331
-6.35304             2.09235             3.24198
0.796533             1.79876            -2.76986
7.99554             2.68258            -8.18995
5.98529             5.58031             5.05295
-5.25407            -3.61248            -2.19489
8.84884             6.56178            0.767541
-0.0161748             9.96612            -2.14179
9.20316            -3.26456            -2.31117
-5.57482             7.28446             4.52406
-0.0900296            -3.36802             3.11167
1.62755            -8.40175             9.42991
2.34809            0.422987              6.1919
2.45308            -7.31742            -3.72875
-0.636311             -9.0228              8.9349
-1.79388             7.00858            0.256661
-8.02973            -4.57442             3.09977
4.79659            -7.62902            -1.13987
-2.2541             5.95599            -2.75674
-6.51997             4.07605            -5.84338
9.31913             1.30375            -6.87918
4.27046            -8.62911            -4.30982
0.932951             5.25529             9.14335
-3.62987             6.57674             8.93979
-1.9657             6.36708             6.25477
-1.72582              1.6834            -2.37831
4.54207            -2.44972            -9.09848
2.331             5.22324             7.40257
-7.41264             5.39048            -9.47905
-2.00995            -8.43898            -6.84744
-4.25367            -1.98737           -0.387585
1.00101            -4.85794             1.77801
-3.802             9.60723            0.874355
-3.08939            -7.19718            -1.20426
9.42442             1.33885            -8.97305
-1.63518             -4.8619              2.8251
-7.15445            -1.06662            -8.95596
-0.429395             3.53008             7.83044
-0.621967            0.670492            -3.74462
4.3907            -9.27061            -9.91577
-9.91424             5.75335             0.82461
-2.56386             7.31956            -5.62944
-0.484329             9.01944             1.74841
-0.665609             1.28452            -6.25507
-9.04172               8.052            -2.51991
8.79452            -3.40983             6.82119
7.09525             2.90872             6.08203
8.15455             1.86285             -1.8543
-0.84872            -5.00076           -0.011597
4.95529            -8.06299             6.32679
9.5703            -8.34712             3.65886
-6.30634             7.08304            0.192572
4.75478            -3.76598            0.528581
-8.18323            -8.39869            -2.19581
-0.535295             2.13752            -5.02121
-5.63921             3.96222              9.5114
3.15989            0.774255               8.905
6.6277            -7.01376           -0.498978
-5.18967             3.44554             3.39091
-9.33348             9.41984             4.67269
9.61791            -5.94775             8.63277
-5.04135            -8.96329             3.13791
-1.63427            -1.55522             5.14786
-0.549333            -2.07282            0.522477
2.49489           -0.468764             2.31086
2.18451             3.29203             1.99622
-2.16132           -0.757775             8.91934
3.9079             1.55248             2.69539
-6.3094            -1.52165             1.17496
0.986663             6.30543            -7.88049
-0.186468            -8.30195            -5.47227
4.56404             5.02457            -6.79769
7.92932            -2.44209             8.39717
7.39708            -8.76431            -7.68181
-2.51228            -6.35243            -5.59282
-3.31919            -5.60747            -1.90619
9.82421             1.71545            -5.84094
-8.86441            -4.19538             8.19697
1.6129            -3.88775             8.14142
1.20457             2.37037             9.32463
7.55364             9.25871            -8.96512
8.38435           -0.501724          -0.0497452
-7.62535            -9.47783            -5.47105
-1.97516            -6.60237             -2.5248
3.68297            -3.42662            -9.55443
5.0499            -2.05969            0.144353
-4.73403            0.875576             8.39869
5.95172            -4.03638             9.22422
5.30992            -7.17887             0.97354
7.04337             4.49446            -6.09363
1.63915             2.36702             7.90979
-3.64574            -7.72057             1.52409
7.39463            -6.84072            -5.62731
-8.00623            -9.31639             1.05594
0.793176             5.80798            -5.79485
2.61147             1.21891            -5.05539
9.07651            -1.90344            -9.31272
2.72774           -0.609455             2.42164
6.09577            -6.29261             1.39561
5.95386             6.83432            -3.06253
-5.16617             9.29655             2.15796
-3.08573            0.959502             2.78237
3.73089             8.38801             -6.6509
-5.93524             -8.5345             6.36952
-0.00396741            0.565813           -0.826136
0.178838             8.80398             6.62496
-5.83911             3.87097            -6.63472
-1.11881             4.27717             5.16037
-5.86444             5.40574            -1.67974
3.58806            -4.39833             1.18412
1.7066            -6.90909             7.76666
-0.483413            -7.41539             3.51451
-3.10251            -9.97223             9.58647
3.70464             6.58406             4.89425
6.16352             7.61711            0.886258
-2.94839             1.86926             2.63222
4.2259             3.41868            -2.05908
8.06177            -7.54051             1.87445
-9.87426            -9.93408             1.38188
5.74602           -0.761437             3.69091
9.07682            -1.09531             3.41594
7.60857             7.71752            -5.88794
1.2125            -4.74929             3.55022
-0.0802637            -3.18949             6.26545
-3.31889             7.84204             8.64437
-3.8609             -8.1283             2.21015
4.40382             4.22529             1.38951
7.50725            -8.83694             -3.2551
7.41081             -9.8178            -1.66265
2.87088            -2.19398           -0.847194
3.62682            -8.24427            -3.00119
5.47502            -5.09903            -8.24976
-8.25404              8.3047             -7.6635
6.94876             -4.3263            -9.53581
-7.75628             8.92483            0.793786
-5.46373             6.41865             6.27522
0.706198             -3.9201             4.22315
0.0772118            -7.43614             9.96704
-5.44267            -4.14106             4.67635
-2.15735            0.514542             3.85662
-1.14475             4.67696             0.87344
-7.95373            -6.55538             5.67309
-5.20585            -5.98315            0.423597
-7.09189            -1.19419             9.33439
0.266732             6.32862            -1.81402
8.5992            0.759606            -5.00839
-0.240486            -5.09659           -0.410169
-5.20951             2.43294             9.37071
7.31895             8.43715             1.45817
4.47188            0.579546            -7.66655
-2.61361             6.83889             8.89126
-7.76482             3.41258             2.58705
2.93466             4.60219             -7.4984
-2.02216             3.08603            -8.17011
6.54408           -0.189215             9.02158
0.0119022            -9.20347             6.26698
2.77871           -0.286874              1.1771
-9.62462             -1.8421             4.77218
-5.45213            -5.34959            -3.80413
7.11905             6.77969             -7.0629
9.1757            -6.67867             9.45647
9.82818             -3.9021             7.20267
-2.46681            0.975066             8.14783
-6.73757            -1.05136            -1.64312
2.91391            -4.02203             -8.7637
6.86026             1.05106             1.70202
-9.07712             6.97043            -4.22712
1.67302           -0.608234             8.22108
-2.41646            -2.86416            -5.01114
5.32182             7.47063            -6.77725
-1.61351             3.79101             7.33238
-1.09104            -7.85211             4.89669
-2.45949            -6.64571             9.57244
1.01077            -1.01505             -8.1164
-0.252388             4.18409            -4.39161
3.69335            -3.21665            -5.75579
-9.62981            -4.07697             5.90045
-9.81353            0.292367            -6.10279
0.224921            -8.31019              2.3603
1.30467            -8.15394            0.656453
-6.70919             -4.7383              6.4803
5.59648            -4.72976            -4.36354
9.92248            -8.18049             -8.6578
-6.31123             6.57704            -9.65026
3.17026               6.339            -4.80087
-3.04575            -9.81719             2.79153
-5.58031             2.34687            0.843837
1.3773             9.45128             7.96197
3.97504            -7.07419             2.03253
-6.37898            -4.71328             3.47514
-7.23594             -6.7864             7.72362
-4.89151            -2.21229             2.48177
3.86059            -1.51769            -3.10099
-9.8764             4.40321             2.97891
-5.64135            -2.91055            -9.05911
-0.567949            -9.70885            -5.69201
9.29991            -3.48735              1.8421
1.16733             3.59264             9.40672
4.81948            -8.64559             6.08844
4.64858             8.34742             7.97632
-5.32731            -4.31928            -9.92615
-3.20505             4.52986            -7.68853
-9.95483             3.51146          -0.0299081
9.13846            0.134892            -4.24512
-9.41557             9.99145             9.23887
-5.87329            -5.93951             1.52867
-5.30107            -3.64788           -0.762047
4.51369             -8.3047             5.81347
-9.58739            -5.52995            -2.40852
-3.15531             5.25773             5.44969
1.79846             7.71477             2.86721
-0.343333              9.2053             3.47087
-8.95718            0.142827             -1.1652
-6.81356             1.35563            -5.37187
-9.08353            -9.60997             1.22623
7.25272            0.154424            -2.68044
3.88287             1.50822             7.21519
-2.50282             9.93927             1.16581
1.58055            -8.94406             3.35154
-8.67611              7.9339             6.84591
-7.92108             2.66335            -5.32853
9.26786             8.80978             9.61638
3.3665             5.20249           -0.645466
-5.83239            -7.61345             9.57793
8.76797            -9.92828            -3.31736
8.35536             -5.1796             1.23051
-1.48717            -6.53859             5.77197
-4.35743             6.40065              1.9068
0.377514            -5.30198            -8.59676
2.27973             2.22236            -9.33592
2.42256             9.13327            -8.32881
6.03839             2.19153            -5.37278
7.44438            -1.76946            -6.01611
-0.0824            -7.04978             4.89517
1.38218             8.05658            -6.00909
4.0791            -1.52104            -6.92923
4.43251             4.95499            -6.64724
9.71557            -7.30277             5.48814
9.11924             -5.5739             3.43822
5.34196             6.59169             6.60512
-6.34816             9.56175             2.21564
-3.4962             8.54396             1.88513
-5.95447            -7.82891            -5.87359
7.99677             6.07257              3.8554
3.43486             4.03333             4.86618
-7.56462             9.63469              0.6592
7.69158            -5.84185            -9.95392
-8.01813             9.35789             3.54106
6.98386             1.87567            -6.94632
-1.27934             -8.2934            -6.26942
-3.11686             1.76519             8.69045
2.97006            -8.96573            -7.47673
-8.44203             3.07779           -0.496536
7.49779            -4.01135            -1.05411
-7.76696             6.32832            -2.88034
-6.51082            0.773339            -2.47932
9.01242             4.06568             1.13742
-9.66643           -0.525529             -6.5746
-3.65459            -8.40938             6.13544
-2.05786              6.7687            0.862148
1.92694              9.6292            -6.03595
-6.66982            -5.02304            -4.73922
-9.63805             2.67861             5.71093
-9.0524          0.00976592            -4.30403
4.58541             5.26078           -0.642109
-1.37059             6.27674            -2.15461
2.12348             6.24134            -6.32191
0.257271            -6.48061             7.03726
2.74178             3.34147            -3.88562
3.77544             8.89157             6.13453
0.785852             0.22248             9.13724
3.52916             3.52489             9.28983
-3.93292            -1.60924            -6.51051
-4.76852            -5.85131             5.80706
-8.99899             7.23441            -3.13486
6.49831            -9.55504            -6.91519
-2.32795            -7.35374             2.24891
1.35228             6.55629              6.7568
-3.6549           -0.653096            -1.00955
7.59941             4.71145             8.15729
2.19733            -5.76861            -6.51112
9.32463             2.53334            -2.63985
-4.07331            -6.65822             6.81845
1.88391            -7.17338            -3.47545
2.17597             -5.9032             2.28004
-4.3379            -8.01172            -2.20985
-4.6733             4.95621             7.55028
5.05966             4.79507            -9.37773
-7.52098             2.64809            -7.90704
-7.27378             7.54814            -5.18967
1.10538             9.13572            -5.81133
4.1847            -6.76778            -2.19367
2.53822             8.19483            -6.48183
4.87197            -7.89148            -5.42894
-4.52925             2.59041             5.81103
8.464             4.98337             2.72652
0.380566             1.40233            -1.47801
-1.55034            -6.27186            -4.78683
3.71929            0.944548             9.83306
8.57875             9.79614              7.7221
-2.38868            -8.51772            -8.35353
3.35337            -2.30445            -6.17084
-9.6942             6.91855            -7.38701
7.98853            -9.86419            -9.08994
4.17524             3.67229             6.79403
-9.96826            -5.69353              -9.176
-2.55043            -8.57509            -4.21888
-4.64461            0.762658             6.81814
0.633869            -2.61177             3.29142
5.74328             6.92312            -6.75771
5.19333             6.88314            -3.37596
6.55019             2.05329             6.51662
-7.06015            -8.07703            -8.73898
5.64959            -3.12601             6.37959
-3.64666            -3.53221             5.50707
9.60509            -7.49535            -7.52495
-8.57479           -0.286874            0.735496
7.11966             6.31581             4.06781
8.63369            -4.94095           -0.590228
-1.17374            -8.09442            -2.52571
5.03372           -0.956755             5.28336
3.70495            -6.16657             4.81765
8.11548            -3.39274             8.27387
-7.81579            -2.66518             4.60036
-3.61614             4.28755            -7.56829
-1.4835            -4.53536            -7.77978
-5.47319             1.23905               9.017
-0.608539            -5.60564            -2.65999
-6.27338            -3.36589             6.50899
4.16395            -3.90698             9.67437
-3.02255            -9.10764             -3.2197
-6.51143              6.5627             1.19755
4.22956            -5.41185            -2.76345
7.81274            -6.95395              4.8619
5.54735            -4.04706            0.528886
9.19645             1.68004            -5.29008
-6.7214            -4.31257             4.88083
1.15299             9.39634             5.51439
3.54045              -8.558            -6.50624
7.79504             1.11942            -6.79373
-6.1626             3.87738             -3.2841
-2.36549             3.34941            0.317392
-0.839869            -6.43391            -8.84701
6.98782             2.53273             2.66915
-6.92129            0.253609             6.77236
8.32789             3.35002             5.15091
6.34632             6.35975            0.339366
6.88192             5.18357            -1.37059
9.9002            -6.93991             1.23112
-7.23746            -2.24128            -4.17432
4.50911             9.20072           -0.748009
6.11011            -4.39863                8.24
-0.102542           -0.834986             5.23728
0.548723            -9.11283            -4.76272
-4.27137             9.91852            -4.80911
-6.59078            -1.04007             5.84338
9.37651             2.75887              2.2425
-5.16434             6.47603            -4.72823
-1.15879             0.05768             8.52962
-3.3842             5.68316           -0.185247
1.5183           -0.884732            -4.03333
1.81585            -8.86746            -5.26139
2.19886             1.73284            0.972015
-8.08588             2.18818            -8.74081
-1.93365           -0.516373             5.14054
0.577715          -0.0631733             8.03583
-8.36329             9.05728            -3.71746
-9.19156           -0.357982            -1.23722
-9.02982            -8.65505             2.89712
9.44426            -1.09714             9.90814
4.21247              7.9516            -5.18937
7.87042            -2.36091            -9.13511
-9.53642             6.78304             2.82998
-6.91             6.26301            -3.65459
9.43999            0.269173             2.02948
2.59133             2.61238            -4.72854
4.94247            -0.31373            -4.06568
-4.49538            -9.29655            -8.18079
1.99377            -3.17515             4.71206
-1.02725             5.80157              5.8208
1.22868            -8.13501            -4.44868
0.147099             6.91916            -6.63778
-7.47307             9.71465            -9.58403
-2.68868             2.74911             -6.8981
-9.09299            0.687887          -0.0506607
8.45759             1.93121             -5.8919
-4.4734              1.5128             4.51674
0.712302             8.78536            -2.74606
-6.84774           0.0222785              -8.764
-8.63643             3.04697            -5.77441
0.587176             9.54222             0.36195
6.25111            -4.33393            -5.44725
-3.184            -0.25544            -2.66243
6.1742             3.65062            -1.55583
-8.72677             3.88745             5.39201
-3.89599             2.39296           -0.690634
1.9834             1.88543             8.82168
9.13755             6.66982             8.08222
8.47133            -8.46065             4.91867
1.57414            -2.59438             4.34187
6.37104             8.38618            -3.28196
-5.02426            -7.74773            -9.00479
-2.12256            -1.58757            -3.27403
3.3549             6.53554             5.19639
-4.1908            -8.52321             7.84478
-9.13053             3.90301             9.55016
-0.150151              8.4167            0.343028
-8.60225             4.06751             4.86923
-2.09754             2.83486            -4.38612
-0.351573             9.86938             6.25721
-5.72405             6.07562             9.83306
-5.91601            -5.22629           -0.746178
0.448317             7.70745             6.38142
5.36851            -9.29167             2.12989
-3.01096             7.52556             1.46977
5.29191              7.4987             2.94168
6.18122            -5.48448            -2.31971
-7.1453            -2.97891            0.633869
-8.93429            -5.03952            -4.30799
-6.94632             3.10465            -1.19541
-5.87176            -4.05347           -0.703757
8.68404            -1.39439            -6.97958
3.0726            -9.24986             3.33995
-0.231941            -5.98987             2.65145
6.1504             4.33699             1.31901
-7.96869              -3.567           -0.126957
-5.39567             4.69893            -6.59444
-1.09684             3.20963             6.44978
3.67321             9.13602             2.45705
-5.04105            -9.62249             3.95367
6.51387            -7.83044             4.91104
1.50884            0.398267            -6.07532
-1.82897            -1.75542             8.78689
-7.13889            -9.11039            -1.01505
-0.13947             8.36055            -1.57811
9.29502             6.00421             5.39567
-6.37288            -7.85516            -9.55626
2.84219            -2.32215             7.34642
-2.44209            -9.96521              4.0199
1.8247             -3.9848            -9.32951
-7.17338            -8.95718             -1.8131
-1.15726            -6.78457            -1.73132
7.98303             1.22074             4.72335
-1.98401             -9.6466            -5.07981
-8.25983             1.05502             8.33552
6.48274             6.11438            -7.88476
-6.92129             2.73843             3.59142
-9.8648             8.31233            -4.87381
3.35795            -6.75527             4.95132
5.38896             -3.4257            -2.98105
-3.17789            -1.42247             8.90744
-8.61965            -1.51524             6.13971
-9.10245             4.39131            -6.94723
-6.15467            -6.47664           -0.968657
8.24183            -7.80206            -9.10154
7.91314            0.393689           0.0671407
-3.11045             2.55074             9.23978
-6.99179             6.73879             4.10779
0.309458             7.35862             2.50618
3.40739            0.983306             4.48195
-9.10978            -3.44646          0.00915555
-3.90149             9.58251             -1.1655
3.44493            -1.80334            -7.28629
5.7213             1.09134             1.97241
6.29963            -3.57524             2.47536
-4.0965            -7.76116            -5.71215
6.44459             1.22623             8.73196
7.29911            -3.43974            -9.21262
5.14328            -5.09873             4.50484
5.92425             -5.3853             2.95022
-6.0979             -3.0665            -6.10401
0.625935             4.76485             8.40938
6.76931             6.38325           -0.738853
1.2363            -4.57137             8.51741
4.53047            -8.83328             6.21693
6.23188            -5.56322             6.81753
-8.17621             5.13871             6.92953
1.13376             1.95502             -7.6986
5.3151             4.52071             5.94623
3.914           -0.168462            -5.26048
0.424512            -2.59285             1.16611
-1.02786             7.25272            -8.48689
-8.04254            -5.65081            0.851161
-5.62243            -1.84729             1.59001
2.00537             -2.1366             1.68981
-5.95813             1.06449             6.92923
6.0329            -2.88125            -2.09723
-3.44157             2.60262           0.0265511
-4.56984            0.880459             5.97186
2.09845             4.10108              -8.193
6.88345             9.11985            -8.86776
-1.10782              2.3722             2.31391
-3.21238             7.55913            0.752892
5.39476            -5.02396            -1.79571
-0.532243            -4.07788             8.44783
2.50008             7.30857              1.6306
8.49147            -5.22019             7.72454
-3.26731            -9.08811             4.43129
4.53139             -7.2045            -1.17801
5.5388            -1.82836             5.18998
-2.37403              2.1366              4.5439
-0.317087            -4.76913             8.82931
-1.2125             4.93515            -2.45247
4.93454             4.11939             6.47145
-5.29618             9.37834              5.8681
3.97504            0.571001            -2.09052
-6.43788            -3.19712            -8.95932
2.22083            -9.79125             3.01675
6.52333             -8.4814            -4.09467
-1.02817             9.19462            -1.92999
4.61562             1.10263            -1.34373
-6.5099            -3.35795            0.730003
4.99649            -7.65404              4.4966
-0.963775            -1.25462             4.26832
9.67772            -6.77419            0.488601
4.40748             -2.2425            0.620441
2.85989            -9.95331            -4.44166
7.06656            -5.74175           -0.609455
-6.6982            -1.23356             9.59105
2.52815             2.98471             8.92361
8.8461             1.87262               1.377
-1.20609             9.40153            -8.63918
-3.84564             1.29826             9.23063
1.0416            -4.34584             6.53584
3.71319            -5.77776             -9.2758
3.25785             2.23426            -4.48408
9.35514             7.41539             7.61223
-1.69622            -6.99606            -8.70937
-4.92538             4.62691             8.22321
-1.08432             1.29185          -0.0698874
-3.20566            -7.37602             3.17209
-8.74844             4.46883            -0.93234
2.75033             -2.4134             -6.8392
-2.02429             9.96368             -4.0144
-8.19422              1.8482            -1.73498
6.24256            -5.07401            -1.94159
-4.97909              8.7701             2.21778
-1.82196             4.93728             9.49004
0.0897244            -2.65999             -5.4091
-0.0759911            -9.45647            -9.79858
2.43904             1.16794             -7.0748
1.93548             8.02515            -7.50084
-1.55858             -9.7766             5.40696
8.28486            -3.48338             1.97333
-2.50069            -3.15653             8.78842
1.16153             5.03891              9.0051
9.54619             7.90521            -5.98132
7.99036            -1.15543            -5.36729
-2.75765            -2.06702           0.0241096
-2.51411            -8.90439             4.32264
-0.800806            -8.66726             1.65746
2.44575             7.22098             7.21397
-2.06915             4.63607             5.62853
-1.2949            -9.20011             -3.2667
-5.23637            -9.27274            -4.95987
-6.61489             4.18744             2.79855
-1.15665            -3.96954            -5.47716
-5.29191            -5.31175             4.43312
1.80548            -3.63903             6.80837
-4.72335             3.41319            0.930815
9.935            -6.29536            -7.97235
-3.04392            -5.38591             7.08945
-6.5865             6.88528            -6.78213
-8.22382            -4.97116             3.10801
3.76995           -0.936308            -3.86792
-1.11209             8.27113             4.09894
7.76269            -9.14487            -5.43321
7.60399            -5.96576            -7.30735
5.85406              -1.948             5.11734
-6.28864            0.636311            -9.31669
-7.18314             9.63134             5.83728
-6.48427            -1.99774             2.34596
7.87439            -4.84725             8.42586
-3.68664            -6.45253             7.89453
3.19285             6.89718             6.57125
1.43284             1.46031            -3.74432
-6.17695            -6.88101             -8.1988
6.64754              1.0242            -2.93771
-4.42213            -6.21937            -3.30332
5.94806             7.35343            -7.02902
-5.60198             4.26679             8.57234
-9.39909            -6.76046             6.94296
9.21842           0.0518815            -1.18564
-2.03009            -6.30543             -9.4174
8.18323            -4.84237            -9.21201
8.40754             2.86905            -1.45787
-0.408948              2.4839            -5.23301
-7.79534             9.49187             5.81713
-8.90011            -9.56359             4.56984
-3.35887             6.16871            -3.40831
-0.0878933            -3.63598            0.877102
4.55733             5.13199          -0.0796533
-5.66576            -1.28666             1.28605
-3.70373             5.19578            -1.51219
-4.10504            -4.93881             1.88787
-1.82379             7.25944             7.44591
-5.74297            -4.27564            -3.42112
-1.70843             4.80636            -1.23875
-0.950957             1.22654            -7.84143
-3.63567            0.444349            -9.11893
-5.77013            -2.86569            0.208747
-7.94824            -3.44707            -1.73345
4.7264            0.582904             8.32759
4.69466            -5.16709            -4.90463
-7.5927             2.72897             6.01642
-0.175787           -0.294504            -3.15775
-6.87857            -7.88232             6.08325
9.71282             3.51695             4.85824
-7.07755             3.17087              7.1981
1.51097             4.44319             7.87164
-6.39393             -2.9545            -6.24165
-4.42122            -9.91577            -5.86657
8.10907            -3.90332            -5.53179
-8.87997             -3.3314            -3.90667
3.13883            -9.32188             3.87616
-1.67913            -6.54408            -4.11512
8.94223             4.72518             -2.9255
-7.64855             2.59407             4.15784
-4.02905             4.43525             -7.0394
1.11362            -8.16706            -9.36827
-3.11197             1.55126            -7.07877
-3.3845            -4.52864            -9.73693
6.72018            -7.35435            -7.47276
5.73717            -6.03656            -2.00323
2.07678             7.22648            -2.79153
-6.68416             7.35984            -0.92349
-0.504471             4.80575             6.18305
-3.97046            -5.56871            -8.73928
-1.79144           -0.563066             8.60225
-2.00446             2.49641             4.15174
-9.10428            -1.55797             6.06708
0.516678             7.47276             7.98914
-0.389111            -2.03803             3.44737
6.43727             1.96081            -8.46797
5.04227            -6.05029             -8.7756
4.51949            -7.02811             -0.7828
9.16898             9.58647             3.02774
-9.36003             3.18155             9.89959
0.28901            -7.21183             8.00409
-8.44295             1.19358             8.19391
4.0672             2.93191            0.568865
-8.90408             3.33964             7.17307
2.8605            -3.41105             6.39485
-6.11225              8.2345             1.20396
9.80804             9.89074            -1.66265
-6.17939            0.450758            -7.21427
-4.06384             9.47233             8.24183
-3.35276             9.55565            -3.95154
-3.91491            -3.08115             7.88049
3.18552             -3.3726            -3.87341
6.0744            -2.69265             5.18113
9.66399            -8.43287            -6.29078
-2.77474           -0.487075             8.84152
-5.3563             -7.9284             8.30958
4.53108            -3.80535            -7.06137
-4.36354            -5.32395            -6.61122
6.9393             8.30134            -7.42698
-4.66842            -1.32817             4.47188
5.84185            -3.81756            -5.17258
5.64714             4.44807           -0.842616
7.85119              -9.494            -7.82586
4.25367             2.08136            -8.11914
-3.87982              2.6664           0.0286874
5.98895            -1.32511              8.5931
3.18552             6.54225            -1.09928
-0.454726             7.58141            -2.80709
-5.76464           -0.629902            -0.88992
2.33345             5.95721             2.35084
-2.99203             1.75451            -7.95404
3.25724             -6.5566            -1.29063
-1.41057            -8.42799              9.2056
-4.50636             1.34373            0.691855
-3.82305            -3.63262            -3.40678
-1.04099            -8.57112            -5.77074
-6.53523             6.95151             3.17484
-0.285958             2.01422            -1.42766
3.03964             2.70425            -3.03629
-0.581683            -7.76452            -5.42711
3.80779            -2.56081            -5.60808
-0.574358             2.27088             -5.6328
-0.481277             5.26902             5.49974
-8.24854            -3.01431             4.67452
-1.83538             8.88485            -2.27363
3.10099              8.8226              8.4875
9.68352             8.48781             1.00711
3.32499             1.71697            0.578021
-6.66311             1.06296            -2.92184
-8.10053             7.50298            -7.87561
5.83605             5.26017           -0.444044
-9.40245             9.36491            -2.86721
5.48509             3.36802            -2.17414
4.40016             -8.7579             6.67379
2.66884            -2.32521             -4.8207
-4.77187             -2.1131             4.98398
-7.24876             6.14063             2.45949
9.35667             -1.5894            -9.66918
-5.44542           0.0186163            -9.74517
-7.76147             4.52498             9.60326
-9.84039             2.98196              6.1919
-1.07334           -0.643635             -1.0416
2.26234             7.13218             4.60036
-7.95038            -9.67467             7.06595
8.54183             4.13617             9.37284
6.34785             6.13239             3.35582
-0.834681             9.30326            -1.11911
-9.19889            -3.80657           -0.156865
5.44237            -7.00156             3.80566
-2.77047            -1.27232             3.98633
-2.95846             4.38307            -1.03732
5.43504             2.73049            -3.67016
-4.4969             9.70855           -0.113529
8.42952             6.93411            -9.92859
-3.83435            -3.20994            -7.51946
-5.12986             2.14209            -2.19367
-1.91534            -8.70205             8.74355
7.64367              8.1811             -6.9219
8.44386            -9.23215           0.0387585
5.403             9.05637            -4.55855
6.57064            -6.26362            -1.14536
6.17328             -2.3954             3.83099
-2.16346            -5.41581             7.40684
1.69378             6.54469            -8.38313
0.115055             8.91446            -8.31843
4.33882             3.67168            -8.21253
7.80541             1.87689            -8.62728
-3.93719             8.95688            -3.15165
-1.49266            -2.63283            -8.90316
-1.48564            -3.16538             4.01685
6.2682             2.67037             6.27583
5.18143             9.82055            -5.26902
5.52843            -5.82812             4.01471
0.23896           0.0885037              7.3516
-2.99295            -5.17899             2.08594
3.58226             9.60387            -3.52092
-0.292367             -6.0036             1.00345
-3.97443            -3.03751             1.25187
7.40501            0.537431             9.42656
-3.71654            -5.52812             8.38618
2.9194             1.04831            -3.32408
-5.95599            -6.33869             5.39109
7.53075              8.5284             2.36244
8.14844            0.620441            -3.63018
8.57021            -1.09836             8.70937
3.56578              1.1008            -1.66936
-6.97958            -5.38804            -5.98773
-5.18509              4.1908             3.62529
-2.22968            -1.89825              2.8309
6.07257            -5.66576            -1.62114
6.47633             7.96228            -7.71172
-3.76568            0.920438             4.82803
-8.02087            -5.60533           -0.636006
9.37132             5.13627              6.5746
7.13034             -2.6426             4.19172
-1.41331            0.756249             4.85427
-5.72649             9.97497              2.5483
6.13422             4.67544            -6.50136
-7.63268            -2.53121             3.59783
-6.19129             6.78945            -7.59117
9.20804            -1.85705             -7.7163
4.80636            -6.26545             8.49971
2.56508             1.26164            -7.89697
-8.60103             3.30912             -7.7813
-6.40095            -5.95355             1.50456
5.8919             3.60607           -0.838038
4.00983             6.91824            -4.84237
4.36018              1.2241             3.51482
5.58702             4.76028            -9.40825
-8.95657            -4.85031             -3.5081
-3.64818             -4.4908             -4.3611
3.9964             3.03018          -0.0738548
7.6162            -0.64272             -4.5793
-8.79482            -7.85455            -1.21525
-7.53471            0.303049            -9.02066
0.193487             4.51796             3.55663
-8.77895            -5.97613             1.15757
4.19355            -7.64031            -9.75036
0.734581            -6.84988            -3.26548
8.83084            -5.40819             7.72729
-4.00647             2.28919           -0.587481
7.73064           -0.747398            -1.67486
4.01196             1.48198            -1.11209
4.65102            -6.09577            -2.52693
-5.09323             4.35011            -3.10984
0.0451674             6.17145              -2.266
-9.75707            -7.37724             6.98782
7.49474            -2.70058            -7.67907
3.62468            -0.13123              1.6187
-7.02017            -7.56737            -1.64525
9.33622            0.233161            -9.39909
-0.0366222             7.60063             9.83306
3.30119             2.59011           0.0686666
3.31004             6.41438             4.04248
-9.06095            -9.12107               2.125
2.96823             7.64519            -6.67806
-1.3419            -4.20484             -3.6198
0.656758           -0.822779           -0.121769
-6.9512             4.93545             2.61238
-8.55312             7.22922             6.46931
-3.66039           -0.198675             2.70852
-4.42579            -9.67315            -3.31553
-7.49168             4.88174             2.26844
8.50276            -8.41975             6.40065
3.49528            -1.39744             8.23267
-6.80197             -6.7748             6.09577
-6.56209            -6.43391            -8.33399
7.10593             5.31877             8.26167
-8.1872            -2.64992          -0.0347911
0.0860622             4.73312             7.12699
-3.72997             9.20408             2.02612
5.54765            -4.85397            -4.81918
-3.78613             7.75353             5.87909
8.52443             3.20872            -5.23484
-4.09619            -8.15851             2.64107
8.35932             1.18137            -5.35783
2.17994             6.82119              3.0958
2.10852            -1.26041             1.12766
6.87704            -6.61946             2.29591
7.93268            -5.89038             3.81787
0.42848              7.0278           0.0982696
-0.792871              8.4582             2.81198
2.9133             2.49001             1.00803
-8.0401             1.19266             7.96991
6.99362             -2.6719             9.94293
2.55074             -4.4496             5.63341
-8.29157             6.13788             6.79006
2.29499             8.29432              3.0604
4.54848             5.49211              3.1315
3.72112             -1.6773             2.88614
6.26728              3.3784            0.452895
8.49239            -8.12403             8.36787
-4.06171            -1.17374            -1.84027
-5.07736           -0.921659            -7.92779
-4.67513             1.99072            -9.80682
-4.76211            -6.61611             0.10712
9.83184            -2.98746            -2.75796
-2.05542             4.36689             3.73089
-1.01627             -5.2092            -2.93649
8.48231             1.73101            -9.11985
-0.171209             8.49025            0.729087
-2.57912             5.87359           -0.819117
-2.40852            0.621967              5.2559
3.87799            -4.40107            -6.78335
3.42174           -0.231635            0.381787
0.921049            -3.14463            -9.51506
-2.58522            -7.92077           0.0103763
-9.25321            0.589312             7.58568
3.98572             6.40492            -7.93542
1.03763            -1.47557            -7.44438
-3.13669            -3.93109             6.93106
-9.78576              6.6512            -1.79357
8.0694            -2.37098           -0.366832
-7.81213            -3.77117            -8.23115
-1.17405             8.37153            -8.71609
-6.82943            -5.18052             6.65822
-3.81695            -9.00418            -4.13221
9.64537             -6.5215             2.32215
0.606403             8.76553          -0.0332652
-9.65514             3.53557            -9.59227
-5.52995            -8.78719            0.622883
-0.83346              6.4217             5.87664
9.22178             -7.9577            -8.73257
0.571612            -2.22602            -1.75665
6.65151              5.6035           -0.550554
-7.1688            -7.32414            -8.66054
8.75118            -2.66121             3.94513
9.36399             5.35112            -5.49852
-1.2125             9.15128             4.44258
-3.19529             2.21015             6.88223
0.114139            -6.47969             0.77517
7.98212           -0.275887             4.06781
-8.42097             9.93011             1.44047
4.56984            -9.86724             1.90802
-1.02542            -5.83758             6.25233
-1.42644              8.7344             7.06442
0.0787378            -5.72741             3.58592
-3.95245           -0.962859            0.792566
-8.14875             -2.2599              -6.245
-5.75762             6.54378            0.037843
5.52751             -5.5501            -7.78191
-3.87127             3.20078             9.56297
0.994598            -9.43724             8.01904
-9.17417            -4.12152            -1.69164
3.7904            -1.92969            -2.61727
4.99832            0.242317             5.19547
-9.74151             8.50978            -8.12555
-7.09555               4.991            -7.11631
7.61742             7.55058            -2.24433
-3.2725             4.09162            -7.22221
4.16761          -0.0183111            0.310373
7.18436            -4.46028           -0.499283
-9.10764             7.12516            -4.49049
-4.30677            -5.61907            -4.90127
-5.88977             5.94623             -3.1315
5.24827            -5.66607            -5.74541
-1.60253            0.466933            -5.39995
8.51955             2.92093            0.891751
1.08341            0.299081             1.96692
7.96014             5.16953             -8.4405
7.53807            -7.68822             7.38548
5.42405            -2.19642             7.37327
-5.88458              1.6596             5.10941
-3.32804             5.28733             7.60582
-6.93655            -2.46467            -3.18308
0.519425            -0.83285            -5.53819
-1.64892            -6.14734             8.62667
-4.86099             5.35142           -0.669576
-6.23585            -4.30677            -2.79397
3.21116             7.38395            -4.40687
2.26844            -4.23139            -9.68261
-0.360729             9.08078            0.105289
-2.13477            -5.76769             5.60198
9.20988             8.13257             9.89288
-0.721458            -9.82421            -2.99875
-1.28147            0.252083            -5.16007
-0.148015             5.53575             4.85519
5.83605             4.92019           0.0595111
7.04978            -5.09995            0.151982
3.59233            -3.86456             7.12424
-2.55196            -3.33842             6.69851
-3.67473            -3.93536            -7.50847
4.94858            -9.47478            -6.38813
-6.08142             4.97238             1.57048
-5.41581             7.60277           -0.942106
3.01523           -0.146489            -4.83047
-9.16013            -6.17939             4.64461
-7.04093            -2.38685             6.00482
-9.40184            -1.80731            -5.76037
8.51192             7.06534             4.06354
0.850551            -4.87259            -1.46764
5.26505            -9.42808            -6.36311
-4.0202            -0.46144            -3.49773
-0.506912             6.53096             6.08997
3.16813            -3.72448            -4.51064
-6.30451              8.9111            0.794702
-0.0323496           -0.653096              9.7821
6.45039             8.20185            -0.91525
4.15906            -9.41038             6.30238
9.9115             4.56252            -4.16944
9.68261           0.0976592            -3.11991
-0.853298             3.44035            -4.75967
9.23948             8.45088            -3.97259
-9.61333             6.04938             1.74017
-9.45036             7.63207            -7.17429
7.21732             3.28043            -4.90646
-0.401013            -8.34162             9.62218
