-52.1021             7.18237             9.75025
2.95307             13.9282            -215.355
-138.366             9.28656             20.1853
-108.054              7.0187             -54.641
-208.141            -238.876            -1.16216
-105.433            -39.5216             34.1579
-55.9756            -44.4856             11.9703
-64.4122            -88.6694             3.75601
14.3681             12.6885              12.772
-4.44833              8.7427             1.41988
8.15903              14.351           -0.151383
14.5666            -114.334             -5.7948
-100.696             11.5473            0.177982
-49.7989            -37.3857             8.12492
-71.6649             7.18613             12.4868
0.779387            -109.928            -2.16781
-69.1481             10.1742            -1.64008
-56.4923            -55.5478             8.02937
-171.327             7.25239             5.35703
16.3094            -143.567            -2.10744
-127.02            -98.4858             16.1052
-88.5844            -60.8616             16.6602
-17.1338            -27.1378             19.3739
-17.2781            -171.159             1.82124
17.2849            -55.7239            -5.09056
23.8031             -55.624             2.15138
-166.219              11.888             13.7232
4.22172            -167.889             7.29614
-92.5636            -92.9421            0.725428
-56.8022            -72.2641             4.71514
4.09135             1.48991            -1.25481
13.33            -99.7522            -39.1893
8.29962             24.3538            -122.317
1.38965              5.4422             -265.02
35.57            -3.24835            -134.496
-42.8435            -2.32557            -193.846
-106.039             21.2772            0.515312
-41.6495             12.7148              23.529
-247.262            -4.71877             7.36991
-112.728             16.6427             18.5292
-70.5821              2.2382             12.6634
-53.872             12.1751             5.81477
15.1659            -7.96614             13.0194
11.1542             28.7182             20.5612
17.5556             15.6778             20.1947
20.2734             3.22216             3.71941
12.1996            -7.04464            0.672575
11.4321             23.8744             17.4843
-147.899             14.2225             6.75418
-41.6723             16.5159              10.858
-122.985             6.54693              8.6841
-134.729             13.6128             17.1052
-60.6754             10.2845              18.683
-20.9006             8.09554             2.57999
18.2195             13.6112             17.8875
7.77456              30.796             13.6549
-123.401             8.31122             17.0889
-18.7625             14.8711             8.46788
-6.06175             12.0272              1.2012
-76.9731             29.2896             15.8917
-121.862             21.3252             15.2577
-38.2251             2.61514              4.3431
-163.873             19.1528            -89.0141
-88.7063             20.4351            -5.73681
-90.2549             9.76647            -132.482
2.37564            0.578031             19.4781
0.0533479            -1.73375            -2.47654
10.048             12.0745            -76.5175
-97.2299              16.904             8.51597
-56.9983             13.2701             8.75019
-283.037            -3.77618             1.95954
-158.236             12.8963             2.44374
-109.938             16.7878             6.26757
-56.1473             16.0631            -3.01553
-157.629             11.6264              11.949
-64.048           -0.178052             5.98592
-176.805             5.11783              10.636
-111.286            -1.44653             9.56208
-68.0527             11.8448             1.16936
-60.8486            -4.83249             3.86412
-108.737             7.78344             3.32076
-67.5751             9.20887           -0.218948
-221.168            -1.34355             10.5155
-139.107             7.95754             11.6578
-67.5094              1.6873             13.1212
-43.1483             9.63609           -0.751767
-217.832            0.222875            -4.40753
-38.5427             4.59914             2.03299
-55.8344            -0.74775             6.44195
-43.9775             9.20893             1.32637
-220.361            -1.70746           -0.776503
-49.6173             4.92182             10.0102
-139.745             11.7205             5.14665
-124.397             14.4569             12.5456
-90.7801             15.1416           -0.554883
-135.343            -9.34243             4.58632
-180.301             14.5638            -205.489
-46.7651               6.524            -209.581
-136.569             6.37317            -68.7088
-68.56             7.55245            -108.222
-49.8247             14.3829             33.0058
-10.8547             2.87973              35.408
-195.827             3.88234             6.11053
-95.076            -2.32824             4.42048
-156.773             1.04945             11.3627
-96.391             1.07177              6.6753
-105.502              1.8543             8.53959
-126.662             4.01193           -0.411999
-116.975             14.3217             14.3777
-76.9573              5.7855             15.0181
-207.141             3.42076             14.2036
-123.637             10.0603            -1.79422
-184.746            -1.40995             10.5389
-119.056             8.17422             5.37124
-18.8385             2.59962             12.7489
-104.65              2.5268             14.0801
-150.597             6.96036           -0.507684
-47.2437               21.93              13.435
-74.7328            0.851586             13.3972
-122.391            -2.58631             1.47129
-143.554             7.69373             2.33531
-66.5935             10.9963             5.67119
-87.4951             5.95084             19.3414
-134.545            -3.54085               7.488
-43.4317             12.7663             14.4079
7.06061             15.5534             22.0191
-178.754             16.2928            -10.6276
-147.498            -3.28622             7.28759
-188.584              15.208            -242.679
-52.1437            -4.40635            -72.4433
-208.889             4.63162            -49.7089
-122.013             4.61937            -132.605
-115.083             17.8418             25.5055
-75.3101             7.04819             19.1055
-185.059            -3.92214             8.46388
-136.929             10.9078             13.1253
-117.494             11.7445             19.4604
-111.123             3.43578             3.42225
-229.259             5.39735             2.94685
-137.442             10.1806              5.1131
-104.942           -0.204383             5.38516
-48.7164             10.6654             6.35138
-165.397           -0.356797             7.16101
-122.664             8.42537             5.74743
-167.103             1.88539             20.2108
-110.168             8.43968             15.4719
-36.0969            -1.07749             26.1289
-52.1364             7.29194             3.12474
31.594           -0.626162             1.04024
8.07037             5.98943             15.9959
-257.29             1.34803             6.62743
-44.0446            0.164085            0.782993
-115.592             7.43885             10.9626
-85.7441             15.6797             13.6457
-5.43507           -0.289723             6.44398
-38.9782            -6.06868             19.4539
-47.8731             2.14888             10.6427
20.9047             10.5637             4.40445
-80.0611             19.7539            -4.83389
-130.109             5.92977            -25.2581
12.5951             2.15633            -61.4606
16.8548             9.03255            -171.456
-178.905            -13.6115            0.257581
-101.051             -6.3956            -139.999
-125.971             5.83737            0.134235
-117.335             14.0495             19.7963
-178.562             6.31209             1.91646
-179.167            -2.22912              5.1019
-160.465            -2.32321             16.8091
-101.468            0.613195             2.68999
-43.8489             5.80529              12.248
-106.074            -2.19992             6.52305
-160.658             15.7499             16.4309
-26.0872             11.5752             7.01223
-15.8447            0.130182            -1.35846
-88.5027             11.3322             8.32047
-163.451             5.66145             6.86507
-37.0697              14.157             11.2859
-77.999             -6.5393             6.48681
-54.7235            0.467966             10.6228
-75.147             14.5564              8.4502
-23.9106             9.87846            -2.77938
-221.498           -0.307724             10.1956
-142.136             5.82306             18.1674
-117.842             10.1812             17.2575
-70.4223             7.34978             11.1445
-223.765             8.27471               12.97
-64.897            -5.49599             14.9872
-80.7054             14.7435             6.64411
-63.5484              5.2148              10.779
-138.456             7.47868            -56.4246
-75.927            -12.0551            -10.7335
-137.897             20.0242            -139.346
-14.3003             -3.3774            -163.175
-191.102            -1.53757            -5.01192
-126.881            -1.74761            -173.419
-159.155             15.6875             19.9971
-122.097            -0.51417             37.0182
-67.2822             7.85484              1.5649
-138.292             10.9004             17.3077
-116.139             8.35494             16.8195
-39.7908            0.385979             21.6648
-28.4873             13.7663             9.34212
-34.6861             2.08134            0.361226
-110.745              10.145             5.07635
-50.4375             12.4286             6.04857
-199.558             7.97933             19.7963
-95.1275             3.33319             11.0114
-125.892             4.85773             7.94113
-116.486              3.1365             6.12269
-180.202             2.27634            -2.52058
-129.147             10.2671           -0.925802
-121.323          -0.0689969             11.9582
-105.304             9.30865              6.8319
-175.491            -2.18411            -2.91093
-171.488            -5.93556             10.1832
-125.848             6.78865             2.87519
-107.961            -2.65144             15.6193
-205.523            -3.38854           -0.940804
-160.203            -6.03961             11.8801
-171.152             14.2556             2.24696
-117.021             13.3056             6.99385
-58.7747             12.2497             6.83309
-142.389            -2.52584            -2.13282
11.5298             17.4311            -63.6977
11.7128            -51.0783            -134.186
-149.049            -18.1101             1.67229
-115.709             3.79751            -177.411
-110.002             11.8894             24.2352
-156.938             6.07913             21.2809
-139.162            -48.5933              6.2246
-104.087            -2.79364              11.284
-99.3255             5.03173             18.4753
-74.6476            -9.67315             5.91688
-138.375            -12.4761             14.3235
-91.8739             5.05909             7.35898
-139.094             9.93055             1.74504
-80.5264            -15.4015             9.01094
15.497            -8.60526              7.4472
-61.2898             5.15727              3.1391
-123.239              5.1056            -5.07079
-35.6367            -0.77544             2.61581
-126.9            -33.8939            0.680253
-167.506             17.7137             8.30359
-128.134             4.58867             10.7534
-143.844            -11.2214             4.70828
-125.45             -45.042              11.696
-165.252               16.78              1.9564
-110.775            0.625059             11.1215
-118.073            -8.10724             15.7183
-167.827            -40.0682              15.663
-173.34             4.86543             19.3983
-97.4501            -0.94035             6.01297
-63.6213            -11.4041             15.2042
-64.9255            -17.5351            -2.73755
-72.9685             7.98012            -10.4852
36.0124            -136.367            -172.008
-4.30867            -11.5262            -192.393
36.7898           -0.598888            -123.716
10.4862            -152.723            -5.59154
29.5528            -98.5188              12.004
3.16566            -115.587             35.2195
20.3099            -52.1218             12.4893
16.4113            -138.508             2.15908
20.0238            -176.752             11.6728
13.0643            -96.8278             12.0607
20.0102             -111.65             15.7408
10.9143            -11.6344             12.8906
25.7401            -149.334             12.1814
5.35235            -55.2129             20.9747
16.2063            -118.852              3.1144
9.55054            -81.9448             12.6453
20.706            -108.404          -0.0886602
15.0726            -59.8038             11.2353
39.5811            -128.399            -1.76178
13.6637            -141.837             1.02766
27.4561            -121.615             13.7862
7.31802            -106.652             16.9236
13.3408            -118.047              -1.375
8.68231            -147.998            -1.35825
16.4616             -128.94             3.67662
8.27631            -102.324             6.24162
37.2777            -107.151             16.7745
13.054            -100.484             10.9478
25.0485            -100.485             12.2677
18.7935            -73.5954             15.8461
12.4464            -137.984             1.23336
13.6765             -111.03            -101.499
19.5133             17.8131            -103.527
-1.94688             10.8055            -267.939
28.0964            -4.44384            -173.103
17.4315             18.0057             -166.52
37.0206             24.0778             35.8624
10.1835             10.6618              33.739
45.3643            -1.05739             17.0566
17.6417             25.7529             19.5403
21.9453             27.0043             12.6135
7.71314             10.8217             7.36111
12.5367             7.86731             20.8174
25.3083             11.7884             17.6742
17.1244             26.0733             16.3599
11.4099             7.87994             9.69575
25.5778             6.03787             8.09496
25.9769             7.92386             5.77916
30.5813             35.2086             17.2777
10.2601             16.7424             16.3543
28.5679            -2.03259             6.91461
19.1348             28.7591             20.3337
20.6277             35.7237             10.7255
18.6883             2.79461             21.6025
12.9053             4.53436             13.2236
25.8988             27.0119             5.22335
25.9696             39.2958             10.9781
20.4394             4.53322             8.85027
22.4775             2.60922             11.9868
24.5428             14.7145              1.9342
35.1451             23.1609             17.7294
14.0276             16.0738             26.6121
35.4295             11.5322            -2.22494
20.4093             16.1814            -12.6046
13.1742              12.336            -102.925
-1.88973            -1.29919             -230.85
13.8579             -5.2849            -110.582
11.703             3.31985            -175.021
26.7529             9.20739             29.4364
8.35635             20.2962             35.2065
37.3752             5.75285             4.99945
14.6052             7.93932             10.4561
15.453             3.19043             17.8435
11.3838             11.4756             19.1183
39.6862             2.40185              18.718
15.9398             1.03802             7.84467
31.209             3.88168             2.28877
5.73528             3.42963             3.67047
28.1274             3.00909             18.7108
11.4513             11.3974             18.1857
23.2713              4.5151             5.91927
2.16792             15.9188             2.82287
30.7852             -0.3732             14.1686
22.198             4.43897              18.441
19.4251             16.4751             10.9768
16.6338             13.5376             15.7369
34.6758            -6.62531             1.89651
23.0851              10.778             16.7062
6.48416             20.4013             20.9381
12.6687             16.4517             7.69788
31.0554             4.61452             15.3339
23.688            -4.84398             4.56858
30.1212             20.1187             15.1025
16.9917              12.856             16.0219
17.8769             15.2303             7.87146
23.704             3.34995            -15.1695
21.7039             21.1879            -158.315
10.1578             1.69038             -5.5557
22.35             9.46421            -103.609
11.1604             4.36213            -104.349
18.3401              2.9926             38.1314
18.6993             12.4387             4.39278
36.8928            -4.53288             13.7595
13.4017             9.35012             14.4191
33.6142             15.3694             18.8098
12.3681             16.9523              17.941
25.8536             -5.0908             18.5874
25.2553            -2.14029             14.8305
33.8474             20.6138             9.32651
12.9832             13.3846             5.61317
41.5151             13.6773             6.62545
13.2269             -5.2417             6.39485
38.6603             14.5555             11.8691
10.7191             9.43864              10.716
12.0913           -0.490299             15.7205
21.0718             7.92699             5.21644
30.4607             10.5175             5.88833
10.5555             14.1117              12.327
16.826             13.2205             5.56489
29.25            -5.74572              15.316
32.5195             15.7763             15.1374
9.40865             1.90719              6.8848
19.5795             11.1019             1.91475
23.1734             12.2553             14.6368
16.3312             20.5133             19.5148
3.98195             11.3678             11.9341
29.0645             7.75967            -28.2367
21.4554              1.1811            -9.65551
31.0483             22.6529            -123.525
5.00704             13.4424            -235.794
38.984            -6.61662            -83.3849
24.3882             7.19153            -81.7308
23.2745             8.00793             12.1209
0.817312             14.4784             35.1339
45.5344             9.22574             17.0503
9.40052            0.467162             17.3672
31.2254             14.1152             19.9257
6.98795             19.3462             15.7353
31.8268             11.8717             15.5928
10.7966             2.05184              9.7138
14.2754             4.58648              12.874
12.4718             4.56311             9.72399
30.6398            -5.28736              15.324
29.5698             6.64769             18.8254
33.1904             14.1032             5.28861
20.0659             21.6263             20.5662
19.944             4.57936              3.2588
21.313             9.38686             15.4127
13.4908             3.98111             15.2751
5.0971              1.9106             21.4208
44.1901            -3.29831             20.4885
11.943             6.89608             12.1676
23.3435              2.3259             9.54838
17.6891              18.119             11.0434
27.9981             11.2641             21.0945
14.4593             5.32646             3.64684
9.41362             9.47512              13.707
3.5848             6.95532             14.9997
15.2238             15.5999            -17.5597
18.9095            -4.80387           -0.564068
15.1112             8.68084            -183.058
-6.37074             7.20539             17.5292
47.3498              8.2677             -76.289
15.2716             8.53271            -99.2849
32.9846             14.6114             32.3019
12.9671             19.9953             19.0049
35.2017             7.64219             13.1532
16.4004            -2.16599             12.5171
27.3157             13.3039             20.0388
10.5005             6.56692             17.6857
28.5154            -3.89198              19.982
20.7681             -2.7058             10.6522
30.6975             12.6365             14.6376
5.56752             20.7837             9.08236
20.8483             8.15834             7.15028
20.2458            -6.03084             3.86916
38.5628             12.7449             4.29353
19.5262             13.7749             3.15056
18.6377            -5.68687             17.6853
18.943             6.98596             17.3939
11.6772             2.63901             9.03319
9.98878             14.1286             16.8873
46.8076            -5.99217             13.9674
18.0455             0.97993             4.58217
23.216             12.0951             7.65311
20.8486              5.7603             20.2007
35.6731              11.923             17.7239
17.7886             2.95474             13.9317
17.2578             6.21345             13.2312
1.2553             20.0718             20.1599
32.0832              13.345             3.21554
36.6534            -1.23799            -9.17023
32.4192             19.6468            -160.081
11.5815             4.16221            -28.7504
29.0742            -2.97501            -122.366
27.9203             3.81657            -41.3979
37.3904             12.1924             34.1162
20.7095             8.14888             21.9342
31.2402             4.24768             8.30621
21.0245              9.8641             7.54205
22.8622             16.4703             10.4733
14.1767             2.73813             10.2545
23.5758            -5.23396             16.1605
11.6598              10.087             9.22849
35.4566             17.8705             5.06933
7.80739             10.8258             8.49253
41.7691            -5.91473             7.55358
12.8346          -0.0916993             7.50556
35.069             19.4441             17.5678
9.23001             20.5199             14.7413
45.8096             -1.6313             3.09936
16.5815             3.75911             11.1467
25.3846             6.20702             16.4116
12.5471             8.34803             6.63188
33.1924             9.43445              5.1693
21.5152             6.45951             15.5997
24.2605             7.76584             7.78367
19.5707             11.8374             12.3299
41.8406             3.64375              10.265
24.1523              11.145             11.7174
26.6602             14.1176              9.4144
6.6065             6.20476             7.53576
17.3574             11.9146             4.64027
25.1823            -13.7225            -37.3178
24.7916             21.3509            -143.231
17.9173            -10.1624             -132.91
31.7221            -5.99088            -159.899
12.7953             8.20695            -57.4881
31.5759             18.8826             27.9359
12.5117            -55.8912             17.6237
27.0614            -22.0204             6.10868
12.2331             5.51079              22.308
32.5627             24.1504             12.2635
18.242            -13.8798              11.367
28.8728            -13.2013             1.45876
26.0746           0.0571043             12.1696
24.0904             16.2244             18.9431
10.2302             -72.143             18.2137
23.392             -14.081             6.88036
30.2932             14.3173             7.96784
22.1255             12.6694             3.71699
19.8772            -42.0099             1.77498
32.9547            -25.5472             4.98781
16.7633             5.63363             20.5294
34.4255             24.3706             14.4181
28.6146            -12.7011             14.5171
23.3711            -11.4135             16.5603
20.734             12.4803             19.7939
22.2788             15.0915             5.34273
21.381            -43.1021              10.508
27.8567            -20.5284             18.9628
17.1915             9.64886             6.46497
25.6172             22.7294             10.7211
22.2029            -57.0699             13.0086
22.6847            -2.18496             7.42337
26.4018            -8.32462            -50.2934
19.4237            -109.574            -62.9476
-10.6098             6.32597            -218.574
15.3076            -132.902            -126.072
11.2584            -61.2527            -40.6862
7.8681            -152.559              8.7109
15.4605            -21.7767             29.8862
24.4196            -72.4105             3.21282
18.3783             2.47893           -0.214335
20.106            -138.974             11.7082
11.6366            -39.2858             14.5221
18.4508            -54.8603             9.08259
-1.18626            -82.5071             14.7226
16.1879             -43.508             11.3584
13.2357            0.240254           -0.524131
24.3539             3.92158             14.7978
9.52283            -199.294             -5.0364
13.7954            -165.077             7.67967
11.3554            -66.9353             15.4562
20.2572             -83.981             5.11672
7.99333             20.1257             10.7743
24.5428            -107.352              10.903
6.26462            -31.8449             12.6057
14.4786            -107.634            0.654378
0.595078            -126.316             12.6416
23.9815            -167.889             12.1207
8.17844             -85.907              16.913
10.8354            -70.9394             2.39466
11.8505             3.55026             9.32526
13.0741            -117.546             1.93144
10.4298             7.64292             4.70084
7.04211            -72.0049            -17.8963
5.68601            -59.6913            -74.6688
10.7462             31.8232            -147.627
-3.4624             1.93049            -275.693
10.8697            -4.36758            -154.081
7.18579             18.3083            -146.399
18.3264             23.4048             18.0715
8.73778              12.086             22.8495
18.1169            0.526449             7.59333
25.3813             6.20845             9.98941
4.33488             26.1036             2.04151
7.29671             13.0463             11.0061
14.4791            -3.73988             9.84712
20.8382             13.7404             3.04975
8.03199             5.67216             2.34444
14.2519              5.3515             19.5333
18.6834             8.04205             16.9618
19.2456             30.2266             21.1532
14.1755             11.6886             17.8663
6.47856             19.2706             8.01111
17.03             -1.5552             4.85623
15.0047             2.87343             19.0236
15.0255             26.7165             10.2887
6.63703              4.9502             14.7737
17.6959            0.109964             8.69678
18.7979             19.7734             5.36308
11.4224             20.2704              13.212
3.02378             21.5321             13.2326
28.8483             4.19891             17.3723
9.74642             10.5561              7.0842
10.2888             21.0092             21.2353
11.7328             20.3536               15.84
8.74637             14.9051            -22.5841
35.0647             18.5182            -12.6719
14.427             16.4891             -187.32
2.35393            -3.16709             6.92365
14.7475            -2.80438            -104.481
27.2016             11.8225            -87.3282
4.43719             10.7683             34.8665
11.1223             9.33597             12.5013
15.5735             2.12614             3.41483
19.7749             4.86319             4.27406
18.1602             9.70844              15.573
12.1424             19.1511             12.1633
18.6647             6.20564             8.00377
14.8555            -1.85423             15.5904
7.18332              7.8535             10.6115
8.81003             4.11505             3.34211
20.7041           -0.594774             17.0279
20.3925            -4.48181             11.9948
13.5294             8.44291             2.25704
8.00906             2.51693             2.12325
13.7841             9.78667             13.5409
19.438              2.4267             16.7291
8.236             16.9566             7.58215
9.69956             17.7977              1.6291
22.6766            -1.22241             3.78565
29.4495             6.13779             4.12584
20.3687             17.7467               10.79
17.8579              10.341             21.3681
11.697             11.0797             8.08797
14.8287            -3.98826             16.5164
7.37931             11.8121             11.3735
12.2217             10.9258              12.767
22.1586             18.1119            -12.9975
28.7317             -6.7736            -27.4168
7.70448             11.6028            -114.723
-1.04049             6.81827            -254.906
15.8228            -9.66259            -84.9744
24.1383             1.84991            -81.0542
9.24092              18.653             21.8941
1.65274             7.70899             36.6621
28.5362             8.47914             17.9284
20.5704            -3.64524              14.428
12.9684             17.1414             9.03667
16.8076             14.2958              17.645
24.7897             10.3622             20.0376
19.3812              8.0023              6.0697
14.8753             4.14382             12.0075
14.3375             16.2319             2.33348
15.9471            -2.51387             19.0564
22.6778             6.54755              7.1532
12.0083             2.84688              13.479
10.144             5.90772             3.42494
25.1113             3.03161             13.4856
28.755             10.8401             15.0496
9.56564             18.8873             3.80348
10.7971             11.8739             18.0086
26.0475             3.59351             21.3573
22.0687             12.7023             17.1926
11.5369             9.50567             17.4511
9.94867             17.0471             9.42613
12.2674            0.591569              6.4572
25.8244             7.46804             4.68216
5.93086             19.0959             20.8206
3.62493             14.6052             8.05007
-2.8923             16.0326             11.1457
30.6934            -1.00398            -12.6777
18.7665             12.0964            -153.489
2.05508            -9.07086            -37.3295
23.0127             5.42189            -118.869
20.5515             5.45238            -131.585
14.442             13.9847             21.4414
18.8413              14.804             20.3411
27.1866             4.70249             21.5389
15.4671              8.1675             17.6015
10.6275             5.18555             8.89414
18.4656             14.0624             2.37325
20.8583             0.99047             15.9093
20.3147              3.1391             4.98393
15.8175              6.0721             19.4265
12.298             8.06852             1.43138
20.2639            -6.22258             13.1758
28.7405            -2.77229             11.0735
19.3112             12.1173             6.71567
14.5013             1.60639             13.8135
15.9468           -0.256258             19.6404
20.464             3.39433             13.4455
13.6172             19.9513             9.44362
4.7574             12.6919             14.7754
27.4168             3.21794             2.59713
17.3704            -4.87026             8.73416
15.9091             4.80859             18.9253
11.0885             2.03926             17.5002
25.6375             11.9118              6.0249
27.258             10.3772              9.4077
19.2168             8.38448             23.3663
14.2252             10.5855             15.5151
13.0818             14.9471            -21.5689
36.2185             4.40664            -35.9106
11.7452             17.6042            -152.483
4.21521             14.6151            -21.8569
14.376             6.79433            -33.0284
19.2113             -2.7936            -41.9797
6.13144             5.07539             27.3631
17.9688             20.2247             9.12547
20.4394             2.10625             2.27635
21.3138             4.35009             18.5025
8.43452             13.5652             4.21102
3.70713             4.94837             20.0937
17.3897             10.5152             12.6728
15.7268             4.77811             19.8164
6.85592             13.8914              9.9055
21.7415             12.4507             1.59149
18.5703             10.0768             11.5866
23.3799            -3.95665             6.76126
17.0634             14.5924             9.82791
7.07801             19.3219             4.55882
16.5377               4.366             14.2915
16.4387             1.67097             2.54499
10.0082             9.02788              3.4755
11.9279             12.2274              1.1287
12.3765             7.96751             13.9911
10.8304            0.863858             15.2929
13.3992             10.8086             20.3664
10.8388             16.5299             1.24483
20.6883             3.32802             20.5677
14.6609             6.70767             17.3492
16.7155             19.9377              9.1125
9.95828             9.31602             22.3494
20.136             19.2832            -44.0511
29.3158            -7.75949             11.3168
6.01849             19.5208            -102.804
6.07096             4.31764          0.00618175
27.5806            -2.28472            -6.49495
10.3814             6.38983             -1.8577
3.55999             15.5319             14.1375
3.74279             18.6818             8.21725
14.5263             7.30827             20.6293
27.3863             10.6827              4.9182
21.1062             11.0089             11.9575
15.0683             2.13393             18.0061
11.1991            -6.56298             19.2964
29.0432             10.3029             18.6434
18.8469              15.961             5.00193
12.2108             14.9953             6.73819
22.1265             12.8554             14.6777
11.7896             8.99708             19.1772
6.89184             12.1806             3.40306
16.9622             9.03288             12.5189
21.0896            -2.49747             11.6667
24.303             10.2952             17.6846
15.2139             6.68882             20.9983
12.6416             8.38185             16.8407
12.8966             8.34707             15.2074
21.8611             8.72017             13.3157
13.1053             20.2725              5.7339
8.6822             11.8658             2.58643
25.2473             8.96938              2.2457
18.6245             11.1635             9.63193
2.58004             18.0682             23.8003
20.6003             13.7935             9.91959
7.14682             17.5321            -48.1952
17.976            -1.21874            -34.1736
23.6744             28.3097             -94.078
-2.74057            -10.6538            -76.2341
22.834            -14.4941            -28.9205
19.063             8.20673            -15.8499
11.561             9.42757             14.1913
23.9313            -50.3151             13.0321
25.3566            -16.0785             16.1642
19.3502             10.9604             12.6482
12.1342             7.79246             2.91108
28.8088             -27.653             1.39365
10.6816            -17.3282             11.6211
25.2444             7.92091             2.87063
14.5938             17.5459             18.9775
25.6842            -32.7939             4.85227
9.67278             -6.1232             4.01774
15.6778             14.2541             2.55844
6.39129             20.0689             15.9186
12.5887             -50.597             24.9884
20.5379             -16.341             4.92755
20.2792             9.65962             18.5333
4.24321             24.5701             14.2357
18.1869            -6.33384             1.02907
10.6778            -21.7992             7.26628
10.2263              12.605             16.5091
7.45604              6.5226             4.15392
26.1584             3.87481             13.6656
16.8462             -5.8979             14.2808
10.9481             8.84331             3.31218
5.5686             20.2892             20.9225
12.7066            -13.1626             2.73136
12.5025              -12.28            -1.58382
25.3697            -7.59842             5.15482
16.6429            -159.241            -172.676
10.4442            -46.8041             5.76164
20.2966            -75.2276            -69.0068
1.57416            -117.339            -19.9947
13.7608             -85.285             29.8965
1.50716            -50.3943             16.3045
19.0524            -7.52146             10.0069
12.3036            -128.353             5.96912
18.9824            -145.509             13.2023
7.1084            -76.4239             2.49885
21.0666            -34.3025             8.79871
-0.284006            -18.3163             19.4328
22.3027            -144.307             11.5315
6.17126            -12.4922             21.7813
11.0438            -83.9983             3.23676
8.93072            -10.6607             6.01386
19.8816            -129.921             13.3387
11.0584            -10.9358             20.3812
11.2862            -10.0654            -2.17661
17.2217            -18.4208             3.28821
7.5695            -172.064             8.42879
13.6452            -50.1077             10.7802
12.6229            -106.143             14.2008
0.271937            -48.1412             22.4133
16.2931            -101.224              2.7795
10.2526            -61.8776             6.72615
17.7569            -38.8577             4.13091
19.3612            -161.398             6.34125
5.9605            -117.596             16.5208
12.0385            -107.512             5.94441
7.0121            -145.823            -5.36667
4.0931            -49.5642            -77.8402
21.9498             27.0197            -120.651
10.378             6.51047            -275.093
12.6093            -7.58554            -181.478
23.4491             12.5715            -104.156
20.0345             15.0091             19.9854
19.1958             6.84581             35.9303
21.7235            -6.06137             19.2271
13.7984             29.5111             6.51577
18.3641             18.4944             4.50671
20.6722             13.9042             3.69573
26.9968             2.28585             19.4347
15.1383             12.2563             13.1701
19.0361             13.8805             4.21527
15.6871             22.0966             2.18189
13.7055             9.91948             13.5519
20.4489             4.45337             6.90177
17.323             19.7692             7.25889
17.7882             8.52366             10.3925
22.7627            -3.20369             2.31395
28.8121             4.85835             17.7654
8.14591              29.282             5.74651
10.2847             18.0426              8.8236
24.5121             7.06054             12.2556
11.1464             5.50313             4.67116
9.22003             33.2561             10.1911
14.4035             14.3507             14.5328
17.6451             4.23832             4.06549
23.5835             17.0484             4.68689
13.8747             29.6868             20.8727
8.76041             16.4123              10.142
6.1724             14.0511            -41.0378
26.7109             11.4742             3.23997
5.89394             7.67453             -164.08
-3.40317           -0.336879            -224.208
27.8571             5.15926            -72.4061
8.38483            -2.48255             -128.04
16.3134             19.9723             15.2232
17.1007             1.67988             26.4104
19.0887             11.7338             7.20494
13.0482             2.87185             12.7044
16.3421              14.145             6.65793
8.98311             3.26241             17.3901
27.803             12.1975             18.1261
10.4764             1.67183              14.873
14.5077              15.394             8.11507
17.406             16.3718             5.81619
22.3404             6.32639             13.7927
28.2827             10.1255             20.0119
2.13665             5.61284             9.51774
4.46055              19.079              14.492
19.1229             13.0154             19.7595
28.1992             6.64886              20.552
2.11355             13.9436             6.49335
11.5082             8.67728             3.53872
27.9084             12.4628              10.079
22.2622             9.75805             18.4515
21.1126             15.9332             17.1547
14.4114             10.7861             3.46936
27.766            -3.17861             11.1474
19.5088             11.7735             10.6817
21.1484             17.5616             15.6704
2.59282             3.83714             24.8694
6.49665             11.3001            -18.3386
26.649            -7.11877            -4.37078
10.9378             14.2919            -189.034
-2.57188            -2.14027             13.8673
12.5491             1.95589            -97.3591
20.216           -0.912746            -93.4442
17.7685             16.7398             33.9467
9.51035             13.6116             3.60721
19.4379             4.52198             10.5453
21.0756             9.39388             20.7968
13.1365             18.8542             17.3553
5.90805             20.2203             16.1959
24.902             1.20148             19.5045
13.4261            -3.69857             20.4171
19.4059             15.4366             5.47631
3.22798             9.88797             13.0803
25.4334            0.478095             8.96427
15.4391             12.1717             13.4249
16.3268             3.70678             8.87392
1.44683             10.6088             14.8164
11.9313             7.84461             13.4063
19.929            -3.30586             8.32558
17.3914             12.1929             20.6891
5.62171             13.4648             12.4209
22.5995             1.60717             5.07838
25.4248            -1.24745             7.16265
6.96892             14.4226             17.5305
3.23058             19.6003             12.5933
17.1113           -0.298215             11.6114
9.81488            -6.21918             20.6607
2.51137             6.53155             7.42685
1.55655              21.745             15.4324
8.35524             13.0685            -33.5082
28.1346             4.42283             9.87817
21.7684             15.2892            -129.382
2.13561             12.6302            -253.213
11.4004             1.96781            -84.3802
20.5614             13.2971            -71.8549
5.42924              1.8005             16.9903
18.5847             9.89243             30.0305
17.3597             9.43834             6.35791
10.5745            0.238426             2.86197
4.54061              10.217             10.6962
11.4321             20.2945             9.35897
23.9917            -2.14695             9.19031
10.2651             6.67889             10.1406
19.5801             19.6069             12.5086
9.50088             11.7424             20.3382
26.2454            -3.91143              7.1588
22.3473            0.583559             15.7655
5.17568             18.6211             10.2159
16.8406             21.0674             4.52441
20.0634             1.71225             16.8909
24.1978             9.69789             4.23935
18.718             16.0264             14.6257
8.3351             4.33538             15.1351
26.7234            -2.58727             13.8776
17.189            -1.69729             11.6678
12.3154             11.2536             5.02991
5.15391             10.5597             10.8995
28.4097             -3.0266             9.55447
11.8604            0.240711             5.31889
8.81003             3.46226             15.2487
18.175             19.6638              7.6329
5.60792             12.5892             5.67305
35.1917             -17.213            -29.9687
18.8825             20.0921            -159.317
-3.12142             1.18665            -49.5513
29.3109            -4.84525            -46.1667
19.3303             8.89164             -114.67
9.40826             4.38808             29.5808
3.23941             18.8033             17.4435
22.8759             10.0118             17.9349
23.831             12.4289             16.0663
6.32947             17.0222             15.8227
13.7046             8.64214             3.36475
18.3592             3.06128             14.1528
20.6444             12.4749             4.31838
15.2406              13.164             16.0955
15.1531             21.2873             2.62607
18.3278             2.95207             6.37573
19.1892              4.9101             16.1398
18.1643             10.1396             15.3878
12.3678             10.5082             12.5451
20.546             -4.7127             7.97535
22.9112            -2.75211             6.61995
6.85996             11.8196              18.391
1.95018             16.3801             3.62109
22.7899             1.11985             6.89303
24.2158           -0.257671             7.42349
18.9657             4.92746              14.267
21.2213             19.1021              11.784
24.0626             7.49929              8.7565
23.167              9.7709             3.26043
3.3565             19.6865             23.0142
12.7785             8.87285             4.96925
2.27813             13.9524             -44.883
24.3675            -0.89849            -2.42488
4.10862             7.86715             -95.246
8.96893            -2.38373            -228.759
21.3276             1.27169             -61.103
24.7007             2.02496            -60.4575
3.13555             6.76817             9.01383
16.5495             11.2443             32.0423
10.3296            -2.78769             8.93167
17.4944            -5.19944             3.00799
3.40921             10.8036             14.0996
17.796             3.19631             19.6217
20.8609             9.38683             12.8581
18.7133             3.33935             14.5395
11.2583             17.1654             19.4443
6.35415             19.6812             10.5163
13.8475            -5.57705             17.3232
18.2072             8.85298             19.7544
11.0587             5.45978             3.36924
3.62971             14.3056             2.72187
18.1818             -4.4658             8.80234
23.9117             7.36779             11.4078
7.25029             19.5682             12.4049
15.0956             2.21707             6.58416
14.4086            -2.53171             1.68806
14.2356             7.28506             11.4308
12.1608             14.1323             9.43381
12.7574             4.02056             18.2211
26.3784             7.84884             1.16411
10.2243             12.3007             15.3393
13.6194             13.5152              18.546
19.2631             13.6951             20.1587
14.7067             9.69586             11.9769
26.3157            -4.80597             -25.965
10.3802              23.279             -144.73
5.84688             -11.276            -137.804
14.1409            -18.6341            -141.204
18.5027             3.43623            -122.808
14.6543             10.1899             30.7173
26.0874            -26.8924             7.88349
6.10811            -19.7058             14.6936
26.341             14.0439             19.4454
3.18463             10.4049              17.377
15.5066            0.819782             16.7342
10.9731            -1.10788             2.80988
21.3769             5.21151             19.3518
11.3572             13.0481             6.05145
11.6053             4.44641             16.1966
17.8506            -17.8944             10.5626
20.893             1.75719             15.9035
11.7392             20.1222             4.30704
8.48771             3.27013             16.9952
13.2618            -7.50909             18.0407
10.7932             6.47151             4.06809
19.7369              14.783             12.0547
23.1918             -9.5809             17.1993
14.7516            -12.6893             18.3042
15.0078            -2.98822             12.1012
11.9112             10.5795             17.4984
24.1689            -45.1821            -1.83955
8.44446             -5.6617             12.2369
16.1797             12.3338             10.3766
11.7087             26.2464             23.3115
10.4607            -3.55523             5.30074
11.5177            -12.0374           -0.114665
21.7429             7.90188            -4.22899
22.4475            -130.746            -117.609
-7.02891            -22.6481            -167.014
21.2562            -102.655            -80.7955
17.2288            -165.543             -15.026
16.4174            -169.925             25.2375
12.8924            -92.5246              34.657
14.3686            -97.0133             6.15546
14.6262            -8.43202             1.21328
7.12981            -105.979             16.3335
11.2698            -49.9093            -1.73128
13.0054            -58.0276             8.08431
8.54128            -165.966             11.9961
0.205891            -107.384              10.054
10.0075            -106.613             15.8964
14.1878            -46.0866            -1.20613
-0.747897            -133.953             10.4286
10.6541            -116.432             1.70399
0.323792            -122.202             6.18481
9.11347            -43.0339             6.78299
5.89965            -131.204             12.4126
5.9822            -153.747             6.64699
9.64387            -117.314             20.4199
28.2403            -62.6974             12.0433
7.18291             -48.597             10.4819
13.9866            -92.2456            -2.99012
6.50758            -7.49754             12.7515
24.1054            -71.3837             4.19618
14.7401             -196.91             3.83596
24.6041            -144.721             21.6291
17.0682            -101.795             8.32498
-3.42563            -158.624           -0.102001
19.159            -49.1988            -44.9333
19.6854             27.3513             -115.03
1.20623             12.1048            -211.252
17.3747             3.41733            -181.584
13.2125             12.8526            -177.389
3.18832             30.1905              32.265
11.9899             1.01142             36.5746
14.8651             9.33237              7.3832
27.6908           -0.296489             13.8156
16.0141             35.9299             9.35934
14.1692             9.83573             2.11297
20.2028            -5.40507             3.96887
10.4199             25.9757             19.3955
19.8486             33.2104             2.43318
18.7023             7.01106              2.2617
19.1818           -0.348596             8.36795
22.2681             13.1839              4.9291
3.44263              22.488             20.1994
2.5976             9.87678             12.4416
22.3872           -0.238198             10.4977
25.9895             13.7008             11.4675
18.882             22.1595              7.9892
20.7311             18.2183             9.20255
23.215             12.7217             14.7043
20.7576            -2.14626             13.2688
5.28927              11.983             2.99657
4.21452             7.80358               13.17
19.0331           -0.750775             17.8188
10.3777             19.1465             11.3808
6.20714             32.9473             7.64758
8.27815             9.82576             7.62673
14.7486             10.7919           0.0826767
29.94             5.56763            -1.13713
16.6208             20.9268            -159.691
-1.32999             3.79284            -60.9917
25.1702             2.99516            -110.233
16.9646            -3.68863            -124.366
8.01104              10.687             37.6531
12.5831             11.3907              5.5613
19.0459            -3.88355             13.2226
11.553             12.4895             5.80163
5.12205             6.81348             19.4679
21.1494             10.1828             7.97299
10.4743             1.17164             7.65656
21.7305             4.68679             18.3015
5.20014             14.3672             18.0162
19.0737             2.38482              14.859
27.4875             5.91961             5.37489
26.6232           -0.213687             4.79002
18.9356             19.6379             21.0944
12.1562             4.62359             8.76012
18.7111             9.96448             21.3103
22.7303             8.54472              7.9757
14.8511             11.4287             12.3021
7.89922               13.31             15.4722
28.7248            -4.14503             3.60332
14.9865            -2.41644             2.21176
2.50325             5.26355              13.328
7.57415             8.96577              14.148
25.1419             1.85137             18.3452
25.0543            -5.49173             19.9575
17.097             2.38624             9.12321
14.9565              9.0412             11.5081
13.0709             10.5396             -1.0877
21.8749              2.4827            -1.93836
24.0643             14.1995            -142.553
-1.75613            -2.79551            -75.0663
19.7829            -6.07551            -48.5295
27.1902             9.51401            -64.2761
5.90681             6.87758             26.1686
20.5013             7.02395             6.97004
15.2955            -5.51903             18.1548
18.7298              5.6947             7.09625
11.7743             9.64636             18.0448
17.7326             1.13425             18.4883
20.9068             -3.8708             9.99571
27.2992              5.0346             4.98961
6.00922             8.23855              9.7872
10.2776              9.1592             17.2336
14.2231            -1.79236             20.0997
24.3838             7.24775             10.5818
10.251             15.5562             20.6033
11.7615             17.8027             21.2021
22.5124             2.84929             7.80565
28.4508             1.42396             4.42522
21.0721             10.2613             19.5007
18.6356             17.2206             20.4574
24.5222            -5.44394             5.22838
22.7808              6.3933             9.67044
15.9726             2.09656             14.7755
15.29             6.40861             5.63503
28.0664           -0.672046             16.1045
29.4978            -1.28129             15.3885
12.1364             7.04797             16.5234
16.0965              1.4851             9.38023
20.3065             11.4707            -23.4327
22.8712            -14.5913            -19.6017
3.84234             14.9312            -133.453
-5.80067             4.74047            -229.275
21.9484             3.03957            -144.364
20.6417             4.40818            -85.9152
19.4057             3.20469              13.446
16.6886             15.6831             21.0216
20.3926              6.6101             2.78375
27.527             8.47319             2.40414
2.10658             10.2947             10.3664
21.2965             6.21887             18.9468
12.6154             1.59654             18.6903
19.241              10.904             13.9365
7.98353              17.544             3.63549
2.15194             5.36159             10.6905
12.997             8.60981             14.1389
23.4266             4.52466             13.8955
19.668             20.0088             8.39791
11.6199             4.02297             18.4933
13.6052            -6.10648             12.7676
12.7961              1.1672             8.98718
17.9718             19.1503              9.1261
9.84785             4.20291             7.90609
21.8028             9.76352             6.26156
19.1586             1.06836             17.3429
19.1756             12.9521             19.1596
3.68259             8.93659             10.6811
15.3036            -3.12386             2.93148
20.7541             11.4413             14.2209
16.1695             2.27154             14.3776
13.8353             16.2209             25.0604
11.0949             17.7028             6.36307
32.3264            -10.7308            -23.8867
6.38531              19.415            -135.973
-3.77605             2.63537            -104.017
20.4407             10.1745            -66.8002
9.51837             11.0245            -123.779
14.2511             20.4797             34.6342
20.8901             13.9374             25.5862
12.6277            -1.86895              11.974
23.3779            -5.42753             18.1276
2.42008             5.50129               4.161
17.8032              9.1331             1.16664
16.7718             12.7806             8.13365
13.6819             13.2343             13.5063
13.7681             9.66956               11.24
10.829             14.6897             8.12639
10.7068             3.92632             19.4599
14.7944             12.7194             9.13479
14.4803             11.9129             13.7547
11.6821             13.8212             6.54101
13.2463             1.44983             3.24424
21.8909             8.47982              4.2231
5.29127             5.33545             2.83789
13.4599              14.512             14.2857
23.9431             9.16909              5.0302
17.07            0.876285             1.36418
9.81685             8.87524             13.8787
10.6979             14.9938             16.1366
23.5116            0.516637              19.752
9.79724            -5.90753             15.2897
2.779             19.8406             16.3857
1.61184             20.9245             21.1472
12.6388             18.4453            -26.2608
29.7465            -1.93417              2.0979
7.89116             11.3794            -162.123
4.93278             6.96063             6.75556
10.6739            -9.78276            -84.1472
15.4852             8.89952            -36.3844
17.2332             17.0987             22.2175
5.97241             10.6041              4.3992
25.1107             1.54291             13.3814
10.1311            -6.03498             9.12706
16.4345             3.72042             17.6454
4.84827             14.7432             10.4618
13.6277             1.49696             15.5899
11.1522            -1.50167             17.0801
12.7112             10.2808             3.83359
12.7968             15.2657             7.09055
16.7437            -6.23602             20.4471
21.0961            0.949794             19.4192
12.9679             19.4822             7.42709
7.59617             2.86473             22.5401
27.117             8.50624             16.9135
14.1476             4.10886             6.40801
4.49164             3.20345              16.959
14.9825             12.7367             1.51589
11.2313           -0.377183             15.9291
13.6876            -4.44343             14.0184
9.07686             18.9149             21.1301
5.41096             11.4706              4.8246
13.8498             5.00612             9.32593
23.5903             12.6812             20.3794
1.56654             9.04905              5.8807
7.04038             16.5587              5.0127
24.6001             19.7783            -1.60911
34.5327            -4.87096             3.81036
25.3194             27.1182            -137.193
14.6853            -18.6801            -134.546
9.06681            -16.6902            -131.141
10.8218              2.1624            -79.3594
5.17434             18.2606             23.9605
24.1987            -50.8078             13.6573
8.85854            -4.70556             3.76039
28.3785             2.98734             17.6814
12.5238             16.2451             11.7636
9.59437            -44.4258             5.82583
-1.49649            -20.6312             6.90272
29.5096             6.55517             15.9028
16.2781             15.9552             13.2817
18.0846            -14.2003             17.0501
8.07734            -24.0104             7.74482
16.3805             9.62105             8.98492
10.9114             16.5191             4.91704
27.1675            -19.6125             2.23176
6.47065            -13.6503             10.5767
20.3183             5.60854             5.70091
15.1759             17.4704              16.465
17.2106            -38.5716             21.3615
6.18963           -0.685337             10.4113
17.9311             12.3615             20.1329
5.55178             8.79217             13.0251
18.8343            -46.5597            -1.51198
2.87773             -24.818                10.6
17.8729             4.98569             19.2411
19.3019             13.9309             21.7639
21.0156             -53.026             27.1744
7.91324            -8.17185             4.46112
35.4446            -4.32959            -46.2612
13.5796             -117.18            -21.8778
1.40338            -57.4438             30.6901
8.46998            -129.981            -57.0899
-6.94403            -173.034             13.2168
17.8181            -162.882             14.4728
2.71763            -77.7569             21.1589
10.6031            -24.5732             4.43366
3.17081            -4.61551             17.9306
9.76525            -102.598             8.16072
19.258             2.89962             15.2604
16.8595            -69.7671             6.35566
7.61319            -148.727             9.18469
15.9931            -131.319             3.72058
6.1038            -91.5963            -1.35416
23.3549            -96.5605             17.1094
9.61946            -125.123              13.617
7.81119            -103.525             2.01492
11.9305            -110.249             14.0218
20.8057            -115.383             7.00327
12.3898             -153.37             14.9149
17.7305             -126.64             11.6346
-1.00679            -91.2114              2.9766
21.6164            -29.3822             11.9052
3.32875            -161.514            -1.51178
6.87616            -150.624            0.163646
2.46711            -50.7402             16.8075
7.2852             -85.867              2.0122
-4.63877            -141.731              11.793
18.1809            -172.564             9.24643
4.66977            -79.0433             21.7385
14.9943            -41.3971            -2.62572
6.81111            0.204606             8.26261
13.2282             11.2781            -154.154
3.67635               2.329            -85.1281
22.6614            -3.25172            -123.873
9.02868             27.4939             -73.106
4.79753             23.4964               22.04
5.39883             4.48704             21.1379
20.773            -3.68353              14.884
14.6971             4.51595             5.71923
4.20587             11.7869             14.9886
1.92112             2.13699             21.6016
14.6908             7.85173             1.80677
28.8012              32.061             12.5398
8.09686             21.3316             14.5299
16.259             21.2444             8.59438
17.3071             11.3023             16.6698
11.7301             20.9019             18.4756
2.26248             33.0459             11.7035
5.57168             13.5441             4.05363
28.8023              3.5269              10.585
20.7632              23.156             13.2427
7.98532             22.7802             8.31773
8.88079             5.19713             17.7954
13.2295             1.49084             11.6533
16.1332             19.7971             5.96683
12.8153             11.7243             12.5966
6.48495              13.344             11.8864
14.9783            -1.21863              20.436
20.0872             24.3002             20.9707
2.24865              17.047             22.2236
18.0232             1.28368             17.3072
11.7705             15.0427             -2.7816
31.6439            0.252097             10.9593
15.2846             20.7695             -105.85
5.99882            -2.69085            -236.914
11.8598            -3.83998            -140.913
9.43594              5.7241            -138.437
6.49865             20.0379             25.8216
9.66837             8.02922             21.2373
22.6663             2.56488             11.7015
10.0133              -3.298             17.3942
11.2672             13.5623             9.13008
15.8638             5.49228             1.81272
15.8178            -3.09034             7.75472
26.3811             2.03594             19.7973
15.3029             7.34729             20.5788
7.79735             19.5965             5.65444
13.8095            -1.79554              18.315
27.3318             9.23072             4.94931
8.19513             15.1347             14.9663
1.24463             18.7078             8.19728
13.0522             4.37248             6.18064
25.6063             10.1867             10.4275
13.431             9.97485             11.4012
17.3107             11.9933             1.55407
15.3584             7.55079             18.4952
17.5449             13.3483             19.5545
4.74045             4.52044              20.882
7.96858             6.36045             19.2563
18.537            -3.79641             3.53773
22.5489             10.9475             9.35814
14.2954              16.631             22.4274
19.2785             15.2332             18.2854
10.1918              2.0658            -17.2094
31.854            -8.01196            -5.88906
11.9029             20.1417            -159.319
2.59081             12.0478            -6.59572
15.347            -2.73721             -41.837
7.3705             10.3366            -76.7464
11.3557             10.8749             17.2538
13.5147             11.6734             21.2079
19.1265             4.93801             9.20887
23.9912              8.4328             13.2785
4.87127             8.13266             13.5301
11.6123             5.68126             17.3637
24.5429              9.5204             12.5272
25.7919             11.6798             8.96535
16.6469             20.3265              9.1439
6.00123             8.33822             5.50182
23.1566             9.03112             15.6685
26.8166              11.943             16.3101
19.501             12.6841             12.6401
4.15386             12.2372             1.73745
20.5496              1.5369             5.79653
27.2174            -6.63528             1.06875
8.41557             4.26209             14.3606
12.7498               12.77             15.7651
18.8194             6.61044             19.2248
27.3231            -1.09254             6.01984
3.42401             18.3638             5.26297
8.1038             5.36053             2.76828
15.513             -3.2947             5.86186
27.8007             12.0147             16.0882
10.5684             10.2409             6.45859
19.2604             14.1031             9.86957
15.7561             7.97656            -11.6369
17.6788            -2.91463             3.09516
7.14548             13.9296            -161.422
13.2072            -4.96384             4.27831
23.9958            -1.92041            -70.6613
27.1433             9.12121            -31.3096
3.03994             8.79102             20.7113
8.81635             9.96317             5.13106
20.8916             9.42861             11.1305
23.1919              5.8249             2.51181
18.2284             20.2421             10.8338
20.0948              2.5452             2.10537
11.6             8.59523             4.73564
13.9818            0.715105             10.5549
3.46902             18.2587             21.1514
18.25             1.30883             9.71563
28.7047            -4.85503             8.27952
13.3637             3.80191             2.49523
12.8454             17.5817             10.9012
10.5124             8.89771             6.25089
21.6987             3.12826             13.7586
18.2569            -3.64109             8.11361
20.3707             15.9871             13.4318
16.5946             1.31888             19.6437
20.753            -2.07387             20.6194
20.6609            -6.26379             15.1614
16.1943             15.2053             21.0311
21.3195             13.9617             1.67399
21.6794            0.278071             14.5587
10.3168             1.17262             6.14909
15.8472             10.4941             10.9356
16.079            0.915651             19.1841
10.9562             7.24119            -6.74473
24.7902            0.517843            -33.4888
18.9534             19.4381            -102.856
12.8679            -0.16141            -274.905
12.6537            -8.51794            -136.606
13.4587            -4.15275            -124.417
5.85244             6.41834             21.6142
14.776             13.9212              35.419
23.728             4.18924             12.5169
25.4318            -6.70022             3.45213
15.9023             6.28497             17.4984
17.6284              7.3242             18.1376
14.2789            -4.83147             20.2412
16.6259             4.05018             17.2689
10.599             3.78939             4.80961
5.04372             11.3552             19.6957
14.6366             2.40375             3.31347
29.5318             4.37664             13.1581
11.9844              9.1312              15.517
5.15184              21.342             8.62965
10.7267            -3.63987             5.95849
25.1227            -5.09195             20.3815
15.6796             14.7356             10.8132
14.378             5.94426             20.6075
29.0191             11.5148              7.1366
11.8959            -3.93826             17.9114
9.40381             9.10598             3.58285
5.75166             13.0623             4.41752
26.3921             3.31625             14.4155
29.0998            -6.45223             4.26491
16.5183             15.6987             10.9176
9.68253             22.0557             5.92754
0.674594             5.34906            -3.06606
21.7125            -6.80255            -19.7599
1.45111              25.248            -147.743
-7.96548           -0.768301            -28.7318
9.64523             10.4951            -59.5056
17.8125           -0.306247            -98.1988
3.6528             11.4509             21.2529
13.1191             20.4608             15.6759
22.7061            -1.29296             17.8002
22.6049            -5.23825             8.37392
18.9027             3.77221             11.3399
4.75064             15.2924             3.68994
24.6152             3.04719             7.60461
16.3684             3.48054             4.18039
11.81             5.53458             18.5671
14.4948             20.6233             2.07046
17.4959             8.18039             8.79376
21.7187             8.75686             14.7507
17.1717             12.8167             17.3235
19.0174             21.2582             2.37625
13.065             1.33657             5.21485
16.1619             10.0882             5.70879
2.18457             20.4003             6.35502
14.4696             2.65541             12.3656
25.2657             2.50511             5.99434
12.463            -3.45071             15.0824
18.3762             19.2927             5.08708
13.5473             2.76922             14.8986
22.017             3.67544             17.1048
12.0231            -3.49603             10.2896
9.623             13.2465              12.274
9.17112              18.303             9.96117
18.3035             20.2993            -37.1123
30.7674            -3.63761            -23.5614
10.7569             27.0748            -106.123
3.25847            -1.24317           -0.834881
19.0781            -13.3687            -24.5822
13.4598             2.24291             6.78766
20.9201             19.3247             18.4027
19.8582            -56.8321             10.2801
15.4179            -12.4434             9.75168
21.5427           -0.434434             2.55595
17.0643             15.8735             3.09798
15.3008            -44.5409            0.908809
10.3842            -15.7381             18.7222
23.1217             5.81977             10.5195
6.35396             18.4934             9.24701
18.295            -9.74935             1.88513
5.36269            -17.9841             9.99805
14.053             1.85043             20.0634
17.0898             14.5278             12.5724
17.436            -19.4073             16.8231
12.5813            -8.37284             19.0352
10.0808             15.7459             7.65528
8.87718             15.3901             5.70337
24.9578            -19.1469             11.4341
11.6697            -15.4715             18.1086
23.4261             13.2346             13.6479
2.57287             10.3021             9.43824
12.4867             -13.505             7.97028
17.9509            -13.2036             16.9319
14.5129             9.33633             8.42397
20.1489             15.4961             15.6664
15.6804            -8.79332             18.9783
-0.209094            -7.31159               5.861
23.0475             2.32973             11.3823
4.2974            -241.515            -185.851
5.88242            -40.9903            -221.697
14.074            -128.667            -114.364
10.2852            -52.6989            -103.984
3.22443            -99.4374             37.6431
13.6041             -14.087             26.6079
10.9895            -17.3116             7.93002
8.97323            -198.044            -0.30217
19.5063             -179.61             18.0253
0.511222            -78.6356             11.6942
11.1533            -75.7713             9.90779
8.97081             6.57857              11.061
27.3297            -108.257             5.19155
7.56313             -34.221             4.36259
20.9174            -119.892           -0.614406
12.4974            -187.191             11.4336
25.3388            -120.916               17.29
9.57389            -101.441            0.441747
19.2523            -113.137             13.1744
15.4461            -109.227            0.550587
22.2503            -119.528             9.55596
5.00434            -94.0586             6.12771
8.75281            -115.863             12.8321
10.803            -120.038              12.572
10.4322            -113.416             9.48095
0.589626            -101.447            -2.21296
23.1828            -126.172             12.5898
6.85381            -113.555            -2.33332
18.2854            -152.987             13.8091
1.08428            -123.168             12.5497
13.5708            -112.556            -3.96377
21.3246            -84.1835             -44.974
9.60692             32.3835            -148.806
-5.03717            -3.24436            -111.431
28.9603             5.25091            -74.4187
13.2592            -3.41855            -140.658
9.1662             9.56919             22.6315
5.13838             8.13159             23.5635
26.7372             10.3675             14.5539
19.3242             22.5084             21.3435
6.72097             12.3051             20.5683
9.20075             9.22409             10.2453
11.1064            0.718806             13.6182
12.8052            -1.99572             6.27288
9.69727             32.0649             4.18173
14.1607             9.71116             9.59548
21.1831             -1.6548             20.9352
19.2182             15.1615              12.026
18.1223             24.1014             16.3459
9.60545             14.3383             7.37765
17.6509             3.28526             18.8442
26.9242             23.4181             6.21965
10.5553              28.205             8.21271
17.5429             14.3502             19.3744
22.142            -1.45635             2.11016
28.7397             18.7795             11.6593
18.4867             22.8238             20.2228
20.6994             5.83006             15.2125
17.3869            -1.36145             4.29388
17.7526             27.7796             18.4642
7.81343             28.8231             21.5448
16.7105             17.8572             13.9608
7.10682             13.7581             10.6966
28.4029             9.75803             6.83753
10.4787             10.4354            -107.524
11.0041            0.916065            -245.771
21.6464             7.98455            -179.794
9.97561             4.64542            -134.098
17.5774             19.6009             23.7335
11.0085             19.6802             23.0039
14.0981           -0.374519             19.0164
16.3397             1.95584             14.5883
7.0766             18.7087             5.91687
11.0859             11.7263             17.7349
20.8986            -2.25477             17.4358
26.0808             4.65124             13.0574
10.5182             13.4064             11.8994
3.88853             9.74342             18.5624
25.3193           -0.540508             10.2775
24.7327           -0.201441             9.18114
19.3807             5.10352             10.5199
20.1625             6.24084             20.4698
14.8001             -3.1997             14.9759
18.2876             9.16145             5.90711
16.6659              12.294             15.1499
21.1575             19.5242            0.937351
16.5684            0.935113             3.06177
13.9494            -4.43635             4.52056
11.7449             12.0401             18.0015
5.60476              5.6412             16.5232
18.0181             9.43548             6.69575
26.015             7.81138              6.8392
18.6131             17.8719             13.6211
5.5656             21.5054             9.10843
19.5043             12.8879            -1.93491
32.6948            -8.82659            -1.17489
21.2002             10.5423            -145.622
4.45325           -0.169746            -35.5381
10.904             3.77261            -52.9506
20.0915            -4.15876            -131.646
19.7237             6.17056             38.2388
19.2512             19.9497             5.42138
27.1976             7.71735             17.0474
24.4772             6.70137              17.724
13.5441             16.5006             15.3718
9.49862             6.76314              7.3046
21.7925              0.1887             9.45949
12.3643             7.53536             12.2279
16.0889             6.85748             19.9742
5.41676             5.66933             19.4729
12.9287             13.1656             3.74949
13.3143            -6.23511             20.3102
15.6829             12.6453             18.0591
8.27008             9.96447             2.46854
28.8665            0.429476             18.2866
20.1242             4.47335             5.53956
6.84223             2.44439             15.4303
10.7951             18.7139              12.647
18.8679             3.56144             3.26613
16.0673              9.2879             5.75555
15.9735             3.55792             14.8209
10.3389             10.8315             6.89817
27.7628            -2.98166             14.4874
30.3968            -6.53719             6.35496
3.10118             5.42906             10.6997
8.73542             4.88906             13.6592
19.6144             13.4567            -39.2903
34.712            -1.81308            -28.9028
9.25553             14.6475            -110.866
6.64445             14.9062            -1.55638
23.669            -8.64421             4.04038
16.7402            -1.14538            -5.58519
18.7843             5.99215             12.2793
17.1459             8.72788             6.03676
20.9862            -5.87748             2.70123
19.0959             4.57808             16.1311
17.383              20.525             11.4564
21.2343             11.4377             11.9969
13.779            -5.13204             12.1707
19.2449             11.2095             14.5234
8.35957             10.4929              15.265
17.8478             21.3444             6.76942
17.2548            -5.72031             4.93881
25.6739              3.2862             3.50466
15.2842             15.7127             9.51959
14.3687                16.5             4.12823
14.1263            -5.72375             20.7199
22.8495            -6.12148             9.02272
8.70407             18.0769             3.78051
5.81657             15.6229             12.4625
22.7117            -3.92076             11.3188
27.2149            -2.31708             3.81021
2.58463             13.1566             21.2161
7.64617             19.6575             2.27692
29.5416            -5.80988             7.26896
12.0434             5.96311             3.25823
2.63885             17.5421             11.0552
5.3201             13.5225             13.1959
18.0914             8.12952            -10.7377
25.5651             2.58351             10.0572
9.39636             6.60321            -124.658
0.584895            -4.76964            -293.378
11.6254            -3.38655            -153.354
16.4121            -1.66344            -93.3795
2.11117             1.97282             15.6514
5.18623             3.05413              32.336
20.4184             9.29917             18.4997
21.9898             3.66902             11.9919
18.4712             1.59183             2.58786
7.17854             18.2674             14.2483
12.6552             3.47044             11.5051
14.0429             1.53959             9.54692
5.85725             9.64392             7.51334
8.70653             22.0191             16.8951
13.5914              8.2875             14.5281
9.621            -1.03853             17.4737
1.75119             13.4051             12.5692
13.5604              10.425              18.054
25.4331             11.0972             7.81114
26.7384             7.31098              16.611
18.7174             5.62549             15.3579
6.26737             1.54068             21.0468
12.7191            -0.14035             10.0594
17.5502            -5.97453             4.99263
6.53758             3.06578             18.6698
1.02912             2.84127              21.783
16.3757             2.87039             16.0021
14.3604            -4.44482             1.50287
16.1538             4.26531             18.0491
14.0701             7.25684             22.5708
6.35513             15.0627            -33.1383
30.1691            -14.9134             -38.421
4.16013             9.65008            -160.443
-5.40619             5.98224            -232.812
17.43            -5.24152            -80.4018
17.8239             5.26869            -148.232
6.83917             9.32366             21.8755
1.1531             12.4901              38.416
18.7043              10.771                 7.3
25.5406             7.56523             7.26072
6.02542             15.5487             7.77865
10.8874             2.21253             15.0855
24.5469            -2.26037             11.4611
18.4801            -2.03966             9.34412
16.229             7.20663             15.4808
15.7916             14.2597             1.97943
17.6376             12.6106             5.23275
26.0058             1.11092             5.66801
13.9284             4.00021              1.5791
13.0521             7.66779             20.1881
10.2839             1.65941             7.00721
18.6641             13.1983             18.2935
12.7137               6.554             17.6792
3.73116             21.2297             7.49722
13.733             4.71963             14.5065
21.9339            -5.82897             17.4215
9.08276             4.42472              15.038
10.1037              11.837             11.5665
16.3283             8.38057             3.29815
24.839             5.02195              16.049
5.29714             15.5243              22.724
17.782             19.7591              13.671
7.85728             11.8225             2.89511
18.0137             2.41001             5.44169
2.91239             23.5735            -130.745
18.0481             -18.604            -192.119
18.7373            -9.74319             -167.96
24.4191             9.97488            -141.503
12.8027             17.4684             29.0635
19.0067            -36.6423              14.782
6.92065            -4.72579              10.745
27.6727              4.8326             12.3651
13.3637             22.9115             13.0925
22.2145            -57.2726             24.8407
23.7786            -18.7474             9.15325
25.7129             8.58567             12.9199
12.4253              17.984             3.30187
12.4692            -39.4134             6.17432
3.80962            -13.2904             20.0628
19.3986             17.8658             17.6843
16.1203             21.5063             19.6831
10.7267            -46.1992              6.7562
15.0199            -27.4529              16.329
20.2651              12.817              19.783
15.3576             12.7642             12.9491
12.7276            -6.26177             8.13026
7.36879            -16.0317             9.14246
23.2802             3.31318             5.83196
11.2878             13.9956             5.18596
28.252            -10.3205              20.052
13.0345            -23.5703             20.3509
29.0439             13.4655             1.62049
11.1515             13.1022             18.2208
13.2096            -7.06776             10.8396
0.806508            -2.95095           -0.812552
37.6758             -2.3969             4.80319
5.72578            -57.7968            -39.9257
-17.6169             4.63529            -103.218
11.8769            -70.7235            -115.441
-5.71326            -71.7337             5.39193
27.181            -137.055             3.44755
-8.47268            -144.092             23.5421
30.368            -81.6716             1.17462
-6.80152            -89.4693             13.6595
9.4741            -108.719             11.1789
-8.00031            -31.3365             17.5209
20.265             -8.3533             11.9577
-17.1039            -89.2684             11.6897
22.1896            -143.362             14.6694
-15.0239            -62.1025             13.5824
13.7912            -74.3151             6.33876
-18.4795            -83.1064             5.32119
13.5699            -151.121             2.92114
-24.0473            -91.2222            -1.67084
29.8335            -71.7626            -0.59637
-12.548            -48.5845             13.1953
30.0513            -152.381             5.97722
-16.1205            -127.436             17.2517
28.9823            -109.577             5.61391
-2.12277            -77.8404             20.4865
10.7363            -132.928            -1.05511
-13.7154            -66.6461             13.3152
13.3519            -119.391             3.66531
-17.7112            -68.6353              11.755
26.872            -133.574             15.7193
-10.4373            -109.553              13.888
13.0732            -95.9338             3.86683
-11.406            -20.4679           -0.762352
9.69864             16.3152            -145.761
-13.6098            -3.08103            -119.763
12.5344           -0.438642            -93.0176
-7.95278             26.7059            -132.639
14.3207             24.7438             24.0925
-9.94794             3.39779             13.8044
28.5932            -6.42509             14.0595
-12.2496             12.9486             7.48604
20.4974             17.0359             2.56845
-3.42115             12.1002             6.64624
24.3736             8.99279             6.73048
11.6725             23.1309             17.0056
12.5944             22.1325             13.2903
-3.52349             5.95549             13.3625
26.9774            -3.58304             8.87286
5.81098             27.8009             8.61821
16.421             17.3411             13.7723
-3.72225             14.0462             14.2429
32.7264             10.2193              21.014
-11.9767             17.5279             11.6093
7.254             25.2411             8.34038
-7.53846             4.09622             23.4378
20.745             7.40817             1.79687
1.23498             11.9573             8.15002
17.7999             33.7222             11.6901
-9.45644             10.4533             16.4954
20.7426             3.41664             18.8456
0.500093             13.4871             3.34792
23.1615              23.973             21.5013
-12.4807             21.0466             2.23648
22.3558             13.3796            -3.97774
10.791              16.161            -5.03017
15.8947             3.81516            -135.336
-14.574            -1.01276            -125.918
29.156           -0.589409            -123.445
-1.96951             4.72651            -116.822
23.3149             10.1457             34.1987
-10.0228             14.2398             21.5241
16.7776            -5.03591             7.64178
-12.5265             6.28374             11.0042
23.0307             5.40834             19.6809
-14.7777             12.4917             3.59246
33.5891             6.62375             3.57908
-9.32497           -0.160932             9.04376
16.3471             20.0996             4.59772
-14.7639             20.5711             5.84332
17.7512             8.21133             21.0343
-0.120252             7.21382             4.02743
26.1314             9.94055             9.95885
-7.40631             13.4245             5.63552
19.2455             9.96036             7.46246
-8.45628            -1.68563             13.6574
16.5182             13.6354             18.6112
-25.4962             11.1924             3.30984
21.0609             9.99787             20.7146
-1.43762             7.46795             21.3337
22.7354             2.36601             8.76332
-19.0298             3.20087             2.25711
17.7784             5.24013             16.6086
6.11873            -8.02049             7.39511
7.67192             4.60028             23.3475
-14.8261             24.6122             19.4193
9.04807             19.1985            -31.9119
0.339397            -5.50331             14.4798
15.787              14.769            -116.358
-15.47             1.04432            -164.892
22.5248             5.85654            -87.0132
5.10467             4.20865            -162.339
4.83779              6.9375             15.6252
-19.9244             16.5537             30.4591
21.9378             3.52845             16.9457
-13.1642           -0.987426             7.55357
17.8516             10.5454              19.112
-22.9836             18.0834             21.9897
24.9386             4.93831             6.45927
-4.64344            -2.26185             7.73605
13.1584             16.8892             3.05656
-9.87434             7.30573             11.1149
29.9237            -6.23584             3.74263
-13.2976            -7.53776             15.4624
9.36305             2.70374             6.85359
-18.6339             21.2395             16.3921
15.4539            -3.01813             6.24908
-8.87036             3.55816             3.59009
13.4347             14.3924             20.3528
-16.654             17.0086             8.43524
20.4347           0.0926904             19.4162
-1.8386           -0.987696             3.16955
17.8668              4.3043             6.94184
-10.3821             20.5285             4.66981
31.1627            -3.41161             6.83246
4.16925            0.332752             23.4138
16.2259             17.1613              8.4022
-11.1349             21.1707             2.88536
16.2194             12.9102             8.74506
1.15919            -6.06847            -7.72925
24.5505             15.0484            -129.569
-21.9213             18.0148            -139.093
17.368           -0.786211            -81.8282
-11.6494            -3.27029            -204.076
13.1724             13.2352             24.0779
-12.3314             14.3282             10.8381
24.4136            -2.59537             9.06266
-12.522             2.54192             2.36794
23.5765              17.441             3.55936
-27.4124             4.18503             17.0897
14.8878             10.3816               3.898
0.872844           -0.622893             15.0492
9.88456             14.4127              1.9503
-12.0525             5.17437             14.0471
30.7912             1.89116             11.9451
-4.85917            -4.50547             6.16316
21.9332             4.48943             16.9282
-8.50388             12.3556             20.3732
15.805             -3.7498             2.05979
-2.22507             11.5378             13.8259
6.52295             2.14706              12.325
-1.05641             16.7636             11.5253
30.8379             9.00732             1.90616
-4.78436             7.45185             8.46504
12.3631             2.42226             3.03138
-16.2405             20.7883             20.9418
15.1833             -5.6392             8.86848
2.2035            -4.15784             18.3484
4.51825             11.2661             11.6172
-6.7346              20.501             15.6359
10.2152             18.5125            -40.8395
8.04892            -4.85873             3.44437
11.4976              13.322            -158.436
-11.6038             -7.8633            -78.8885
22.2928            -4.30484            -80.6267
-10.4285            -5.24674            -54.3883
19.7158             17.3483             21.4953
-10.9696               17.03             3.57593
19.3231             9.46039             18.0885
-20.3037             12.4394             11.9683
24.9685             10.6729             16.7749
-18.1287               5.091             16.6757
16.2761             2.39374             17.3694
0.620784             6.43764              9.0449
22.735             19.4284             3.07108
-6.5819             8.96098             13.0431
20.1915            -2.74276             14.3465
-12.5817            -1.69163             1.15786
25.5128             8.56075             21.0758
-8.36693              5.2978             9.12038
30.5928            -3.32247             13.8583
-1.28226             3.51701             22.5079
10.3412             2.72073             6.52521
-12.1243             13.7058             15.1301
30.6458             9.04263             8.64974
-5.41647            -1.14879             15.3142
12.1551             18.6995             11.1776
-23.78             5.65788             4.46054
25.3973             10.8345             6.63327
-3.50831            -1.91188             4.57055
22.9885             15.1812               23.79
-12.9919             18.0072             22.0072
21.5989              3.2974              11.469
-0.449546            -13.8382            0.396853
31.6221             9.87996            -104.005
-17.4468             4.04621            -181.568
19.512           -0.651611            -162.549
-0.352924           -0.628145            -154.608
22.263             6.53448             35.4554
-16.1521             4.97968             43.2088
30.2738             9.21319              6.9421
-4.39895           -0.153971             4.81256
23.1523             20.1091             7.13773
-11.838             18.5564             12.7376
16.9484             4.35072             9.90136
2.73264            -3.70921             14.0219
12.0719              20.631             5.25087
-6.2512             8.95495             15.5297
23.3464            -3.64857              5.5605
-14.8972             1.35835             11.2919
16.861              14.063             5.48423
-19.3579             20.9097              8.0276
22.0386             11.5705             19.9853
-9.61564             8.72454             20.3361
15.7093             20.3123             3.18355
-28.9217             11.0613             13.1165
31.7646             12.3506              15.932
-17.6066             6.58292             15.9399
23.0132             3.15001             19.8165
-27.9441             16.1429             10.2813
17.3014            -5.96921             3.19575
-19.5403             1.66704             8.57721
19.0334              9.4123             8.27439
-22.6334             22.4957             12.0852
22.7697              15.289            -10.0096
10.7606            -7.77211             2.12737
22.8625             26.7598            -112.133
-15.7529            -10.1095            -113.297
19.9747            -4.29828            -159.456
-8.1475           -0.461473            -188.233
24.2083             14.3153             24.8587
-3.14455            -12.8836             34.6908
24.4317             -2.8748             3.41128
-3.1644           0.0306307             7.68649
22.8271             8.61242             4.81649
-8.47181            -8.26383             10.6618
5.70938            -13.5989             19.5733
-3.13728              2.7521             4.51826
24.899             16.5342             4.45792
-7.65546            -11.7746             13.5999
17.8458            -17.4721             19.5615
-3.06038             5.95848             2.03145
12.4417             17.1211             18.5159
-6.08989            -1.87761              2.7277
16.3134            -12.4724             14.3758
-17.0057             4.04196             11.7811
22.8519             12.5045             12.1191
0.551727            -3.92837             5.41004
24.5317            -18.0194             13.5149
-5.17651             3.40722              8.8429
22.7413             21.8784             15.0804
-2.58514             1.74744             17.8036
16.3257            -25.0054             9.42963
-14.0649             11.4649              13.084
12.2226             9.59222             23.9644
4.27576            -5.08583             13.3288
-1.21553            -4.68337             11.1013
-0.229086            -9.60946            -1.95004
