-7.28764             3.73129              2.7761
-0.161025             7.01462            -39.1674
-25.1034            0.731491             7.97527
-9.36507             9.01763             -8.7757
-36.7361             -44.278            -5.43197
-14.5945            -2.76991              9.4127
-1.88348            0.279238            0.694636
-18.2798            -5.11865            -7.38711
10.2596             11.2295             4.10598
-2.26373             6.31254            -4.38104
3.49747              3.5212            -7.77095
2.69755            -28.5414            -5.78002
-19.6345             3.27833             -1.1822
-4.40662            -4.45087             2.94501
-2.65821            -1.60444             6.83215
-7.00104            -21.7066            -1.53465
-18.1195             2.36151            -4.07141
-4.74444            -16.3032             5.17478
-35.9592            -4.95352           -0.559996
5.66258            -33.1831            -2.02551
-8.4101            -6.48942             10.6593
-9.39631            -1.13388             10.6957
2.96366            -4.86429             9.94504
1.45301            -32.2896            -2.51194
4.95982            -3.44242              -8.617
10.8695            -7.47135           -0.219457
-41.477             3.70378             9.72305
-5.14668             -35.716             4.51318
-3.5739            -3.83426            -7.31838
-2.12048            -17.5787            -5.15871
4.8036             3.84302            -5.84918
11.502            -21.1794            -7.07831
2.88045             11.7011             -23.154
-7.46018             2.92383            -54.7991
13.9631            -4.78716            -28.2084
-7.16961            -4.26472             -37.029
-23.0729            -2.16142            -6.96448
-7.50071             6.84931             1.03043
-53.2811            -8.26449           -0.619328
-14.6248             8.60171             9.97755
-3.59274            -6.28895             3.26158
-1.78287             3.76641            -3.66437
9.14527            -7.55697             4.95244
7.0303             9.20017             10.7676
8.62597             3.77647             8.08187
4.58588            -3.60689            -5.92208
3.8018            -7.12637            -6.76534
-0.50127             4.83863             11.1503
-36.1735             7.15165             4.74956
-6.64436             9.86872             2.89445
-4.82057             3.96451            -1.92295
-19.6948            -6.08575             8.10192
0.449624            -7.56769             8.13315
-1.10909            -1.07467            -7.07195
10.574             7.61844             10.2329
-5.62776             11.5109             5.72857
-11.4975           -0.535685             11.7402
1.79386             5.56626            -1.39728
8.16602             7.46592             -4.2635
-11.516             10.2215             9.41221
-21.2242             9.40542             5.78192
-1.62043            -3.76565            -6.25976
-29.7319             10.1328            -26.1051
-7.35121             8.19082             -2.6295
-3.37155            -4.22272            -9.87899
10.0564           -0.485814             8.70789
6.46991            -5.09513             2.87467
3.65722             10.0004            -17.4143
-19.44             10.2747             3.25197
-15.7349             3.76132             1.86797
-55.3987            -6.26633            -6.16722
-19.3019             10.3676            -5.81446
-12.6964             11.0873            -2.57815
-0.271722             9.28622            -8.35313
-29.5412             8.17341             7.54218
-9.77036            -3.40835           0.0112316
-33.4859             3.76789             3.07127
-16.5707            -7.25312            0.718132
-2.47534             9.19979            -6.74999
-14.5933            -7.67859            -2.29694
-20.9943             4.11337             1.30077
-15.8122             3.25025             -6.2519
-45.2509            -5.24585             2.97405
-20.9316             4.50977             2.43584
-0.763357            -5.91522              6.2184
-1.61983             3.11117            -6.58754
-40.6003            -2.09534            -7.31592
2.24505             1.46374            -7.00935
-1.61667             -8.1532            -1.48105
-3.61782             3.08681            -4.45612
-41.6544            -3.52231            -3.81121
-10.5318             1.55507             4.01542
-27.6392             8.96091            -1.39171
-27.2857             4.63857             3.01312
-3.27497             8.03635             5.32881
-9.63552            -9.26459             1.78239
-37.0139             4.77729            -36.0188
-8.12481             5.51071            -49.2606
-8.67151             5.35453            -7.63827
-3.62914              4.6598            -20.1105
4.86247             6.84969             8.46876
1.41976             -4.2286             12.5797
-36.9469             4.23871             2.65693
-12.4513            -5.17802            -1.85508
-34.5933            -5.85829             3.36305
-8.59182            -4.48685           -0.865219
-4.2854             -1.9153           -0.154578
-9.72801             1.54873            -6.56889
-23.7961             8.87222             6.93006
-8.4544            -1.98874             8.44243
-39.1804            -1.05307             6.96947
-18.4008             7.42749            -8.20335
-30.6134            -4.65036              6.8916
-23.5106             1.86962            -4.29827
2.03891           -0.284807              2.3241
-19.2929          -0.0345299             8.15313
-27.8364            -3.98988            -3.33907
-7.44275             11.6667             4.25392
-2.02233            -4.18425             7.84245
-21.1912            -5.15925             -4.4125
-24.3821            -2.62617            -1.03655
-14.0717             3.57795            -3.17384
-2.53089             4.43039             7.34141
-26.5038            -5.88267            -1.82602
3.73615             6.53587             3.69176
6.61819             5.97683             11.6418
-36.1766             8.02099             -6.9958
-26.2941             4.39499             5.90212
-35.99             5.43062            -50.1969
-8.58014            -5.23657            -2.85755
-46.8545              4.1303            -11.6247
-9.78549             2.53828            -22.1107
-15.4505             9.59975             1.96621
-9.71715              1.0578             8.06993
-30.3222            -4.94054             3.40256
-16.3482             8.28008             6.54902
-24.3081             6.89846             10.3051
-18.1566            -2.87298            -3.02005
-50.4356             1.40871            -2.54094
-17.1412             7.54558            -3.39744
-9.68389            -6.95351            -2.03746
2.25944             3.69066            0.706215
-33.4445            -0.93863             3.26331
-15.9761             5.67178           -0.462459
-29.8482           -0.763575             9.27644
-17.8404             2.59862             5.56336
2.9121            0.727141             12.2884
-11.305             4.92208            -6.80564
14.8292            -8.27259            -7.30327
-6.63974             -2.0924             9.44684
-55.7581            0.365291             2.38763
-3.16168            -2.62028            -6.73965
-9.75425              3.1484             2.25585
-10.7626             7.43778             4.50716
7.37969            -2.41973            -4.34015
-6.15953            -8.87809             9.86514
1.77959             -7.8317             -2.2489
9.32234             2.04521            -6.54971
-3.24801             9.15898             -5.0476
-20.8775             7.52012            -1.08093
5.83025            -2.92621             -11.791
3.53946             6.40183            -33.1497
-31.0606             -9.1176            -8.38121
-13.0607            -8.86389            -21.4374
-25.3066           -0.760607            -8.12093
-26.1712             8.03493            -2.32562
-32.3561             3.30354            -3.59026
-34.1046            -5.40173            -1.00324
-32.5836            -8.70499             10.8848
-10.697            -6.38593            -5.63753
-1.16524             5.23666             6.37852
-8.54952            -4.57501           -0.154608
-19.7554             5.58305             10.0045
8.40721             5.61078            -2.44023
3.14773            -1.31544            -8.15855
-16.1302             9.04344             1.94878
-34.2959           -0.401408            0.126929
-1.67864             7.88498             2.43789
-3.04294            -6.52291            -3.91513
-8.26646            -2.57196             2.29749
-5.30598             6.89703             4.04915
-4.89973             3.24769            -8.59404
-46.4587            -1.24656             4.46919
-27.6481             2.69555             10.2669
-15.9053             4.86451             9.01064
-8.09231            0.682788             5.10434
-43.9139             4.77881             8.00008
-6.27315            -9.02677             6.64684
-6.79148             8.29587            -2.12692
-6.67531            -1.26827            0.892959
-29.2242             1.45415            -7.26584
-9.90178            -5.57549             2.13251
-8.51599             8.86773            -13.8681
6.55776            -5.35391            -26.9949
-40.971            0.822999             9.17929
-11.603            -4.58404            -20.0134
-30.2466             9.49606             3.87049
-25.1448            -7.24091             11.5148
-1.98925             4.89396            -5.13873
-26.7308             8.57682             9.52288
-7.9175             1.00352             8.19983
0.503221            -6.20548             11.5467
1.96748             9.55766            0.162275
-1.94894            -0.59287             -5.8837
-19.073             6.05929            0.932798
-8.94139             4.51551          -0.0356419
-45.3225             2.97161             11.1334
-11.4997          -0.0237216             4.94418
-20.7501             4.63249              1.9974
-22.7076            -2.89049            -0.25288
-30.2689             -2.0479            -8.13879
-23.9098             7.54083            -7.39224
-19.8532            -4.74571             8.55761
-16.7293             3.23091            0.671142
-29.6039            -5.02744            -8.65237
-27.0615            -8.84222             4.09817
-26.7121           -0.475088             -3.2549
-18.8818            -8.27838             9.27615
-36.8382            -6.17392            -7.10899
-21.175            -8.75078             5.68256
-32.5766             7.24057            -7.37475
-20.9827             4.67297            -6.05404
3.22024             1.47414             8.19739
-22.2386             1.86534            0.783988
1.09945              8.9614            -14.5962
-3.65296            -10.4737            -27.6209
-34.1641            -5.70832            -3.02761
-23.6637           -0.221587            -22.3839
-14.4086             2.04557             9.55198
-25.1609             9.20705          -0.0845165
-31.8877            -5.64784            -2.13653
-12.009            -8.73779             4.38749
-12.2728            0.344019             10.8029
-1.72209             2.87234             2.73672
-28.319            -7.92271             8.47725
-9.45811            -2.51254           -0.524663
-13.9556             1.95862            -5.71366
-9.18608            -9.80241           -0.996671
14.2299            -2.55594            -1.20202
-3.27839            -1.25522            -3.15837
-28.5752            -6.33308            -8.59848
-3.9777             5.42086            -3.73759
-23.6588            -6.03964            -5.81806
-25.6796             10.6795             2.23681
-26.4674            -5.07947             4.61475
-23.5048            -3.39726            -1.89775
-21.0037            -12.9864             3.62513
-21.4172             10.6215            -4.76055
-20.4299            -7.59055              5.2034
-26.5328            -1.33877             9.75399
-30.8678            -15.4181             10.0818
-27.2105            -2.27565             11.0132
-8.9054            -8.36865            -4.96986
0.550883            -4.38221             4.64482
-12.8659            -3.42415            -2.58463
-15.5015             8.44372            -8.45246
11.9925            -13.3364            -20.9686
-1.37132            -1.18331            -37.9825
7.38541             11.3974            -9.77809
4.65955            -28.8817             8.05953
5.80693            -19.0423            -1.33413
-4.37078            -20.4943              12.063
4.21104             1.59592             5.99506
8.59832            -32.8162            -3.48146
6.33039            -27.6975              6.4664
6.6387            -13.8419             2.50352
3.70278            -19.5414             9.70144
0.444272             5.36568             2.29529
6.89001            -34.2978             8.77993
-3.8153            -13.2597             11.7711
-1.68782            -18.6882            -2.93917
-1.81649            -4.40401             4.31682
3.12808            -24.5051            -3.99632
7.26566            -5.17622             4.94011
11.1899            -28.6532            -8.23063
7.35803            -32.5789            -5.76946
4.41358            -26.4745              7.3348
1.37494            -18.6668             10.4169
0.638777            -18.8601            -7.68259
2.51964            -30.8147            -7.03406
1.81986            -28.4425            -1.97032
0.409351            -12.0655            -1.19041
7.00785             -14.721              10.666
4.1466            -8.67815             3.92016
5.23139            -21.4224             4.39161
10.0397            -2.61245              5.2173
6.76853            -15.6516             2.17645
2.6374            -24.3235            -12.7977
6.30955            -4.05718            -17.9021
-4.10594             7.74132            -52.8547
12.4754            -3.86077            -27.4474
3.3771            -1.24141            -21.5895
11.6417            -2.86002             10.2622
0.638977              1.2241             7.45032
12.5922            -3.76725             7.00748
0.901171             6.54013              9.0302
7.78196             3.91169             2.51628
-2.28292            0.825661             -2.5932
-4.63519             4.57725             11.5034
8.67135              9.1376             7.60152
7.49019          -0.0996215              6.4622
1.733             -1.8919           -0.106239
9.44161             2.90543            -1.82329
9.23999        8.30494e-006            -3.76116
4.59617             9.42343             7.54286
0.745578             6.84212             6.53888
5.00921            -4.64259            -2.92386
2.76055             9.79554             10.1885
9.42322             10.2687            0.879338
8.63471             -6.4346              11.417
-3.61687             2.20692             3.78326
9.22469             8.16325            -4.84241
5.79099             13.8974            0.923535
10.2794            -4.64509            -0.83292
6.00742           -0.376147             2.58965
7.7924             1.90166            -7.51281
9.16236            -3.01199             3.88382
4.29451              6.6567             12.2975
9.69926             1.79502            0.398185
-3.67222             4.05327           -0.519214
-1.80208            -4.80093            -18.3369
-6.47959              -3.641            -48.4945
-2.96687             -4.6341            -18.1159
-2.15002            0.990735            -26.0603
0.676135            -0.41407              3.6158
-0.477008             10.7235             8.94299
4.614             2.71653            -4.01292
-2.17119             5.11505             1.08814
-1.53356            -6.97645             8.70114
2.13156             1.99452             9.05189
6.80447          -0.0306663             8.79896
-0.614692            -1.63408            -2.27371
5.52933            -6.14555            -7.75177
-4.13193            -6.33353            -6.05244
7.47149            0.710375             8.86565
-5.14766             8.64437             8.21549
-2.23491            -5.44298             -3.8657
-7.38616              5.3597            -6.75444
-1.92458            -2.81714              4.8628
5.91637             1.54249             8.56484
7.34058             7.13447             1.17229
6.73916             3.93805             5.75918
1.7676            -9.41353            -7.91541
6.31819             8.19878             7.11242
-6.304             11.2128             11.4514
2.96499             6.29444            -1.60573
-1.44531             1.87112             5.51797
6.96969            -7.75265             -4.9142
4.12976             10.7181             1.14854
6.94899             3.51883             2.42026
4.38854             5.18637             7.16449
-0.206033             7.71065            -3.33653
-4.94931             11.2457             -31.903
9.33829           -0.342464              3.6642
-2.66226             8.48568            -12.9085
-2.4363             2.02352            -15.2163
8.67779            -7.34409             12.8935
8.9339             3.16849            -4.67241
3.66777            -7.02712             4.07268
-3.2565             6.81056             4.31197
7.59951              5.7889             9.18491
2.72921             6.78949             8.33164
0.374036            -7.98725             8.31343
8.58863            -5.01086             5.07554
7.95905             11.6653            -0.99814
3.20683             3.31112            -3.71137
9.08256             10.4678            -3.09823
-3.29902            -8.38574            -3.02483
13.6482             4.37896             1.86652
0.913111          -0.0822022             1.43922
-4.36619            -2.87617             6.01992
4.1654             5.73583            -4.74839
4.8142            0.893212            -3.89591
1.2905             4.34672             2.95597
-3.02062             10.0016            -3.88942
13.0321             -9.1313             5.96178
6.72832              5.8534             5.88435
-0.446665            -7.71996             -2.9899
-0.88763             8.16502            -7.62233
6.26649             9.55957             4.74946
6.48888             10.9004             5.46323
-5.62022              1.5002           -0.008484
-0.759698            -2.46098            -5.73529
-2.84603             1.40724            0.961655
0.839248             11.7513            -19.2095
2.41198             9.40707            -53.4154
5.90882            -6.39941           -0.477777
11.2213             4.41864            -15.4541
4.07883            -1.41909            -7.15344
-8.03771             4.61882             8.53342
12.8383             6.38761             7.35646
-6.6744            -2.11169             7.65451
5.31199             4.64139             10.1941
-2.55461             9.10034             5.94294
-1.3218             8.89978              6.3628
-5.52286            -1.03448           -0.157862
-1.32547            -5.48522             3.82113
2.71572            -5.19966            0.083778
-2.17378            -8.01969             5.47855
12.7222             3.83853             9.38957
7.92233             4.89127            -4.96229
10.7216             11.7224             10.8631
3.38031             1.62218            -6.54271
4.90635             6.62701             5.60819
3.89081            -6.64935             6.28342
-4.42368            -7.47711             11.0571
11.6463              -5.956             10.4065
-4.46284             4.57032             2.03977
3.3989            -7.42021           -0.179185
8.10859             8.31692             1.16684
11.1302             8.86829             11.5626
-2.07235             2.90382            -5.78545
-1.5057           -0.331613            0.545538
-5.71206            -2.66445            0.421256
3.89626             7.12943            -6.30005
-3.40707             3.45052            -3.26634
3.54563            -4.05829            -32.1111
-8.49323             6.20092             14.1041
15.4188             9.43414                -3.6
1.43532             6.82506            -19.0225
7.60194             4.57674             10.4952
3.29027             9.99137             9.27045
3.0464              4.7214             3.84002
-0.633633            -5.45732              2.8075
1.36703             3.40522             10.8409
0.925254            -2.52047              7.6229
8.06733            -6.43166             9.92299
3.97104            -5.38055            0.703807
9.44454              3.0167             4.33078
-3.90414             10.7231           -0.689523
4.33296             5.34262            -2.68365
3.83454            -8.86731            -5.65022
13.4151             3.01766            -5.49725
9.21705             3.97992            -5.74861
-1.61112            -8.22659             8.14697
2.25881             4.16489             7.27168
-4.90659            -6.79473             -1.1517
0.638705             4.52563             6.84704
14.8625            -8.36221              4.1289
1.48708             -1.6565            -4.91108
5.39699             2.71208            -2.18214
10.7577            -3.23495             10.5908
2.79015             9.31283             8.17989
1.10692            0.127535             4.20029
1.52541            -4.11036           -0.200584
-7.96962             9.99989             7.96147
2.6787             3.96665             1.15205
13.6161           -0.939421           -0.280915
6.75076             8.99096            -33.6312
7.2425             4.10218             2.74432
-2.93011            -2.44507            -23.0854
12.0536            0.855147            -2.15779
12.1825             1.99465               7.963
11.0869           -0.954753             11.6234
9.12783             1.62244            -1.59296
4.08513             7.25995             -2.7079
2.19185             7.17086             0.53558
3.9785            -6.93805              0.5461
5.73808            -7.31306             5.85533
-5.0024             7.44176            -0.96824
9.77858             7.91955            -5.49537
-1.90563            0.853166            -1.07375
9.43816             -8.4329             -2.5661
-3.88565             -2.6591            -2.35066
9.00913             9.80236             7.29186
-0.184784              10.698             4.90377
13.709            -4.67399            -6.89846
-0.140476             1.24929             1.47061
-0.244722            -3.78381             7.13426
2.8285            -1.29741            -2.78435
1.00273             6.52083            -4.44622
4.69023             3.70245             5.71926
-1.57744            -1.72346            -1.63654
9.44358             2.30861             2.72971
9.1732             1.19042            0.323157
7.61739             8.41307             1.80334
0.997625             4.14127            -4.86164
-3.41412            -3.70102             -4.8763
3.5692             1.62092             3.97563
1.05689            -9.82967            -2.48049
8.34366             8.25046             -31.919
9.90939           -0.269025            -7.82618
10.278             5.28604             -19.997
-2.23648             1.22273             -0.2707
11.7677             4.67628              1.8461
-4.05324            -14.5134             2.93982
3.95016            -8.84136            -4.62112
-4.35018            -1.56384             11.8396
10.519             10.8768              1.9225
1.69904            -9.17888            -2.12176
-0.78717            -1.11135            -8.13377
9.37494            -4.97444             2.67072
5.31678             1.83786             9.74248
-6.12842            -18.6568             8.84691
12.1024            0.355411            -3.52381
13.0973             9.30576            -2.01225
-3.59321            -1.10165            -5.90696
2.86415            -6.09861            -5.52846
7.10465            -9.00411            -5.08753
0.258321            -1.76222             10.9259
8.91689             10.8203             4.94597
11.0808            -3.19466             5.00001
-2.67784             5.71391             7.05168
3.82288             5.39875             9.88774
-3.3312             1.56498            -4.60345
4.48053            -8.12285           -0.628562
0.165318            -4.84588             9.62834
0.766724             3.48874            -3.43552
10.2385             9.49018            -3.81752
4.84058            -10.2749             1.87741
0.742919             5.54335             5.80715
2.30986            -7.34648            -14.9689
3.70822            -25.3203             1.00851
-6.29771            0.769174            -53.2282
0.949715            -23.1673            -25.5568
5.70547             -5.1481            -17.1193
-5.5087            -16.3854            -1.79864
7.68515             5.03125             3.95519
8.2885             -5.9234             -3.2407
6.94222             3.12783            -5.81895
6.51762            -27.0467             4.29092
4.55819            -1.50762             5.56674
2.85706            -6.65907            -0.97394
-7.71514            -4.22892             2.84027
5.81321             4.73943             4.11282
5.01105            -1.66512            -6.63882
11.2301             11.1839             6.72073
5.4337            -50.4965            -8.30729
0.807            -20.4267            -1.64461
2.97717            -5.41315             5.58001
3.8443            -12.0375            -1.18445
-0.794362             15.1327             4.43737
7.51349            -23.6403             6.91997
0.504092             1.92918             6.02657
1.72909            -9.55932            -7.24335
-5.44784            -32.8765             3.97126
9.78228            -20.1016              3.8708
1.89014            -17.2628             7.03235
-5.80099            -9.60986            -6.14405
5.75989             7.75916            -1.86611
-0.389954            -9.38612            -5.68415
4.25869             4.19038            -5.59705
1.26978            -9.07436            -9.10101
-1.9514            -10.4682            -18.1248
-2.24295             13.3414            -31.5455
-5.87474           -0.429461             -57.978
-5.51212            -3.67892            -18.3287
-5.80474             8.91596            -14.8616
9.34738             7.62873            -5.46092
-0.406447             2.28168            -3.30128
1.56135            -2.37651            -2.11999
8.67949             3.39516            0.209761
-5.55121            0.141058            -7.86904
-1.74976             3.38546             1.29609
-2.3084            -6.52478            0.363839
4.40463             7.30361            -6.71804
-1.72685            -3.81307            -7.18851
4.74912            -4.04069              9.5983
1.9214             4.96441             7.35996
2.90954             11.2406             11.2314
4.84832             -6.6259             7.99555
-3.10024             8.62574             -1.5481
0.343378            -4.29704             -5.0112
-1.4889         -0.00267046             9.01098
5.28325            0.460951             0.53003
-2.86255            -4.60051             4.66686
0.872509            -2.50832            -1.24936
2.0965             1.09809            -4.62974
1.07531             2.83725             3.77159
-5.99676             11.7243             3.22465
11.9351             1.61762             7.12316
-6.71937             8.33031            -2.42136
0.573079             6.61108             7.90369
2.12977             10.3359             1.67491
-0.896915             5.02954             -11.643
11.8102             6.26412            -4.28733
1.06614             2.89017            -34.6861
-0.783485            -4.29107             8.68145
-0.848777            -2.77224            -20.4994
12.4571             10.0111            -9.59015
-5.56841            0.755879             12.5025
1.80446           0.0835034             2.55163
-0.839605           -0.943479            -6.45883
3.3078             2.40187            -5.44068
8.81411           -0.152113              6.1388
2.93619             9.10526             3.04008
1.90773             3.48457            -1.96069
-1.26552            -4.73189              5.5209
-2.46744               -1.76             1.08121
-0.72885            -5.42907            -6.13276
4.07076            -3.17365             7.24008
3.70548            -7.53589             2.16896
4.36284             -1.5705            -7.83625
-1.92796            -6.98906            -7.22602
-2.81893             7.13588             4.34024
3.14227           -0.527881             6.93329
-1.61331              7.7006            -2.41843
-0.0565243              8.1086            -7.56883
6.10063            -3.65693             -6.1008
12.8882              3.7067            -4.85897
10.7789             8.06839             1.03866
8.16768            0.654591             11.5516
-4.77304             8.21175            -1.17573
-1.52244            -7.34927             6.75489
-2.26514             1.91526            -2.01649
2.48821             1.35547            0.998746
9.12168             8.51233            -3.10885
5.36565            -6.72117            -1.02766
-4.6346            -1.52372            -21.2358
-4.79958             2.67593            -56.5823
-1.24646            -8.62097            -6.48513
10.3384              -1.235            -5.55622
-0.764251              9.5472           -0.597882
-7.5837            -1.84622             10.0077
12.4749             5.64191             7.64715
4.00312            -6.29978             5.10825
3.404              7.8747           -0.616112
6.89627              4.5975             7.75834
7.90758             7.50326             10.3798
2.66903               5.324            -3.81105
5.46683            -5.50387             2.25067
4.55542             6.34968            -7.02626
-0.958307            -4.97137             9.63676
6.04102             3.86938            -2.52288
2.45652            -7.10098             4.35031
0.558081            -3.88339            -6.27303
8.58734            0.556298             3.66417
12.0623             8.29575             5.78851
-0.147838             9.50057            -6.05031
1.06882             2.12159             7.82207
9.27413            0.906506             11.3902
5.45365             10.3186             7.48154
1.45072           -0.205703             7.90645
0.340603             7.00584           -0.502621
-4.33175            -2.41756            -3.17963
8.60487             4.41519            -4.98618
-4.376             9.51306             7.80073
-6.13051             4.43056            -5.60331
-8.51071             6.56857             9.58758
7.43666               6.819           -0.185715
8.07061              1.1837            -27.8704
-0.594821            -7.60948          -0.0290396
7.38675             5.33371            -20.3449
5.66952             3.99103            -27.9674
5.14586              4.3833            -4.64144
9.02806             5.31742             8.87438
10.6588              2.2537             11.7313
-1.19016              5.2977             7.56258
1.36713            -4.71283            -1.13652
8.19651             4.36811              -6.936
3.91556            -1.43478             6.36293
3.4759           -0.163996             -4.3988
6.20266            -4.11979             9.91112
2.3442            -1.72609            -7.96798
3.4587            -8.87817             3.29379
11.9823            -5.67884             1.34553
9.71116             2.54858            -3.53028
4.44625            -7.65136             3.93051
-1.04103            -2.85275             9.34763
3.73974            0.968891             3.86569
3.73568             10.6702            -1.09415
-4.53932             2.69098             4.75752
11.1766            0.102886            -7.18965
0.584625            -7.91786           -0.908364
6.55781            -5.63914              9.7511
1.68416              -6.993             7.47487
9.37952             8.65843            -3.56877
10.5019             7.92089           -0.548241
10.003            -1.90321             10.0138
4.59278            0.973897             3.12221
-0.0386449             5.08337            -12.0649
12.1102             5.48261            -10.5969
-1.82749             4.14367            -24.8355
5.08215             10.7631             6.96894
-2.23694             4.98244            -2.89907
5.96358             -5.3914            -7.42687
-3.24056            -4.60721             4.93568
8.43965             10.4492          -0.0399389
4.24833           -0.433355            -7.68874
4.70708              1.2465             8.97182
-1.40837             4.02413            -5.72334
-5.70701            -4.46507             9.95479
1.16773             7.81503             2.88369
-0.432638             1.70083             10.2782
-2.73989             4.57529            0.139537
11.5008             2.72256            -7.45953
1.77123             7.16631             2.06184
7.09012            -6.80478            -2.41784
7.12461             5.13665          -0.0605782
-2.55132              9.2131            -4.62234
-0.133149             1.89728             4.40535
-0.170305            -1.15567            -7.16606
0.533379           -0.531834            -6.33504
2.10898             2.44567             -7.9024
-4.61725             5.20256               4.849
-5.37894            -2.43747             5.77096
3.52095             1.02812             11.2731
1.22729             6.43741             -7.9048
3.92186             1.26668             10.4196
-1.63609             3.63111             7.42465
7.4812             10.4445                -4.8
-0.0766391           -0.110466             9.46606
10.6244             9.86677            -11.1999
5.80467            -4.05219              6.3828
-6.54409             7.67295            -7.48064
5.24061             4.07991             3.55697
10.8748            -4.07098            -1.35945
-4.84123             3.46942            0.724984
-6.77831             6.28518           -0.450636
-5.77488             8.75007              -1.574
-2.45184             4.33941             10.8247
10.4981             7.91109            -4.93428
11.7731             1.27377             2.48305
4.74914            -7.28739             8.05515
-5.77732             -8.5363              9.4537
12.3429             7.54727             8.86252
9.52589             6.67618             -5.1693
2.25768             4.90842            -2.93457
5.61488              10.417             5.28673
-4.80574             5.74881             9.47533
-2.25041             2.31227            -6.59619
6.90303           -0.170014             2.66725
4.51069            -4.97745             2.26753
7.72849             7.36755              8.1205
5.59053             -3.3793             11.7407
2.50872           -0.757101             6.79992
-4.10309              5.4804             5.24706
5.17103             5.65455             3.49661
3.16173             10.9522            -4.61677
-0.99663             1.71878            -7.20271
8.60314             5.84812            -7.29568
2.02339             8.71814           0.0987984
-7.86703             8.29254             11.8139
10.9826             4.38822            -1.92933
-2.84422             10.1964            -16.0804
-3.38156             2.75257            -8.68877
8.63275             13.0595            -7.08283
-8.49253            -2.66835            -3.64181
11.2375            -1.97131             8.20905
5.66716             2.30383            -1.06078
2.12019            -3.36157           0.0043383
9.18358            -16.7485             -2.9665
11.8957            -4.73532             8.82248
2.53561             6.32044             2.31214
2.59373            -5.86361            -7.56413
11.203            -7.40335            -7.63984
1.81386            -10.7009            -1.58421
8.2192             2.97079             -6.3757
4.34443             5.86423              9.4688
12.1648            -3.62623            -1.77686
2.34123             2.49982            -3.88832
-1.4153             7.37606            -7.46518
-3.95942             7.16941              6.1114
-1.86456            -12.1525             11.3726
7.37522            -5.32062            -3.60636
3.84526             5.01498             8.57442
-6.14887              11.189             4.31434
0.956964            -1.08314            -4.98909
0.682692            -7.10451            -4.70479
-5.91942             5.60112             6.75179
-2.21434            -6.46106            -5.86802
10.8462              8.1693            0.445263
4.49343             1.91798             4.03429
-5.69585             3.88944            -6.16483
-4.94525             7.87289             9.11161
-1.92007            -10.2556            -6.40128
9.94462            -6.29778            -7.99958
3.86384            -6.65413             -1.3704
1.3334            -27.9732            -15.3445
9.60079            -2.35917             13.1627
6.9493            -7.14026           -0.540906
-3.30947            -15.1292             2.37321
3.39428            -6.86957             10.3983
-5.14215            -5.56007             9.43065
5.91418             4.43151             2.15962
5.51551            -31.5879             1.16222
8.80604            -17.7009             5.89909
0.982925            -1.06483            -6.62639
4.46767              7.0668             1.13748
-7.16186             3.41242             11.6197
5.83221            -16.3265             6.60569
0.367453             2.32163             11.2866
-4.89777            -6.63939             -5.0767
2.60702             6.37963            -2.67725
5.39777            -11.9123             3.58514
4.91097            -5.81575             10.1747
-5.08832             1.81013            -8.52989
8.80227             4.12285            -3.56586
-5.77916            -35.6486             8.10052
7.53251            -14.1142             1.90739
-3.75972            -10.2092             8.23531
-7.88098           0.0360027              11.583
2.26899            -19.6044            -3.46502
1.96071            -15.9162           0.0201721
4.57925             1.52287            -1.87329
11.0434            -30.1369            -1.37148
-6.3129            -26.2627             10.4124
5.74626            -18.6674            -2.29048
-3.0706            -11.9503            -1.33141
-7.97116            -6.88467            -26.1656
5.61511             3.48551            -22.7996
7.52828             2.11193            -51.3184
-3.469            -8.83356            -35.1593
10.4499            -2.39322             -19.181
10.6011             -1.9971            -4.28772
9.36098            -1.96607             9.74278
4.81883            -8.26073             9.24798
-2.97671             10.5594            -3.54492
9.13881            -2.65326             -5.5735
10.2297             4.02201            -5.71693
9.89425           -0.134408             9.68827
-1.31617             9.33241             3.09949
10.1773            -4.76721            -5.96169
5.67591             11.8528            -7.02616
-3.28077              7.4325             4.07911
4.17127             1.60355            -3.15458
8.06168             3.98942            -2.66779
8.01216            -0.77032            0.922608
6.69837            -5.88336            -7.58605
11.8746             2.39862             8.32451
-2.04124             3.78787            -4.14333
0.985908             8.11129           -0.600407
8.08671              4.7748             2.51516
-5.02206             1.32566            -5.16769
-0.271145             7.25259            0.379403
4.65415             4.55708             4.88402
1.25815             1.36083            -5.51313
6.67553            -2.26931            -4.87056
3.92749             3.31055             7.72593
-0.870359             6.48388            -3.38263
-4.09705             4.26736            -11.5983
3.44225             2.96135             2.09814
-5.21127            -6.03744            -27.7363
-5.97472             -1.3967            -49.1878
10.9328             5.29636            -8.02339
-4.26245            -4.87095            -13.0237
6.34645             11.1779            -2.89753
6.8665            -7.46711            0.314859
2.40221             9.01817            -2.20039
-3.44774          -0.0163233             2.92948
6.96773             4.59747            -3.33535
-0.914762            -6.18873             7.27212
11.1591             9.43671             8.24573
-6.0543            -1.48627             5.24666
5.36988             5.87487             -1.7595
7.09258             6.28757            -3.27053
5.79006             3.60742             4.09457
11.737             7.36831              10.929
-7.72539            -3.88708            0.301858
-4.40593             8.80764             4.42231
2.34826             10.3204             10.4163
11.8708             3.43252             11.2728
-7.82216             4.78274            -2.75979
1.73542            -1.27872             -6.1258
11.3981             9.35285            0.672792
5.71571             6.77484             8.62447
11.609             5.86846             7.25786
4.4695            0.886867            -6.33625
10.8619            -5.98024            0.841933
2.59044             9.14458            0.814879
11.4138             7.53186             2.58551
-6.90488             -6.0238             10.3569
1.02388             2.99746            -7.52188
4.50296            -2.97018            -3.99126
-0.636064             2.79183            -33.1445
-2.07429             -6.4958             11.2089
-3.08087            0.853915             -18.475
6.85041            -3.21176            -16.9204
7.80549             6.73914             12.7042
-0.072883             3.69011            -5.58777
2.81559             1.39054            0.765645
4.29449             6.54949             11.1786
3.08587              9.3084             7.72963
-3.65603             9.79118             6.48485
7.94074            -1.38808             9.30635
-3.32452            -7.01053             10.7008
10.2211             5.73612            -5.07989
-6.24676            0.146731             2.82032
8.66188            -1.93493           -0.895708
-1.1637             9.42942             3.56777
7.16185            -6.41846           -0.880564
-8.09426            0.955779              4.9809
-4.62811             5.09925             3.95554
3.1932            -6.36722           -0.973527
7.49572             1.76094             10.9534
-3.38254             3.70615              2.4387
5.97166            -1.65327            -5.05466
8.34341             -4.2519            -1.99749
-3.42935             4.64253             8.12947
-5.46799             9.20954             3.15332
0.298433            -3.23895             1.46969
-6.35168            -9.09501             11.0854
-6.89849            -3.12668            -5.90604
-7.2209             11.3464             3.54443
-5.24476             3.90126            -9.07467
5.46779             4.71017             8.46079
9.80119             3.07935            -20.0169
-0.93189             8.78348            -53.0657
-5.51145             2.71973            -12.1142
6.02831             10.2006            -5.89748
-4.0235             -7.8468           -0.913606
9.43481            0.763757             3.76397
0.473009             6.77894            -2.82522
-5.83862            -2.41386            -6.89753
-5.48774            0.480921             1.02383
1.85102              10.573           -0.138338
7.51134            -4.48212           -0.533114
-6.39202             3.75728              0.2305
10.0581             9.77885             2.42588
-0.241228             2.19895             10.1948
9.97915            -6.58776             -3.0295
5.50632            -2.08641             6.08809
-4.82642             9.72004            0.383708
6.89038              10.874            -4.78405
3.2209           -0.961578             7.13993
7.48628             6.80228            -5.39128
8.99248              5.9654             4.75134
-1.7035            -5.40121             5.02654
10.5164            -5.25699             3.61074
0.887384            -4.52087              1.8566
2.56344             1.64338            -5.05251
-4.20955            0.547532            0.702127
11.9611            -5.74406           -0.164093
-4.75114            -2.66696            -4.30233
-0.65256            -6.42797             2.90217
8.30533             9.89329            -5.71008
-0.908666              3.9113             3.59072
13.1444             -9.9082             -7.4039
11.3209               4.953            -33.9141
-2.80229            -3.35999            0.196532
12.8454            -6.07443           -0.413921
6.24055             7.31356             -16.901
-0.406607             -5.4182             4.10291
-6.03177              8.8971             5.56054
6.18597             7.31787             7.92867
6.75312             9.29817              6.2961
-3.81474              7.4198             6.00178
3.30692           -0.917069             -6.3256
1.21028             0.45661             4.80531
3.86592             10.1032            -5.52556
5.45857             3.66528              6.5819
5.31828              11.122            -6.38618
1.86762            -0.21788            -3.33401
2.48849              1.6657             6.57455
8.87736             0.12048             5.67588
2.56085            0.783893             2.87296
4.11928            -7.32308             -1.7999
5.62779            -5.49249            -3.18966
-3.03084             2.13962             8.90617
-7.56675             6.36546            -5.85613
6.6539            -1.77581            -2.74484
7.44            -2.85446            -1.91978
10.0234            -5.01177             4.65447
11.6721             9.71177             2.38342
7.69044             4.71284           -0.907361
5.91741             6.91185            -6.32843
-7.18712             10.1769             9.46631
2.4541           -0.789861            -6.95101
-7.29442             3.64329            -16.6405
0.164058            -0.32419            -2.81733
-5.79155            -3.39735            -10.7282
6.17883            -4.29285            -45.8766
4.64213             2.02443            -4.39527
10.2429            -1.19762             1.75152
-6.62499            -3.22943              -7.218
6.91233             1.88832             6.19532
-6.06351             -5.5244           -0.256435
0.922404            -8.19648            -6.28518
-6.78138             1.54019             4.64059
8.18471            -5.74079             9.91521
3.86904             6.18527             3.13325
1.934            0.677183             5.12925
1.38449             7.23321             9.66217
-3.13269             9.38795             1.24636
-3.07663            -8.15834             7.21615
1.5902             5.92041             9.64491
1.6104            -4.12433            -6.81825
-5.92335             4.11328            -6.66215
1.3979            -7.00535            -1.21405
7.3579             4.57369             1.89898
-2.98385             10.0905             2.45442
5.19755            -7.25371             -3.3608
-2.42088            -5.64772             -8.0148
-2.43995             4.45579             1.83225
2.32147             4.38736           -0.458668
2.93105             -5.3981             8.18853
10.1412             4.83465            -8.02066
-6.57372             9.52626             5.17203
3.97497             3.78414              6.1722
9.28427             4.36924             6.12193
8.91451             1.98444             8.84092
4.60889             3.35971            -11.4919
1.2349              5.7938            -27.8737
-1.76166           -0.935543            -12.8799
5.85481               -7.91            -16.2709
5.17439            -2.66534            -9.75374
4.98385            -2.47674             4.78469
10.7168            -6.97835            -8.05372
-0.857422            -10.3629             6.33628
9.66675             7.29189             9.82079
-7.13345            -2.41251             8.37525
-0.3694             5.40851             3.08508
0.616298             6.18082             -7.6825
4.7972           -0.175767             9.96027
1.87876           -0.072474            -3.92565
-3.44114             4.84875             6.41071
4.49754            -8.71078           -0.563832
4.39417            -3.28633             6.31996
2.08706             8.04955            -5.92208
-6.04958             3.20115             7.01241
3.36576           -0.130862             10.9421
-5.45117             1.95677            -5.82177
10.2115             1.06412             2.06345
5.80559            -7.21013             7.72474
1.70535            0.975743             9.02391
-1.63172            -7.81074             2.18598
2.17321            -3.31403             8.41784
6.93945            -6.79057            -8.22222
2.1069             7.50715             2.61043
-0.803392             5.06005             0.79147
1.37625             12.5374             9.53629
-6.46702             5.68611            -7.56854
9.99153            -3.58642            -3.59646
-2.37273             5.81592            -3.76795
9.01283            -13.6727            -9.88668
-6.89703           -0.085904            -34.9856
8.27246            -16.1149            -5.33806
10.1047            -38.7185             7.77109
2.33676            -25.6752             7.28886
4.55847            -11.8529             7.94757
-2.08979            -9.49981           0.0403737
4.3917             3.85992            -7.30573
-6.98728            -21.9776             9.49088
3.06439            -13.6746            -7.43505
0.236804            -13.3313             1.92756
0.24175            -35.5255             3.78708
-7.30925             -17.169             3.74917
3.75967            -17.9436              9.5099
0.99433            -2.39999              -7.789
-8.43251            -27.8436             3.79095
3.11581            -23.5732            -4.48221
-5.78301            -26.7376          -0.0359743
-4.43624            -2.96815            0.935373
-2.02729            -25.9279             6.06739
-0.855586            -30.2502            0.731151
2.7573            -22.5084             10.6652
12.306            -10.9055             3.50447
-2.20673           -0.337477           -0.447962
2.90482            -9.60628            -8.07695
-1.55793             4.55927             5.98902
11.3023            -7.32922            -2.19037
10.0217            -43.5045            -1.63394
10.9155            -32.5062             10.5613
8.29142            -11.4383            -3.29714
-7.70442            -21.3505             -2.6872
6.91222            -5.79138            -10.1061
9.24998             6.14614             -25.456
-1.19514               8.869            -36.4166
1.24538             3.96171            -30.8005
-0.0193439            -6.20848            -28.2911
-7.22052             8.71522             6.97439
2.54813            -7.66027              10.434
-1.91786             6.10766            -2.33207
11.1375            -3.10518             4.05093
6.29849             10.1122           -0.664663
4.11165            0.188484            -7.35001
3.395            -8.00962            -5.71499
-5.78514             7.07103               9.276
10.6287              7.2465            -7.89574
8.42885            -2.93156            -7.19423
2.46886            -3.11332            -0.80564
5.34584            -6.07972            -4.48754
-6.92798            -3.84013              11.423
-6.68305            0.470401             2.84551
5.98815            -3.12296            0.596676
9.42344            -5.21195             1.97011
9.61497            -3.84006            -1.91165
10.7928             8.29217           -0.362098
6.58             9.77512             5.21527
4.18896            -7.42458             3.89163
-4.29769            -4.63715            -6.48298
-5.33558            -1.85829             3.33443
2.15649            -3.31814             7.71683
-6.01653           -0.390613             1.43405
-3.46255              7.6583            -6.68865
-1.60383           -0.184887            -5.83767
5.00031            0.623975             3.22143
5.95824             1.72718             1.89161
1.98331             7.25922            -34.3004
-3.82946             2.80489           -0.729571
9.36149             3.93907             -9.4956
3.6026            -6.30423            -17.1015
-2.33581             1.02955             12.3276
2.72555             2.08846             -7.8588
2.34789            -6.42038             3.53308
-5.26436             9.81123            -3.99312
-4.74067             -2.9965              10.137
10.9114            0.577052            -1.58578
-6.19942            -1.60323            -1.57343
5.13961             1.76246             8.99077
-5.14388             4.89765             8.77854
9.49104            -6.58701             4.85354
11.3458             2.70937            -4.48121
9.39128            -2.65147            -4.69683
8.92853             9.76175             11.6949
1.70848            -4.68852            -0.99191
1.65354             7.14834             11.8256
5.88102             5.71511            -1.72979
4.76394             1.53212             2.18365
-1.43167              3.3521             5.29124
12.3836            -7.06902            -6.24294
-2.17818             -5.0122            -7.49081
-7.58867             -4.6116             3.94637
-1.88827           -0.671741             4.50224
8.8923            -1.06207             8.44095
8.48842            -8.62238             10.7542
7.86982            -7.61131            -5.15178
4.99981           -0.790498            -1.02614
0.142051            0.342616           -0.963559
-2.27561              3.8161            -1.97837
10.9978          -0.0865203            -25.2405
-2.65452            -6.18681             -2.1023
3.19601            -6.81198             1.32082
12.8249             6.64959            -2.23674
-3.70122            -2.55269           -0.139785
10.2365            -2.60322            -5.72086
-1.3082            -7.96342             8.77433
2.1577             3.16271            -2.49508
2.10382          -0.0962474             8.23076
7.87952            -7.33218             8.33624
4.90586            -6.55764           0.0192705
10.347             3.06984            -4.65951
-4.11802            -1.39315            0.428918
0.610238          -0.0150791             7.39248
-2.35947            -4.04969             10.3632
7.73428             4.85442             1.21389
0.239728             6.07545             11.1496
2.45769              7.9733             11.0202
6.49676           -0.160695            -2.01727
11.3185           -0.889011            -5.01165
11.6888           -0.190569              9.9218
9.30426             7.82534             10.6295
8.19646             -8.1563            -4.80907
5.43441             3.88212           -0.539657
6.96588             -8.0652              5.3475
5.16885            -3.02017            -3.65459
12.0679            -3.30175             6.22594
12.302            -4.50882             5.71479
2.62348            -2.81761             2.52313
6.16095            -7.98836            -3.02313
11.3279             1.54645            -2.13472
-0.994481            -10.7497            -10.4403
-7.62055             5.36684            -21.5165
-6.23437             1.89169            -48.9962
5.68301             3.57941            -22.1054
6.62132             1.59186            -10.0398
10.0831            -6.58665            -5.44754
6.81572             6.09955            -4.90068
4.03822             3.67706            -6.70246
10.63             6.35832              -6.905
-7.88598            0.882033             1.26407
11.1266            -2.77955             9.33064
-4.15048           -0.732987             8.71869
2.93712             8.32853             3.86273
-1.65132             8.66148            -6.33036
-7.60275             -4.3092            0.787867
-3.76149             5.95252             4.62793
7.00011             1.76048             4.35044
9.99599             10.3262            -1.88465
1.85376            -5.36839             8.25511
-3.21853            -8.66078             2.52313
-3.60023            -1.72184            -1.25133
8.42819             9.86188            -1.03405
0.1899            -5.48413            -1.85165
5.26401             6.75639            -3.50219
2.79423            -2.03775             7.51074
9.56792             2.87335             9.57889
-5.85638           -0.935106            0.702794
-1.23028            -6.09215            -6.45998
3.9263             9.01571             4.41732
6.77523              -7.564              1.9514
4.22008             6.60331             10.9962
1.70395             9.18603             7.80896
9.99108            -3.69952            -9.21471
-4.0201             1.94614            -31.4776
-5.40976            0.904909            -3.55428
3.85711             10.1876            0.265093
-3.57229             8.41859            -10.1882
4.74766             10.7529             8.89678
10.8523             4.02469             8.51271
-4.51781            -4.93915             2.16321
6.77896            -8.38247             8.48722
-7.81953            -3.65832            -5.60277
8.13541           -0.610076             -7.9776
-0.493236             9.56541           -0.854592
-2.76058             10.5211             3.60933
4.45527            -0.28884             1.55448
0.843698             4.58553            -1.23983
-6.36183             1.50281             9.97195
-1.49872             9.98329           -0.871683
4.45659             2.10468             3.69134
1.86724              3.9172            -3.21802
-3.36096            -1.30772            -6.51827
5.083              5.8906            -5.39146
-4.41133            -4.29736            -6.59943
4.20313             4.98346             4.53154
7.60258             6.07256            -3.87166
0.49857            -1.52854            -8.09614
-0.0672348           -0.931027             4.64534
1.52246             5.57615              6.8472
6.86721            -2.21696              9.6001
-6.45884            -8.52588              5.7701
-7.42923             10.7353             2.51397
-7.56725             10.8462             7.79152
4.64487             8.34034            -11.9831
5.85313            -0.49741             2.71361
-5.26166            0.518879             -24.698
3.09264             4.39871             6.22334
-6.11767            -8.87848            -8.14947
2.38561             6.06551             5.32297
7.2111             7.59817            0.560533
-3.47911            0.849274            -5.03466
8.59606            -1.08903             3.35718
-6.27642            -9.01602           -0.432829
6.88301            -6.32711              8.3794
-4.47524              4.6666             1.13907
-3.23271           -0.888363             5.64554
-5.00071            -4.53975             7.32937
3.63959             0.50654            -6.53116
3.07551             5.04173            -2.21489
-0.12409            -8.49144             10.6764
4.76766            -1.96557             10.2007
3.06425             10.0785            -2.96827
-2.10654            -6.51702             11.7557
10.6213             5.60143             7.27005
-2.76708             1.64143            -3.60205
-5.48697             -6.5552             7.87843
4.72885             3.27641            -7.45093
-5.78304            -2.97771             6.30203
-2.92425            -7.81204              4.5569
-0.98565             9.35896             11.4884
-4.17144             1.44171            -4.60015
-3.08103              1.9605           -0.531717
7.19127             9.54564             10.3331
-8.07862            -0.65953            -6.99989
-2.06477             6.16108            -6.59049
11.4219              10.722            -3.73821
11.8513            -2.56264           -0.639774
10.3863             10.9565            -24.5874
4.2547            -8.69366            -7.32506
0.323406            -2.23967            -6.57866
-4.49611              -4.516            -12.6803
-4.82383             5.41407            -2.07909
8.16717            -15.0247            -6.07152
-4.78592             7.24166             -5.1849
11.9899            -2.40649             8.18905
2.87611             1.79777              1.9777
-6.84352            -12.2193           -0.383709
-7.60016              -8.275            -3.23611
12.9444           -0.490729             6.27205
6.66131             1.89351             3.02572
1.25768              3.1706             7.41195
2.09163            -11.0841              -2.552
-0.356116               2.949            -1.19787
1.26142              2.8714            -5.24497
9.8789            -10.6992            -7.47644
0.452509           -0.598973             1.30656
3.50365            -1.41119             -3.9091
5.52007             3.56475             6.93483
0.395567            -10.9703             8.51313
-3.51071             7.51159            -1.40004
1.51664             7.05872             9.93997
-4.09493             -4.2091             3.67579
3.86181            -11.7868            -7.63933
-7.4454            -10.8293             3.45925
1.61772            -2.19001             9.98987
9.97662           -0.782989             7.91791
4.1239            -14.3089             12.2931
3.69771            -2.22443             1.52964
11.023             -1.9773            -12.2029
-3.81773            -17.8787             10.8783
0.025735             -9.1802             5.36405
-3.81663            -20.7141            -17.3612
-9.12697            -37.2665             1.75525
5.94018            -18.3645             4.30989
-5.51054            -12.6607             10.8153
-6.26477            -6.47128            -3.54461
-7.66723             6.50428             8.44441
-1.39502            -13.2976             4.61675
11.4402             10.3326             9.09133
4.40745            -1.91538           -0.337482
3.37875            -32.6368             2.39567
3.02204             -25.955            -3.25158
-0.260384            -9.09833            -7.17262
10.4382             -12.927              11.058
4.05326            -25.1762             7.92272
-5.12519            -17.9751            -4.28108
5.79041            -19.6875             7.47184
8.14296            -17.7378            -0.82808
6.67966            -33.5826             8.70996
6.5772            -20.1277             3.83733
-7.24717            -17.2682            -3.42935
8.59542           -0.282677             3.38731
-3.37218            -36.9648            -5.98369
-4.59795             -21.192            -4.74047
-3.19829             1.73513             10.7868
-5.42871            -15.4577            -5.93814
-8.06899            -27.4075             7.25158
3.67066            -19.3508            -1.05037
-1.1817            -14.6567             9.64993
1.83369              1.2052            -7.63143
-0.774339             4.98749             3.21154
-3.68013           -0.653266            -32.1362
3.19169            0.213649             -2.3852
6.48106             -1.9159            -15.7085
-3.57141              9.1881            -16.2325
-5.40049             7.37607            -3.87855
-3.8134            -4.41482             6.00953
3.91744            -6.53521             4.93142
-1.57072             2.39647            -3.90043
-5.67359            -6.47334             5.57287
-7.21699            -6.95637             11.1114
-1.65736             5.00271            -7.54313
11.576             12.9767             2.72877
-1.77673            -2.17583             5.41958
6.70683             10.9771           -0.246356
0.478075             8.82193             7.18722
-4.24254             1.27052             8.82622
-7.62935             7.56401             2.04694
-3.88064             3.62376            -5.59029
12.5232            0.854004              0.7845
4.27006             4.00553             3.65378
-1.97389             3.49604            -1.52887
-0.885578            -3.93112             7.72213
-3.32858            -1.12091              1.8611
-0.248281            0.849508            -3.50074
3.49875            -5.60671             3.03369
-2.83298             3.47634             2.26124
-1.72639            -3.39281             11.2874
3.85153             4.71919             11.0308
-7.82668            0.498558             9.10175
8.14625            -7.70111             4.36596
-0.514646             4.87011            -2.74963
7.78044             5.53404             7.32262
1.99182             6.77144            -17.5571
1.38511            -6.29905            -46.0904
-4.95437            -3.80785            -28.3958
-3.56189             3.14792            -23.7125
-3.54439              10.962            -0.30604
0.410858            -1.53983            -4.45549
6.06599           -0.032999             1.90924
-6.27378            -6.32781             7.23005
1.92504             3.88517           -0.547955
5.5149            -3.89499             -7.2599
-0.980097            -5.84779             -1.7392
9.60998            -1.02998             10.5149
5.3399            -2.56907             11.3515
-1.81746             9.77375            -3.62282
-3.20885            -4.14448             8.27216
10.3018             6.30394             -4.4624
-1.86971              5.5696             5.36835
-7.72447             8.22935             -1.8115
-3.70241              1.3699             -3.6249
8.84951             7.27833            0.646084
3.6913            0.148848             2.05291
6.96265             1.82831            -7.64044
-1.4921             4.85288             9.35169
1.19465             10.3689             9.97227
-4.90326            -5.52948             11.5571
-1.57808            -2.75739             8.75123
2.23978            -6.19386            -6.47982
5.78788             8.78974           -0.464276
4.18409             7.07073             8.38981
9.43796             5.37746             4.42407
3.37897              -8.038             -4.9967
7.83535           -0.777355            -6.23702
1.85213             6.84274            -23.5202
1.9013             9.40511             3.65576
-1.44489            -2.77804            -3.12504
-5.28207              8.1708            -2.02175
1.66343             1.78661            -5.32896
4.2513             2.18792             11.0521
2.6907             2.26636           -0.287416
7.40349             5.97311             3.86703
-5.55462            -1.40048             4.47861
2.19037            -3.30166             7.00356
7.74466             6.77246             2.41559
9.38388              9.1418           -0.553246
6.98404             10.9685           -0.532005
-4.05055            -1.73806            -4.53102
6.20702             6.07939             5.71246
10.4864             8.98542             6.68155
10.0285             2.44151              2.9039
-5.31746              2.0566            -8.06413
4.07158             -1.6391            -3.94373
10.1318            -9.42109            -8.05222
-1.56444            -5.43345             5.39407
3.25975             3.28533             6.13748
1.62405             4.04467              9.3762
10.4406            -3.78745             -3.3943
-6.82107             9.09291            -4.60962
-1.54256            -4.61794            -6.73187
-1.25002            -6.29322            -3.80945
11.149              9.4458             6.30737
0.631138             1.24621            -7.30388
9.45478             4.24063            -1.64558
5.41585           -0.815858            0.591428
-5.10172            -2.53429             1.40356
-7.017             4.29325            -25.8922
10.5907            -5.24476             12.3268
7.65385            -1.49533            -1.11198
11.5941             6.96928            -9.68179
-7.40429           -0.698948            0.214169
-1.03822            0.076854            -4.85779
3.96183             6.66463             1.51981
6.63814             2.88371            -7.50367
8.25332               10.88            0.942093
9.66331            -6.99508            -7.23452
-5.21903             5.02376            -4.86359
-2.81018            -2.69199            0.812939
-7.01951             8.45024              11.594
8.18687            -7.88641           0.0316406
12.4777            -7.59022            -1.96536
-3.91505             1.35561            -7.21986
2.86432             7.96184            0.811599
0.608508           -0.959118            -3.28069
5.22696            0.338695             4.10385
1.54837            -6.63973            -1.62619
10.8085             6.29599             3.66427
6.24302            -7.99205             10.1293
4.12682            -4.96308             10.5377
3.81664            -9.27909             5.31739
6.3826             5.53737             11.0013
10.7755              3.8377            -7.49685
4.92626            -2.41856             4.82404
-6.39842            -1.57074            -3.55473
6.22839            0.901685            -2.61953
6.15237            -7.99151             6.99304
-2.82355            -1.52057            -9.18746
2.15799             4.87282            -5.30141
3.81198             6.94819             -16.471
7.7672             -4.5586            -55.7441
-3.99521            -7.96724            -17.7464
-1.13608            -7.22607            -27.6528
-3.95756            -3.25664            -4.39344
5.51588              4.5735               9.534
7.14799              1.2972             2.88396
8.64396            -9.43735            -5.67429
5.91179            -3.74034             8.08988
7.778            -2.31567             8.51411
-2.66722            -7.36952             10.6252
0.164341             1.59277             7.15205
1.39638            -5.64525            -5.22792
-4.23414             1.80761             9.52544
-1.81462           -0.516223            -6.03876
12.7498             1.66497             3.83101
2.43493           -0.696758             6.44954
-4.23475             10.9599           -0.502614
-5.595            -6.58571            -3.61355
8.70171            -7.98452             11.1499
5.99443             5.48271            0.859299
4.79322            -3.47081             10.3187
12.5236             8.59335            -3.13682
-4.32773            -7.17477             8.09467
0.302184           -0.467057            -6.40111
-3.8885             2.78775            -5.04686
10.113             0.72882             4.09614
12.3735            -9.28949            -4.78867
6.90926             5.97166            -3.18136
-0.288341             11.6091            -7.31866
-7.34471            -4.43182            -2.63579
-1.97933              1.1447            -1.51428
-7.57958             10.5705            -27.6435
-8.46893            -1.10704             3.17736
-6.83606              8.6523            -16.5104
3.6688            -2.48451             -9.1425
-6.18583             2.04747            -4.76014
3.96767             10.3885             5.96408
6.21288            -3.71792             7.85396
5.80039            -8.05923            -1.21002
9.67382            -6.22011             1.22026
-4.64558             5.49206            -5.94417
8.10329            0.560486            -2.00172
-0.419115             1.04958            -5.44418
2.37296            -4.65816             9.45098
4.7708              10.627            -7.10935
0.834005             5.14255           -0.822238
5.03088              5.8316             5.07362
7.60291               2.921             7.55815
9.21672             10.9522            -6.78785
-3.94394            -1.35007            -4.39536
-0.421402             7.37185            -4.38296
-8.07189             11.2613            -3.27893
4.75343            -6.58059             2.59916
9.29608          -0.0660593            -4.06967
-4.03325            -6.66256             5.37891
9.0424             9.67615            -5.33813
3.28916            -6.68388             4.99857
5.18233            0.943794             7.39876
-4.59567             -6.4136            0.835669
0.000915038             3.72397            -1.80252
-0.396634             8.35458            -1.70699
8.85766             10.3496            -3.93598
6.80318            -3.18881             -1.1823
-4.08003             12.6275            -7.24464
-1.19865             8.19177              5.6437
9.90796             1.89906           0.0585982
0.601141            -5.13316             8.71505
11.4488             6.68595             3.09199
4.79291            -15.7006            -3.54792
5.61985            -7.08221           -0.306222
4.60115            -5.37763            -7.46235
7.41689             2.98989            -6.99236
-0.0987019            -15.5542            -5.12208
0.389237            -1.13496             10.6883
6.39367            -1.53546            0.992095
-3.67125             5.06734           -0.590185
1.63995            -1.07086             -7.8846
-4.79435            -2.20582             1.18968
-2.09521            -5.73205             10.6896
7.41814            0.739825             2.80976
0.655926            -9.99172             6.99764
3.11023             7.38106             8.23136
-6.49918             9.16786            -2.76183
-0.855993             2.65677            -4.06395
9.04395            -11.0527             1.51448
4.77871            -5.17031             7.99599
6.49491             6.56722             3.72734
-7.71171            -1.83849           -0.351375
-2.36922             -6.3755            -2.13769
8.39535            0.114432             7.37221
-2.04009             2.45201            -1.30362
10.4022             2.36977             3.04428
0.350007              -5.138             3.35435
-6.79345            -6.86149            -1.61768
1.21538             4.33026             3.80933
-7.01041            -47.5735            -38.2697
4.59241            -3.38666            -44.1892
-1.21939             -26.006            -23.8811
3.13993            -2.32708             -22.357
-7.63409            -9.18578             13.7459
6.3268            -4.47935             4.32887
-2.20573            -8.24246          -0.0645016
3.29412            -51.5274            -5.22781
7.78545            -24.1305             10.6555
-7.35871            -10.3607             2.00664
-5.87383            -1.99754             3.80983
-3.46125              7.7123             2.82978
10.2689            -23.3225             1.28677
-0.160825             2.09589            -2.03074
8.48409            -21.0946            -7.09244
6.17325            -45.2448             3.21158
11.941            -24.4806             11.1223
2.1427            -10.8468            -5.70545
5.81327            -15.9274             6.85136
8.28615            -15.1691            -5.42231
7.18237            -26.9589             3.84081
-1.16461            -11.7546           -0.205824
-4.04211             -19.608             6.62588
4.58166             -24.986             5.72724
-3.93795            -21.0125             3.33359
-5.40477            -10.3953            -8.31011
10.6838            -28.3126             6.16356
0.660959            -18.9788            -8.01169
6.728            -36.2761            0.043231
-4.98337            -27.6952            0.498718
10.1421            -17.3734            -5.18629
7.07929            -15.5111            -10.7847
1.47983             3.64025            -35.3239
-5.99487            -5.09232            -3.53496
12.7222             5.95431             1.31749
0.256515            -8.89478            -21.7297
-0.249755            -4.88809            -2.76884
-4.22178           -0.979328             6.47332
10.4485             7.57313              4.6843
3.03279             3.27884             11.6524
-3.45371            -6.81533             11.6283
-0.584268           -0.399685            0.464443
-6.00842            -1.71003             3.85941
-3.37958              -4.718            -3.53875
0.256639             6.31631            -6.19481
4.39256            0.217612            0.203459
4.39008            -4.17972             11.0923
2.7192            -4.12733             2.60657
8.83478            -1.89374             6.81512
0.283902             4.42134             -2.0989
1.20169            0.692892             9.43524
10.1645             7.11349            -3.42257
1.05274             2.64806            -1.74866
7.84866              4.7565             9.02677
6.04924            -4.68094            -7.45766
12.2386           -0.382521             2.42282
9.28673            -3.88609             10.7116
10.8518            -3.38441             5.46565
0.900273            -4.18257            -5.17395
1.35062             9.03749             8.54804
-2.16414             3.49542              8.0776
6.79945             7.59697             1.54998
-2.44794             3.58409              8.6552
4.57899             1.75544             7.82199
-2.51516              1.4489            -21.1936
8.25666            -3.10509            -44.1368
5.42121             8.61606            -31.9775
-2.93605             2.01241            -16.5417
8.59029             9.99356            -2.57891
1.41449             9.35534            -2.68582
-2.57529            -2.60789             9.70019
-0.121439            -1.47014             5.16486
-2.5693             9.85905            -4.30815
1.52489             1.98876             7.92448
4.27645             -4.8722             7.54709
9.50133             2.33503             3.56491
0.247361             3.73508             1.95352
-5.17401           0.0721295             8.09475
9.09476            -3.75183            0.644063
8.25591            -2.90733           -0.316656
10.1832             -5.0765            0.619484
9.83384            -3.30122             10.6647
-2.37889            -5.66639             5.61554
1.76061             6.79883            -4.21315
7.12233             2.69726              4.9723
11.1816             9.44991            -8.04884
-0.138123            -2.16735            -6.41207
-2.8425            -7.35557            -5.04839
1.50511             2.38037             8.80252
-3.62472            -4.02863             6.38946
1.28256             6.11369            -3.23436
9.37189             5.28211            -3.08685
8.92589             8.51719           -0.163887
-3.98116               11.15            -4.35348
10.0994             2.55298            0.417615
8.56568             -2.6258           -0.639267
10.7784            -6.18841            -26.7665
2.97824            0.171408             1.36612
-5.61323             2.16915            -10.4278
4.95288             -6.5918            -29.0166
10.4242            -3.68046             13.0773
9.76601             10.1224            -4.21218
10.2604             4.95227             7.18863
7.75849             3.75524             8.03807
3.41138             6.92952             5.40353
-0.404134            -2.82196            -2.49266
5.02946            -2.62151           -0.410149
-4.30179             4.93626             2.13013
6.44373            -3.46876             10.5157
-4.05484            -3.96428             9.17252
-3.5543             9.75043            -5.67878
-3.23884            -9.38189             10.0195
5.67893             2.84318             8.52319
-1.37313           0.0443867            -7.35199
12.3326            -2.26934             8.49138
2.98221             1.86879            -3.77766
-3.21244            -7.59044             6.21026
1.08168             8.82619             2.74835
2.02789             1.02774            -6.36785
-0.825148             6.85085            -4.10007
6.5133            -6.64183             5.70942
0.573717            0.891637            -2.52022
11.248            -6.03108             4.85628
13.1028            -9.44358             -2.9294
-6.91004            -4.48418            -3.17261
-0.827919            -4.11268             1.43259
10.597             3.81879            -10.2377
10.6996            -1.05292           -0.451069
-3.7497              2.2114            -9.94068
5.20389             10.0244             4.97548
6.52913            -9.24209             10.2796
3.52244            -4.12148             2.10011
9.54528            -3.85703            -4.19512
7.12077           -0.615807            -3.64301
4.29246            -8.49041            -6.90943
2.34119             1.63107             6.30147
7.8486             11.2629             1.18621
11.1904             1.62186             2.27453
-3.13082            -7.83679             2.51331
2.52267             8.80908             4.41622
-1.40308            0.987462             5.81469
8.26348             11.5977            -2.47407
0.400879            -8.39101             -4.9571
9.07147             0.33258            -5.84081
5.81424             6.41521           -0.242922
4.39899             6.48027            -4.79898
-2.62088            -7.80322             10.7655
5.87486            -9.24292           -0.192736
-1.1736             8.87701            -6.45581
-3.5833             5.33451             2.53758
5.8801            -6.85109             1.43932
10.0549            -4.98583            -5.35584
-7.96199             3.84533             11.6854
-1.50281              9.4589            -7.51039
12.8001            -8.42614            -2.95553
-4.94466             3.22519            -6.57296
-7.65562             8.39502            -1.27449
-4.11036             3.70778             1.04657
8.40665            0.130065             1.22403
3.92451              6.7098             3.50727
-2.90112            -1.54318             -21.942
-1.1434             -8.0176            -64.0213
-4.71156            -3.96292            -23.7284
1.2796            -4.73556            -18.3363
-7.81518            -7.76948            -3.95637
-3.91561            -5.71695             6.08985
3.72011             6.88217              8.8526
5.98712             1.13502             2.53986
9.28377            -7.91735            -7.44836
-2.22361             8.45437             4.43169
-4.02805            0.945289             1.71674
-2.50638             -1.1049            0.113474
-3.85062            0.282947            -2.07531
-0.485768             11.8246             7.50634
-3.09917             5.23743             4.92763
-6.12166             -4.3454             8.10528
-7.99291             4.22541             2.90221
4.41706            0.985715             8.35031
9.47936             8.01073            -1.80678
10.2575             4.70593             6.93554
9.15273            -4.72291             5.41922
-3.03331            -7.86697             10.5893
-3.83797            -3.11807            0.427872
0.756666            -8.70509            -4.57738
-3.8193            -7.29298             9.67628
-8.10148            -6.28809             11.7295
0.0461686            0.175591             6.76912
-2.10831            -6.95705            -8.06738
6.94255            -5.80305             5.03052
4.46736            -1.79209             8.73792
-3.27238             6.16028            -8.53413
7.33484            -7.01505            -8.98434
-7.10724            -5.19349            -29.8731
-7.78567             4.69109             -41.911
0.912894            -4.14454            -9.83966
4.80738              3.4212             -26.822
-3.41227           -0.355426             3.31015
-7.50234             3.14649             11.8046
2.33335             8.15942            -2.47579
8.7607             5.08871            -2.34152
-3.98306             5.56498             -1.9915
1.22719            -7.00496             5.00336
8.1547            -4.84311             1.64587
1.79257            -4.77508           -0.617837
7.15136            -2.82692             6.04699
5.67959             4.87821            -7.16925
1.06631             9.78784            -3.80108
9.21915            -1.96628            -4.18212
4.48077            -6.25672            -8.13067
3.56596            -1.34398             10.3865
-6.3886            -1.16394            -2.42135
2.30826             10.4621             8.05971
3.25772            -3.28273             8.31031
-5.45336             10.5994            -1.66303
-2.77627             1.75129             4.88473
5.79612            -8.66276             8.00654
-0.473342            -5.37013              5.6656
0.820676             2.08519             1.66762
0.201007             5.58511            -6.23824
7.85271              2.1487             6.49621
-4.77931             5.70874             10.3645
8.12459             9.80667           0.0389239
1.95             3.14695            0.506255
-3.9361             6.61702             6.95418
-4.94749             4.80133            -33.1592
6.72311            -8.87566            -20.7425
6.53137             1.28846            -26.9115
11.5963             5.33945            -13.6311
2.59128             4.80965             3.66411
4.87887            -11.6897            -3.66637
1.36811             4.37336             1.99712
11.1285            -2.22736             2.46233
3.26278              10.265             3.38404
7.24095            -18.1814             11.0121
10.5444            -7.42654            0.490224
8.87823             3.98984             2.95603
2.7698             4.26031            -6.58594
-4.59627            -5.34721             0.38269
-6.12995             3.82271             10.7587
3.21815             10.6464             7.47335
5.87226             7.21418             9.92245
-6.56791            -19.5035            -4.16335
4.11072            -11.6677             6.26393
3.50919             6.36389             10.0116
5.99598             -1.0771             3.23088
-4.216             2.30826            -1.08078
-2.34972            0.434938           -0.629726
6.73611             -3.5764            -3.64587
1.75793            0.219034            -4.56238
11.2467             3.04058             10.6227
3.1935            -6.94897             11.0306
11.9705             6.61746            -7.88256
1.40139           -0.856042             4.76055
-3.86172            0.892223            -3.80141
2.95428             1.79648            -2.65737
13.5552            -3.13217              6.8721
-2.14336            -8.56344             7.52189
-4.94844            -2.29155            -20.7035
-5.35992            -6.91827            -18.9824
6.26899            -22.9512            -2.07947
10.7076            -21.2264            -2.97034
5.55562            -12.0039            -4.21304
13.3607            -6.43805            -7.57401
2.00143            -10.5781            0.591229
-2.42359            -11.7738             3.66038
-4.05389            -4.70833             10.2974
5.33613             1.07265             3.79252
-7.59179            -20.0577             6.31003
9.10959            -20.4284             9.20814
-8.66984             -0.7725             7.92036
-1.6009            -5.38781            -1.25001
-10.8905            -24.1751            0.402408
-2.53302            -27.6745            -5.25214
-10.4814            -13.1181            -6.53616
11.6555                -2.2            -6.89348
-2.29455            -6.30983             7.23601
12.867            -34.8125            0.951421
-7.67109            -18.3781             5.34128
12.7661            -13.8392           -0.867908
5.1497            -13.9314             11.3858
-6.30861            -25.5212            -6.15867
-5.3483            0.316274             9.23934
-4.5471            -21.5774            -2.50726
-9.7619            -13.1658             5.25246
11.0819            -26.9936             6.81213
-0.152617            -13.5962             -1.1285
4.32532            -16.9428             3.12412
-7.69524            0.626772            -3.84053
-3.98015            -1.19773            -33.7912
-4.07901            -3.15892            -10.5474
-5.88522            0.704344            -7.53822
-5.30759              4.1335            -10.5154
0.416397             5.21374            -2.23866
3.29949            -6.12565            0.571425
7.52858            -8.74275             4.05808
-8.32484             7.73053             -5.5762
8.77875             1.93248            -7.66466
5.16022             2.69988            -6.94448
5.73363             6.05156            -2.44337
8.06348             3.67478             6.52823
0.854182             4.30016              3.7657
2.24177           0.0614144             3.39916
8.53179            -6.01802            -1.14008
5.37918             8.35681             2.63858
2.48725            -3.31429              4.5307
7.97023             4.34139             6.10645
12.8739             7.46902             11.4774
-8.01153             2.88621            -1.72708
-5.09652           -0.651092            -1.34161
-2.8827            -4.91179             11.6875
2.10578             4.33371             -8.1245
-0.909832            0.181932            0.138458
4.58616             9.03463              1.7547
-4.4401            -1.24604             6.67046
1.7284             0.45588             9.01162
5.75443            -4.17488            -5.44593
9.63111            -1.85851             7.62204
0.769742             11.3001            -6.38494
8.4591             3.00448            -5.76231
6.4837             9.27031            -8.69321
-0.259616            -5.41981            -25.9367
-1.63294            -1.59166            -9.91839
10.8807            -1.31524            -10.4005
-2.66561             2.66572            -12.6073
9.74658            0.277823             7.98315
-0.0760517             1.32946             9.33999
-4.15155            -7.80221            -2.07232
-4.83088             4.04318            -1.02253
10.5007            -4.81263             10.2806
0.440503             4.47177            -6.33923
12.9175             3.48001            -6.61578
-5.80892            0.635159              1.1772
2.37697             10.9905            -5.50066
-1.02009              10.554            -6.49684
-2.01493             5.42832             11.3113
3.48093             5.41089            -5.99962
12.3375            0.493623           0.0958347
6.79461             3.54062           -0.827987
-2.39429             6.95451            -1.87557
-4.01708            -2.72192            0.559494
4.22892             3.40537             9.45287
-12.1049             4.04183            -6.49292
0.0796667             7.06173             10.7971
-1.09984             8.33405             11.2375
11.3067            -7.74844           -0.798588
-5.90241            -3.96895            -7.54885
-3.47232             2.43649             7.38616
9.42643            -7.43608             1.69947
-6.46331            -5.72018             10.3465
-3.3415             11.1421             5.38353
-6.44644             9.45509            -2.44207
-1.79649            -4.22829             10.6358
1.02369            0.893597            -15.7013
5.11224            -1.52032            -28.3219
2.3817             6.35451            -17.6798
5.86635             3.75894            -16.4057
-7.31734            -2.83916            -1.37391
-9.74686             8.74431             6.15858
0.929808            0.781065             7.19224
-6.84962            -4.10545             1.70519
3.91192            0.605475             9.54572
-7.90913             8.36763             10.4021
5.91507             2.08358            -3.88577
3.5134            -7.50597            -2.00226
-0.499396             7.46092            -7.18413
3.11562            -4.65185             3.14524
9.30612            -8.70347             -6.3637
-6.54532            -7.69115             6.07206
-4.5758            -7.41459            -3.10598
-5.01244             11.6241             3.25118
-3.3276            -5.72342            -3.33049
-2.78305            -3.14471             -5.9766
-0.899771             4.25445             11.0449
-10.3066             3.78746           -0.466325
1.06034            -2.84628             9.35876
5.1553            -7.02897            -6.53661
4.46392            -5.58883            -2.72747
-0.459714             9.46276            -4.74628
12.2146            -6.25986            -3.32746
8.13687            -5.73051             10.9716
4.41228             7.63122            -4.85835
-4.29657             11.0304            -7.96098
5.84722             4.61079             6.01507
0.651582             2.13064            -5.64831
12.0244            0.270651            -28.3447
-9.29227             11.0201            -15.0517
-3.82069            -1.78391            -9.47538
-5.67473            -4.43593            -20.6439
-0.0139678             3.59523            -2.49718
3.25126             6.19494            -7.88989
3.3038            -4.99361           -0.725097
-4.38436           -0.334128            -6.40773
9.99911             7.71122            -6.75156
-10.7037            -5.67785             7.20897
-5.8771              7.2887             -5.6795
7.46979            -1.80335             2.77678
-2.98285             5.18971            -7.78363
1.62485            -3.37338             4.10638
9.9838             -1.0307              2.2879
2.8627            -7.50837           -0.895406
8.46982            -5.77369             7.44784
5.16281             3.14185             7.06159
-2.78228            -6.66621            -7.48424
-3.41309             9.33201           0.0575629
-5.27809            -7.77336             3.05988
7.46877             8.82253             5.76081
10.0284             6.16719            -7.53482
-2.61651             8.21982              1.1957
-0.218151            -7.86246            -6.79297
-5.98074             10.3531             7.57729
-3.22527            -7.89703           -0.777612
0.995693            -8.51103             7.29879
-6.92412             1.94992            -2.01023
-1.49572             11.6083             3.78821
-0.271114             8.25154            -11.7732
5.62235            -5.95929             9.30921
-2.47992          -0.0784854            -18.6194
0.249367            -7.73822            0.280986
2.35214            -3.46701            -12.8514
-3.96598            -8.56645            0.905213
5.91448             8.01037             5.00886
5.84332              7.1157            -8.18091
-2.16143             6.61561             8.78285
-11.2387             10.1509             1.80436
11.3564            0.249413             7.20967
-6.22445            -6.12231             3.78016
-2.92146           0.0826582             7.31699
7.0939            0.833901            -2.43607
9.56463             9.93631            -7.58432
2.3115            0.141838             2.74559
1.35661            -5.15346             4.43406
-7.89503            -8.29977            -7.93063
11.7024            -1.69481             11.6317
1.68117            -4.30367               0.434
11.6695            -6.06566             3.58916
-0.0435234             1.65416             10.7623
-2.27069            -6.90238            -2.99464
0.0834266             6.25156             8.39061
10.0561             6.59354            -1.70031
0.846088            -4.69139             6.04259
-1.02256             9.01852             1.43977
-8.96793            -2.84639            -5.83208
4.79381             7.46124            -2.88571
-1.29612           -0.870453            -5.75831
10.4811             5.18139             11.7634
2.11949             10.5566             10.1058
4.52657             -4.8262             8.86605
-4.93312            -9.39477            -5.60179
11.5311            -1.90678            -17.6453
-6.10119            -2.84938            -36.2018
-0.86037           -0.279586            -18.3006
7.916            -3.51583            -15.4656
8.51044             -3.6138              10.074
-2.39473            -5.75876             14.2382
11.0306             6.16659            -3.35766
1.54845            -5.12026            -6.97267
10.0681             10.6065            -3.00038
-3.22979             8.82877             2.28888
-1.79171             1.59046            0.207753
5.36258            -7.53882              6.0669
-2.32036             11.3852            -5.01379
5.83516            -2.31148             9.15354
2.61095            -6.20041            -4.52479
-8.97194              2.7358             1.28665
3.23723             5.04706            -4.56232
-2.26568             11.1824            -1.55086
0.529973             8.81121             10.0753
-2.56248             9.00722             10.7999
2.10219             11.0395            -7.03672
-12.708            0.809584             3.04559
10.9778             9.65207             6.35698
-7.98166             3.59256             6.26118
9.48863             -7.5333             10.0575
-11.5853             6.19674            0.504644
-3.84171            -8.55596            -6.83575
-10.1915            -1.20799            -1.32095
5.70059           -0.301891            -6.38118
-11.4755             9.93115            -5.21982
11.1519             5.18754            -7.52334
8.91798            -4.40034            0.092418
7.60547             10.1991            -22.7055
-6.99579            -1.81096            -24.0162
9.61045              8.1377            -20.4421
-3.60937            -7.11727            -30.3497
11.0584             1.12073            -1.11959
7.69827            -5.30271             6.75428
8.68203             8.14035            -7.46865
2.14916            -3.57551            -2.21657
9.60481            -4.23476            -5.04534
-1.30293            -6.21781             3.06053
-5.22156            -4.79992             10.2694
0.940296           -0.526809            -6.84492
12.0207             3.83425            -5.99814
-5.58795            -6.29289           0.0556455
5.89455            -3.41433             10.7121
1.41935            -5.03363            -5.83361
-1.91356             4.22789             9.03568
-3.11801             1.43564            -4.91008
1.51314             1.09281             6.30571
-7.80617            -2.55801             1.84525
9.47014            -1.98103             2.12719
8.27403            0.873102            -4.71726
9.23019            -2.99971             3.80434
4.45411            -2.78645           -0.808545
8.76741             7.90585             5.08546
3.49145             4.91944             8.64768
0.788359            -10.5786           -0.366219
-7.04105             5.73633            0.905085
-0.321961              -4.784             10.7331
8.86885             2.19264           0.0219994
-6.98373             -1.3394             10.0362
-7.84954            -6.68082           -0.528664
