3.95734            -4.19874            0.284127
0.227363             4.91409             4.95651
-4.56984             5.37034             2.45949
2.48085            -4.26679             1.20518
-4.96078            0.602435             6.09272
-7.9574             5.61663             3.10801
-3.53526            -5.61419            -8.09961
3.06803            -0.12299           -0.375378
-8.46461             -3.3552             9.11588
-1.82073            -4.89395             3.66863
-3.68877             8.61293             1.83142
-4.37086             6.66463             5.55132
-0.0790429             2.45766            -3.85846
-9.78484            -9.40825             9.96612
0.100711             -8.9938             5.25651
-0.138249             1.99744             9.36338
-6.068            -1.65197            -6.48976
6.14795            -2.83944             6.22883
-9.27854            -4.65224             7.43797
9.93286            -2.17444            -4.42885
1.24821            -3.47606            -3.43669
4.51521            -0.71749            -1.83935
-0.160527             2.51656            -1.35533
-8.51985              6.7803             5.34989
-6.75192            -4.72304             8.74691
4.45936             4.18134            -8.80703
-5.44511             3.31706             3.34788
-6.29261            -1.40934           0.0234993
-9.83947            -5.75457             9.90539
2.81533            -9.84924            0.902432
-7.9342             1.29704             7.73186
4.16578             6.72964            -1.20884
2.95206            -2.09449            -6.80013
-5.53972            -7.99341             7.89178
-1.5894             9.80316             3.77972
-1.38401               8.811            -4.28388
-4.18836            -1.74749             3.51756
1.0715            -6.19953            -3.30088
1.97851            -8.68892             7.25608
9.67528            0.413831            -2.13324
6.39454             6.67776            -7.65709
-1.13926           -0.704062            -9.15799
-5.80584            -4.47768             3.68419
-2.1897            -7.92352            -3.09946
7.05588             1.88421            -6.85354
9.94324             2.59438            -6.14246
-4.21125            -9.21262             -5.5443
0.661946             3.61034             2.94137
6.17725            -0.51149            -7.19413
-7.65374            -1.05838            -2.58278
-9.52818             8.93612            0.581683
9.23338             7.91803            -6.73116
4.3379             8.43562            -3.21665
9.16807            -0.87466            0.740379
-0.183111            -7.73766             3.41838
-8.37092             1.45146            -1.63182
-8.10999             6.75466              4.1789
4.05225              6.3271            -3.81451
-3.43059             8.30409             7.64916
-7.32231             1.36479             6.49129
5.02823              5.6325             6.28315
-8.61721            -8.73257             2.10669
-0.603656             4.91104            0.617695
8.54427            -1.82623            -9.18821
5.29801            -7.92566             5.54521
6.05823             9.76928             1.78747
-4.57533            -9.79431            -8.05383
-2.53914             3.25785            -7.67235
-2.42836            -6.03137           -0.998566
-5.59954             7.79534            -4.69192
-4.11237             8.83663           -0.759911
-6.54103          -0.0268563            -5.63219
9.97925            0.398267            -2.91421
-6.57979            -9.34141            -2.59163
-4.81094            -7.50938            0.540483
5.48509            -1.28666            -8.72768
6.60848            -3.13303             5.72954
8.41639             2.96487             4.37819
1.30345            -3.00516            -7.55181
-8.70205             4.64675             2.33009
6.60878            -5.14237             -0.3708
2.38716            -7.66045            -9.58892
-0.42024             3.49864             -6.2682
-0.770287            -7.36229             6.70064
8.11823            0.248421            -5.65905
6.16565             3.00089             6.72262
-9.99878            0.474868             2.24921
9.96826             4.73098           -0.547502
-6.19617              4.7148              3.4843
7.0455            -3.21268             9.77844
3.02011             5.06088            -6.89413
-2.75826            -0.38667             8.90408
-2.94809             5.61754            -7.43675
-4.79781            -2.35755             1.44841
-1.77129            -4.29945             2.37098
7.74773             8.17225            -6.25294
1.89093              6.5038             9.58373
0.0912503             2.81747             6.41682
-1.70873             8.30042             3.91156
-7.55577           -0.281381           -0.850246
-8.74081             3.77392            -5.07645
9.41954             4.26954            -3.18674
9.71953            -4.20911             1.65563
-2.03223             1.36143            -1.17222
-5.81805            -2.21961            -9.27976
2.46498             5.33433             7.88415
-6.46413            -7.92993             9.23429
1.25675             3.25663            0.431532
-2.25043            -3.16446            -7.10501
-2.84829            -5.08835             -8.4698
7.48863            -9.53948            -1.27628
-1.7655           0.0851466           0.0952177
-7.16483            -3.63689            -9.24009
8.18812            -6.62709             2.80007
-2.79305             3.32804              7.0333
-4.43434             8.33674             8.34803
8.05567           0.0158696            -4.96078
0.417798             9.86755             8.97275
9.54619             8.41151            -2.29896
7.46025             1.67394            -4.42854
-1.51585             4.58815             6.21113
-2.29438            -5.77349            -1.39286
7.62963             0.84109             6.82302
2.88125            -5.13291            -4.78835
-8.51894             8.45149            -2.64138
-1.03275            -9.19889            -1.00467
2.70455             3.16141            -9.39512
0.0637837            -8.40114             2.00049
-1.43895            -9.20408             2.29163
-5.01022            -2.52632             3.11472
-6.48305            -2.34016             7.79626
4.60494            -2.86752             -2.3603
4.99802              6.8572             7.60399
4.47218             7.29911              1.2537
8.89492            -2.02063            -5.80035
6.07776             -2.1305            -3.11716
8.32301             6.40675            -1.45787
2.18177             6.02435            0.510575
1.8363          -0.0238044            -4.41115
3.06681           -0.646687            -5.26933
-0.307627            0.501724             2.91086
-4.94552            -1.34434             8.77621
-9.18973            -7.04459            -9.52879
8.923           -0.216071             2.86538
5.46068             0.65157            -7.33451
1.95746             4.75326             9.33439
-2.7955            -7.47429             3.22642
6.67714            -8.98404            -4.74715
2.42897            0.401624           -0.630512
0.896939             2.05725             3.23954
-9.07651            -8.29279           -0.830714
6.55751            -2.64992            -9.66857
-2.38685            -8.92087             2.21961
7.7163            -7.75689            -4.91623
-5.98651            -6.96097            0.987884
-4.53444            -2.57363            0.734275
9.47203             8.43837             6.48457
-1.0596            -5.54277             9.41649
-4.98245             4.25825            0.906095
-5.34471           -0.459609             0.09064
0.463881             3.96283            -7.35862
-7.24693            -7.09677            -4.77981
7.7044               2.996            -3.96344
8.42036             4.31471             9.80804
-5.88549             8.72646            -5.74694
-6.76138            -6.37349             7.92413
-2.04627            -8.54884            -1.86316
0.169378             5.35875            -9.89166
9.71801            -3.78704            -4.46577
8.17896            -1.56529              7.5103
7.31285             2.13874            -8.53023
1.03977           -0.583514             9.36125
9.91821            -5.23026           -0.390942
0.477309            -1.92602             2.21839
-3.14249            -2.81381             7.93115
0.805383            0.642415             1.33091
6.92282            -7.40501              8.4994
-9.66094            -1.64586             7.87042
1.89032             9.05057            -3.00943
-0.514237             7.75842             8.03461
-2.32948            -5.63128             7.49077
-0.637226            -7.96716            -1.83599
9.15433               5.927            -7.92047
-4.5323            -3.33964             6.72445
-4.93942              6.8218             1.68401
0.291147             5.72222             8.16736
2.13111             8.79849            0.753197
1.12369            -9.99145            -2.39326
6.35212             1.44505            -8.86624
2.67891             5.48875            -1.88574
0.497452            -9.41374            -8.93338
-5.0032            -7.60765            -8.24549
-3.29875             5.28031             8.78597
2.29774             7.54143            -5.87207
-9.49187            -5.41124            -4.48073
-0.298471            -8.23328            -9.85992
8.90042            -4.38887             1.98279
6.35243             8.79574            -8.79055
9.89441            -9.13205            -1.32603
7.36167            -9.38322             3.98328
-0.0390637             1.75115            -3.63292
-1.96692             4.92386             7.48405
4.58968             6.68386             1.86163
1.86254           -0.505997            -7.89087
-3.03201            -8.99808             -2.1015
9.27519             4.83901             2.28095
-6.39576              3.2017             4.91836
-9.60906            -2.27973           -0.245979
-4.79171            -1.67669              6.8923
6.32405             9.72442             8.64956
6.85293            -5.23148             2.35603
5.52355             3.42692            -9.40855
-1.66112             1.49358             5.67553
6.73666             3.80474            -3.63659
-0.655538             6.18458            -6.45528
0.220649             4.73647            -0.11475
-3.11655            -3.96222            -5.08988
6.06159             9.04324            0.529191
-5.41734             5.79424              5.2971
2.61727            -4.98154             4.47981
-2.51625            -4.90097             4.99802
-7.75353           -0.947905            0.177618
-1.4539            -9.51353            -8.31782
-2.01575             8.41639            -8.24946
-2.0896            -4.21766           -0.886868
-4.72091             7.68639             2.41432
1.27567             8.79269             9.22849
8.099            -8.54701            -8.24641
-4.35255            0.413831             -4.1026
-7.37419             9.67956             6.00909
3.47118             8.17255            -8.48354
2.27088             7.85424             1.94281
-7.13614            -4.25153             4.60189
4.12061             1.87811           -0.595111
0.675985           -0.131535              2.4897
8.78475             8.16584             5.10331
-4.41359             5.01511             5.91113
-5.2327             5.90106             9.00998
6.31001             -3.6259             1.73833
-9.09024             1.35594             8.42616
0.119022            -7.81121            -6.98355
6.03687             -4.2204            -3.47636
-9.76989            -7.25547            -5.05325
7.84509             5.06943             9.13053
-7.14042            -5.34013            0.631123
0.35371            -3.59172            -4.07758
4.76943             2.99875            -2.13691
4.02051             3.14707             8.42189
-8.67397            -2.57607             3.23527
0.13184             9.90417             2.94626
0.509964             1.45207            -1.60833
5.54582            -5.45152            0.770592
-4.13373            -7.79778            -5.40544
-2.20832             1.64495            -2.62032
0.369274             4.50697             6.71346
-0.920743             6.77023            -5.95019
-6.79495            -8.40022            -8.28883
-8.13654             4.16974             1.99255
7.80084            -6.40919             5.89953
-6.24195            -9.49126            -9.76012
-5.36546             4.93454            -5.20951
8.01752             1.95257             8.29768
4.12275              9.1345            0.442518
1.07639             9.73418            -4.38307
-6.67043            -1.80303             3.32652
-4.27534            -1.01993            -8.57021
7.89453            -3.01645            -6.31001
1.61779             1.62633            -4.30738
-1.63732             8.05475             5.00107
6.30665             8.74233            -9.01395
-0.558489            -8.56624            -2.45094
4.56893             9.41191            -8.74966
-1.76977            -6.71346            -3.55541
1.95074            -3.17881            -5.71795
-8.04163           -0.422376            -2.69967
-0.18067             -2.0777            -6.52455
8.29524             6.08356            -3.11777
-6.71163            -9.16166            -5.15915
-2.99753            -9.36583            -3.47819
7.89239            0.189825             4.28877
1.17893            -1.46001            -7.23136
-6.67074             3.30241            -7.92627
-7.38762            -3.33811             4.48988
3.00272            -9.62218             4.10504
0.186163            0.688803            -5.92578
6.03168            -5.11643             4.10352
-0.0729392             3.40495             4.58632
-7.81945             1.86621             1.25675
5.1854             2.01453            -5.93036
-5.22782             6.44215             3.75439
-9.12229            -5.59252             9.99939
-5.71215             -5.6148             8.25556
7.87317             -7.6455             3.71838
0.5356             6.35517            0.937223
-3.50597            -4.54512             7.12241
1.51982            -9.29777            -5.97919
-2.11615            -1.48381             -6.0744
1.1301             3.75286             4.69741
-3.8786            -9.93561             7.03116
6.73727            -9.26481             7.87317
5.09262             4.45204            -7.86462
-4.51643            -4.80544             5.46434
7.1279             1.56529             3.92895
-2.92795             3.30027             -8.1576
6.4214             5.85223             1.70385
6.28101             7.45598            0.302438
4.38002            -4.09528            -4.70748
-1.79662             4.15662              9.9765
7.46788             4.20057             9.20652
-5.09445            0.159612            -5.44298
-7.15384             7.34275             1.80456
-5.35875            -2.79611             4.42305
-8.01202             5.97247            -8.50124
8.90744             7.04886            -9.53856
1.33976            -3.08054            -6.55599
-4.6437             6.02557             6.38539
2.46895             5.69201             7.70898
3.27342            -6.71102             -6.0802
-3.70708             4.28144             5.21561
0.374767            -8.21345             8.14173
-2.84524            -5.81011             9.06278
-7.74071             6.76687             8.41029
0.609149            -7.73644            -4.84603
4.05591            -1.77831              6.6509
0.623798            -9.80346             3.35795
-1.24485            -1.43895             5.77166
3.59142             5.99353            -1.25523
-2.90536             6.13239            -5.46861
-4.75997             6.93381             9.42534
-2.44636             4.29334            -3.82763
-1.57537            -9.54894              6.1742
-7.07938            -9.76959              7.2335
-7.97937            -2.10547            -8.30805
-5.94348             3.34666            -8.09565
-4.31532            -5.22813            -5.85742
-2.61177             5.18662            -7.65343
8.56349             -9.2581             6.83676
0.303354            0.721763            -3.72265
-6.81082             1.69927            -8.30042
8.52046            -1.32328            -6.93472
-9.8117             1.72979            0.281686
8.84945             4.04523          -0.0537126
-9.3646            -8.05048             1.25492
1.50517             3.20933             9.59319
-4.36628             8.03552             8.78079
9.13419             -1.7655             3.41563
-2.97067            -6.37013              8.2342
-6.68691            -3.50688             -8.5754
5.58794             -6.4861            -7.21763
-2.04627            -9.59044             6.56514
-4.7261             4.27229            -4.69222
7.81396             5.63341            -4.63973
3.16996            -7.09922            -3.25022
-6.48305           -0.219123            -8.23328
-2.9429            -8.29768            -1.56926
5.38163               3.155             6.92557
-5.17716             4.22864            -3.16843
-0.523392             3.56883            -1.20579
6.66219              4.1319            -8.38557
-6.10004              5.1381            -5.65233
3.70098            -8.35536            0.270699
5.04776             -9.6704            -2.37526
9.24436             4.57839              3.0723
2.14393              2.1424             2.88461
6.31062            0.475173              5.4503
0.731223             1.43284            -3.20353
-0.732139             1.22196            -0.73336
-3.62804             2.54891             2.30262
-0.497757            -7.52403              4.6733
4.35804             -9.4583            -4.03211
-8.67092           -0.722678            -8.51527
-2.74148             3.90698            -3.91125
-3.29295              2.2718             3.04025
5.38652             6.08875            0.678426
2.06854            -1.67241             8.77926
-2.97983            -8.98587            -4.63057
-3.24686             6.13208            0.118107
-8.70632            0.887478            -6.75253
-8.19575              2.9606            -7.76391
-1.91321             -1.2244           -0.701926
-6.96341            -8.31233            -6.22608
-4.52589             4.72884           -0.135807
-6.89718            -9.57701             1.92022
-0.924406             9.26084            -2.84768
-7.36808            -9.75646            -4.36934
1.32511             4.68795             7.05863
2.11676             6.79525            -9.11283
-0.361034            -5.23118            0.122074
5.90625            -5.30381             7.50267
2.81198              6.9219             2.20832
-5.31266             8.67428             6.86972
-3.53252             -6.5273             3.39244
-5.8507            -2.51381             5.81561
-4.82009            -9.72472            -8.31568
-0.456557             1.80853             4.87167
-7.9928              5.6972            -4.38459
-8.91263            0.584124            -3.72204
3.08695             3.94543            -3.64727
5.30229           -0.277108             3.86731
7.54601             8.17835             1.23417
2.33955             7.80602            -1.24668
-7.84661            -2.95938            0.847804
8.61019             2.71523            -8.20093
3.41288            -2.54982             6.47969
8.69076           -0.990631             9.49187
-6.17756            -9.37407            -5.56658
8.01782             7.45415            -4.14075
7.99341            -2.99417             8.42982
5.47166            -5.30931            -4.87472
8.04132           -0.662557            -8.30622
8.24213            -6.66768            -1.19755
9.66613             8.64834             1.85492
6.82638              7.9754            -1.82226
6.94998            0.913114            -7.93298
-4.29975            -5.45579             8.61599
2.05786            -9.54253            -8.92575
4.46059            -4.21796             8.60866
-1.2006            -0.87344            0.284127
-9.43693             6.81082            -4.23139
-6.22822             3.80474            -6.34602
9.99573             8.97305            -6.02649
-6.61428             3.48796           -0.309763
-2.45125             8.39717            -7.87774
9.19523             5.82476            -9.61486
5.93341             -2.7369            -3.57707
-6.71255              7.1102             1.18748
-4.09711             2.08686            -6.53096
7.25059           0.0601215            0.353404
7.42332            -5.01816            -2.86752
1.27934            -3.57646             8.84854
-7.26066            -2.18604            -3.38206
-7.4984           -0.176702             7.63909
2.01636            -3.82244             2.90231
9.23338            -3.33232             5.34898
-0.590838            -3.28959             8.01935
6.04968            -8.20704              9.2758
-9.59624             4.61226             6.95761
-6.75741             4.79659             9.53001
-0.275582             3.70373            -9.91577
6.31825             3.41533            -3.94696
-9.67162            -7.17582            -5.72344
-6.61916            0.150456             8.39656
9.65087             5.36973             2.39998
5.8507            -5.56078           -0.185858
8.2223            -3.84198            -6.40584
-9.61882             4.74227            -7.65893
-1.32603             6.23341            -9.30815
-5.12803             2.23701             3.09549
-1.28086             7.48436            -2.46986
4.10535            -2.28889             4.87106
1.52196            -5.98834             1.49297
6.77938             4.98672            -4.76394
7.44285            -2.74392             3.71776
-4.49599             3.06955            -3.60363
1.29765             1.14048             -5.3914
-8.64162             3.86822             9.30662
-6.48549            -8.91476             1.38462
4.73647             7.29362            -2.09204
4.36232            0.322886            0.820948
-9.10459            -5.17106            -8.47499
-6.29322             7.92474             7.94244
7.64            0.831324             4.79049
6.15619              5.8037           -0.211798
-8.18018            -1.96081             8.77041
5.26719            -5.85406              6.2978
6.04511            -5.49669           -0.276803
-3.88836            -2.12165            -6.44459
-2.72958            -2.14454             5.99841
2.41279            -1.42521            -8.07215
-6.72323             -1.0654              3.9433
2.219            -7.79168            -1.49174
9.29044             -3.7431             8.20154
-2.28828             9.90295              5.6505
2.98196              1.2241             8.90622
-4.27473             1.00772            -3.04849
2.93558             2.05725            -2.90902
-7.00735             5.84094             7.68944
6.89474           -0.627766              3.5786
-2.68075            -5.29527            -1.33763
5.61052             8.41731             9.64232
2.47566            -3.11686             2.76711
7.09677            -5.25987            -9.34141
0.303354             6.03442             -3.2783
-2.37312             5.20035             3.60668
-1.05808             5.68651            0.867031
-3.08573             3.28104             6.74581
-5.3853            -3.80627             6.20502
-8.98862             6.80715              1.5186
-7.85638             7.49992             -7.3806
-1.96478             8.55373             3.69274
-0.761742             5.48906             8.32545
9.30357             1.28025            -5.49425
2.78573             5.01419             9.31578
8.56319            -4.02844              4.0199
1.84942            -9.04721            -8.10541
-5.84796            -2.25776             5.94409
-5.64501            0.743736             8.40358
4.87106             7.18406             9.93652
-3.08969               2.949             9.76318
2.09265            -5.94317            -9.40916
-6.35762             1.28056            0.781884
-9.73479            -4.70138             6.74368
-7.53685            -6.15101            -7.06992
9.80712            -2.78359             2.27424
-7.57866            -8.22474            -7.95373
-4.73525             8.56868             3.27952
9.27976             9.58556            -2.63283
-9.95209            -8.54579            -6.30177
1.85095            -5.46434            -8.69778
7.20389           -0.793786            -6.52028
3.38084            -5.09018            -4.85946
0.54384            -4.46669            -6.91275
0.502335             1.24058            -6.62679
6.29536             8.92483            -3.78124
-3.02469             2.71767            -9.78027
-9.93133            -1.18137            0.166021
6.46443            -8.43318             3.07749
3.07413            -9.55016            0.954314
8.55892            -2.35817             9.92584
-8.91537             6.10401             9.36369
8.20765               1.507           0.0189215
-0.534684             1.98126           -0.215766
-8.11701           -0.619221            -7.44011
-0.159917             8.95291             7.21976
-6.97653             3.55998            -2.66823
4.50484            -9.29807             5.64592
4.51399            -8.89676            -3.62133
8.3224             -5.1088             4.53871
-4.51399            -1.89795             6.50166
-1.36326             8.93918           -0.193182
8.09503             3.57158            -2.07404
9.34172            -1.49388            -1.33091
-3.45866             5.59191            -8.34681
3.5136            0.037843             2.43049
-0.230415             4.27717            -7.66289
2.32917             -4.6559            -1.30985
7.60918             -3.4373            -6.24439
8.54671             9.68108            -6.52455
-7.14377             1.16794             8.45515
-2.49245            -5.74602            -5.70269
-4.23566             5.76647             7.76818
-3.03323             5.27726             -3.8731
8.75637            -7.13004            -2.83853
-8.52992            -2.08197             7.31651
5.6328            -8.54244            -1.48747
6.88498            -5.23423            -9.83825
-2.24219            -5.87024             9.00357
-2.9371            -9.97864           -0.797449
-2.09601              3.1782            -1.26438
9.21537             5.11582             4.00983
4.97604             1.82348            -8.97275
-8.6639             -8.5342            -0.01648
-3.51299            0.514847             8.06726
1.64464             1.48076            -7.44987
6.56209             2.81167            -4.37361
0.548723             9.06461            -8.52168
-1.75359            -2.39692             8.99411
-9.98474           -0.582293             5.33921
-4.63515             -1.3947             6.13361
4.9852            -9.86663             3.99487
-1.05136            -9.28465             8.18812
0.236213            -4.11847             8.47774
-4.11634            -5.85253             5.28916
-6.24165            -1.00223             2.65114
8.558            -7.33543            -9.33805
-9.84527             9.22147             2.06549
4.61379             6.72903            -7.09677
2.88003             8.79055            -4.51491
2.26112            -3.39976             4.44533
-0.145268             4.87136            -5.21012
5.65691            -9.88464             5.63005
2.7134              -4.691             5.51408
8.45576            -1.36326             8.55037
0.933561             1.92694             9.59075
-4.44838             1.98767             1.05441
-9.73144             8.27326            -7.32597
5.95019             8.27143             5.10117
-3.11045             8.95138            0.722678
-5.82415            -9.38597            -6.76626
1.43773             -8.9523           -0.918302
9.20133            -3.67931             1.65593
-0.324107             1.03092           -0.255745
9.10703              6.2917             8.57814
0.037843            -6.18427            -4.71572
-7.55943           -0.662557           -0.605182
5.55559             3.76843             2.74575
-1.54424              3.2252            -3.14676
-5.90625             2.80404            -3.33354
-2.81777             1.92389            -4.59883
-3.58379             9.63775             5.33464
-3.01187             1.64647            -7.82647
-6.78182            -1.19602              7.8164
2.24738            -9.43419            -1.36967
-5.26688            -8.89218            -3.78094
-1.67882            -5.71703             9.13266
-1.12003             6.98508            -3.31767
-9.30906            -1.04892                7.64
-4.57625             2.20954            -3.27372
-5.31327             7.12638             2.00964
-9.04447             9.93164             5.15824
-9.22727             2.53365            -6.79312
-4.32417              7.2631             7.46941
-7.92261             -3.9256            -7.08487
9.33256            -6.72628            -9.20042
1.61748             8.43501          0.00701926
-1.51769            -6.40461            -4.18775
6.41224             9.30052              8.0987
-5.87451             5.36149             7.47581
-7.35069            -0.23957             5.53148
-8.28089            -7.65191            -1.20792
-6.95181            -1.22105            -6.69942
2.04169            -5.77624              5.0087
1.83935              5.2562            -5.79272
9.28007            -6.16016           -0.597858
-5.73473             8.91415              6.7861
6.40461            -6.45497             8.76125
1.94617             4.65346            -7.02475
-1.59124            -8.37275            -5.01694
-3.82244            -7.08243            -5.59313
8.23237             1.67364             4.65072
-8.68252             4.10047            -1.10111
7.94671            -6.03107            -4.42763
0.754723            -3.81939             3.69732
6.21906            -9.07651            -3.56883
-2.90414             5.44023             4.26771
9.29441             2.24158            -6.65731
6.62008             3.15256             1.14078
-8.86746            -2.27119             2.34199
6.17786            -2.83456            -2.44942
-7.61681             6.77419           -0.242012
-7.26829            -8.15271             1.85217
-9.9707            -8.13501            0.571306
-4.01227            -1.82257            -7.83532
-4.93851                2.79             2.99692
-2.35633             5.54491             3.55937
7.63085             3.50871               9.288
3.64116             4.72243            -6.41346
9.46074              2.1839            -4.74166
-0.914945            -7.76605            -5.37431
-0.24781            -0.98117             2.36305
3.54198           -0.822169             1.15482
-4.76577             1.72369             7.62932
-4.11878             3.39488            0.244758
7.92077             8.43593             6.61061
-6.88375            -4.79141            -0.52736
3.02316              7.1807             2.50465
9.95453             1.90558            -4.45387
-2.69295            -2.05817            -1.51524
-6.08448            -1.75207             7.03024
-8.13837             7.63482            -4.73983
-9.46898             3.66771             1.35868
6.08875             7.48711             4.53139
-0.672933             2.45003             5.43291
9.77935             7.14347             7.97784
9.28739             1.14292             1.55675
-7.36686            -8.79757             2.88095
5.63616             6.95853            -5.41429
4.2201             5.96149              9.2233
-0.0897244             2.21015            -6.66311
-0.935698         -0.00366222             7.79809
2.44362            0.355541            -8.27601
2.93863            -8.49818             -3.7196
5.72954             1.55339            -8.88791
6.36921             8.76919              2.1482
-9.935             8.81314            -2.43324
-4.90524           -0.200812            -3.04971
-2.68624             1.05808             3.60576
-9.45189            -7.00919            -7.36686
7.25822             9.53063            -7.35649
-3.50047            0.552385             4.89303
-4.53597            -5.14603              7.0983
7.70318            -8.07947           -0.647603
6.04633            -2.95572           -0.660421
3.99884             4.36811             7.88476
1.13163              1.9892             6.65914
8.80795            -5.22965             8.32972
4.01898           -0.729392            -8.02637
-2.55715            -8.58242          0.00640889
7.17368             6.54286             5.25101
5.39445             1.01871            -6.40431
-7.19901            -7.78649            0.638752
-2.64504            -6.70888             3.95276
-9.86724             6.32832             7.90246
4.60036             2.37037             4.09619
2.92764            -2.05786            -9.83764
-9.85137             8.16767            -7.90613
-0.344859             5.91052            -2.02734
5.85772            0.962249             1.44322
-0.870693            0.206915            -3.65429
1.00894             4.65865            -5.15793
-8.55037            -1.00192            -8.86074
5.34104            -3.63689              6.8218
-4.19752             2.83792            -4.94125
-8.57692           -0.777612            -1.01871
-6.26179             8.13715             8.19178
0.512406             2.51564            -5.34593
-8.12525             7.61406             5.76037
6.20502             1.05472            0.448012
7.95251           -0.843532            -3.58898
-3.20078             9.51048            -4.08826
8.01325             3.72509             7.73614
-6.43727           -0.608234             4.84451
-4.16761             8.26411            0.299081
-4.65316            -4.91501            -5.05173
-4.1963            -6.14002            -3.05002
-6.47542             1.59795            -1.43437
-7.10868            -7.14774            -3.00882
1.00009             4.76882            -1.83264
5.74267            -3.07779             5.76647
2.94839             2.66701             3.69671
3.11289            -3.16507             5.65905
-2.56386             -6.6747            0.914945
-0.325632             5.14664            -8.18049
1.62297              3.5612             6.25721
1.71453            -2.47414              0.4944
5.45396            -8.76308             3.52794
2.39723             9.57244             1.87048
-2.99356             2.10852             2.69662
-5.97644             -9.4763             8.54396
8.88607             1.48656             9.00998
-6.84774             7.96716             8.14631
9.6881            -5.75243            -9.70367
-3.77667            -1.70354             8.70815
6.66036             6.93777             5.61205
0.343333            -1.06998            -7.57927
6.62801            -4.82131            -6.01428
-4.74105            -7.77367            -7.65252
-6.23676             5.36821             9.68291
-7.52586             8.89676             -3.3021
9.87976            -9.72533            -9.57427
-2.50832            -9.34294             7.68609
3.84625            -3.60698             9.16715
4.26313            -9.73663             7.76482
-5.13382              9.2642             1.36052
7.01437             3.00668            -4.81826
9.07468            -5.05997             2.35939
-5.1384             6.43635             7.63695
1.7539            -2.23884            -9.30174
6.48122             3.07688            -4.17554
7.35679             5.97613             7.85028
7.36473             3.40648              6.5389
-3.32469            -9.55016           -0.730918
-3.80444             1.17435             4.97238
3.81726             7.67541            -6.59841
8.31416            -2.78512           -0.296945
0.645466            -8.97061             6.81631
-7.02048            -3.57707               2.219
6.89901            -9.41618            -2.07282
8.84487             3.20292            -4.40107
-8.10083             9.78454            -7.39555
8.54274            -2.25776            -7.35405
5.20981             1.59825             9.39604
-9.61943             9.58159            -8.35994
-9.34629             9.47508            -9.66399
2.85592             0.55269            -4.99191
-6.03412            -3.98572             9.42991
-2.59743             7.40318            -6.63717
3.25205            -9.65026            -9.14243
-7.35618            -9.39695             7.97052
8.93948            -8.63277             8.74081
-4.89242             9.89502            -0.85696
-6.03412              3.3964             6.37288
-6.01947             5.05844              7.8872
2.91879              2.2074            -1.37974
7.17734             1.55522             2.96762
-0.515458             1.24302             7.76971
-0.592669            -4.32234             3.30912
0.505387             -7.3986            -3.41838
-3.83068             6.46992             4.04767
-8.45485             7.92901             4.07178
8.99258            -8.04621            -2.85134
-7.2982             8.08802             -6.1745
7.00827             4.84756             8.44691
6.87735            -7.15812            -4.82803
-5.59374            -9.03531             5.29862
0.334178             7.98334            -9.06705
-1.82562             6.21754            -7.94305
-4.34919             6.52821            -2.35603
3.10617             5.17197             3.97168
3.74737            -7.39372            -8.03858
-4.84603            -2.72347            -5.61022
8.12922             9.82574            -3.61187
0.716269             3.73516            -7.51762
5.14817             7.83807            0.480056
-3.05033             0.95584             4.07788
-8.13562            -8.87051             3.40556
8.18873             7.84997            -4.31104
1.16459            -9.17325            -2.59896
-5.48875             5.75091            -7.87378
8.67153             2.09754             7.40318
-0.608844             1.00162             2.65908
-5.58123            -8.92788           -0.163274
-4.79263            -4.40504             4.53566
-3.83648             -2.0661            -8.35139
3.46355            0.556658             3.99365
8.51192             8.53145            -8.56594
0.737327            -4.73647             4.18165
-7.57042             9.08231            -3.96161
-2.73324             6.22242             1.23875
0.0469985            -6.12751             3.13822
3.04422             5.42772             2.22175
-4.26099              3.1193             9.89288
-9.69939            -4.38673            -9.54192
-6.80898            0.652181            -5.66027
-5.60747            -2.09571             4.90524
0.859401             1.23112             -6.2682
-5.1384             4.27412            -1.55614
4.85641             6.87338             7.99615
-9.335             7.52068             2.38563
-6.43269            -2.63771             -1.1655
2.60628             6.85598              4.4612
7.37419             6.07227            -8.79574
5.78906             9.46959            -8.99167
-0.097354            -8.67519             -9.5175
5.48387            -2.45125            0.907315
0.583819             2.05878             4.20362
8.81802             4.55885            -5.39567
3.27036            -9.79614             0.85818
-7.4865             -7.9577              1.0773
-6.31733             7.20481            -8.50612
6.35853             -1.5891             2.36122
-7.17063              6.8096            -4.35835
-1.31321              9.6469            -8.04437
4.6849            -8.18476             5.65813
-9.60723            -2.78634            0.761742
-1.51646            -8.54518              4.5793
-5.13138              2.4662            -3.62102
-5.28123            -6.11194             7.62749
1.73833             6.39637             7.55699
5.34806            -3.13059            -6.38874
-1.5775            -1.78045             6.88528
0.362865           -0.755943           -0.491043
-3.36314            -9.05881            -2.41005
-5.91845            -5.07248            -2.47475
-8.9697            -8.49269            -2.56478
8.43532            -3.52977            -4.22559
-6.91092             1.40873            -4.64278
-6.58742            -5.32151             1.89459
9.40916            -3.48033            -1.47801
-1.68798            -8.93307             7.12333
-7.1279            -5.33525            -5.20432
-9.65728            -6.51601            -3.09549
-3.46751            -2.28828           -0.208441
-5.71581             -9.1409           -0.777306
-9.87487            -6.33839             3.35154
-5.08805           -0.587786            -9.84527
6.14368            -6.01062             2.20862
4.9617            -1.42582            -6.56941
-6.41163             9.42137            -2.72073
-1.02725           -0.921049            -3.51329
3.77483             9.30113            -7.51488
2.31941            -3.09702             -9.5996
-5.36027            -1.95654             6.48366
7.09677             -6.2447           -0.132756
-6.59566            -1.45238             3.26365
-6.33595            -3.64696           -0.993072
-9.52879              1.9599             6.27155
-6.36647             8.45485             5.68957
6.62587              1.4774            -2.19642
4.44533             8.79421            -4.52834
9.78729             5.21409             4.55611
-6.96188             1.55004             8.06665
-5.58031             3.13303             1.34007
-5.67949            -6.10645             8.51161
-3.18278             9.67559            -5.17716
-9.23521            -3.86486            -9.09146
2.48512           -0.820338             8.05109
-1.28605             6.89444            -8.85006
-7.47795           -0.606098            -1.69958
9.43907            0.793786            -5.11368
-5.68773            -2.30598             5.60808
-6.69576             4.06201             4.24909
-9.30418            -4.86404             8.29157
-5.84643           -0.191046             9.55962
-8.94925             9.19218             5.54704
-3.27219            0.600909            -9.47935
-8.1164            -7.79077             2.80831
8.24427             7.63237            -5.89251
-6.30604            -1.08066             8.91873
3.28867             8.41762             7.64397
-3.13395             -1.1359             6.77358
-6.74612            -3.72753             4.42488
-5.39109             4.36811            -3.66008
6.56178            -2.17994            -7.39067
5.46037             5.45427             1.93793
0.859096           -0.673544            -1.41331
-3.89477             1.60161           -0.268258
-2.18207            -7.87103             6.00085
2.56233            -5.41002             8.11243
4.74136            -0.23072            -3.87616
-8.86258            -2.34443            -2.95938
-3.7843           -0.735496            -4.29579
-7.30277            -1.43162            -1.95349
-9.58739           -0.314341             8.57265
3.50841             1.47832             8.50764
1.78472            -2.31208            -4.29701
8.71181             6.15253            -1.39897
-9.08139            -2.38411            -8.57753
1.23936            -5.88977            -9.94293
-1.03275            -1.23142            -5.57604
6.68111            -9.07041             5.42863
-8.85586             6.82577             5.89312
-1.57018            -5.46556            -7.30308
7.30857            -7.47307             -1.2363
7.7749             7.87164             3.85113
-5.88672              8.5052            -3.53343
7.62291             9.35118             2.62246
1.10477             4.76638             9.45982
4.33912            -9.84954            -6.79373
8.77285            -9.68871             5.51744
9.89502             3.39183            -1.34739
-2.13507           -0.824305             1.55492
-4.09986            -1.85919            -8.58669
4.82833             2.50984             8.20978
5.98498            -9.70946             7.36259
2.99631          -0.0955229            -2.45277
-2.43782            -2.24586            -5.73351
-4.93057            -8.18049            -1.44932
0.962249            -4.34065             3.82122
5.43443            -8.72524            -4.57411
-4.5262            -3.18247             3.64544
-2.05878            -5.12101            -2.89712
8.0694             3.88256            -6.96249
-7.64214            -6.40645             1.01901
9.5175             6.85324            -1.83721
4.4615             3.21024            -4.04706
4.44166             7.07846             5.10361
-6.03015              4.8204             9.00693
-3.97107             3.92621            -2.26447
-9.39085            -6.33106            -1.33091
-1.53844            -2.28095            -9.99603
-9.90936             -7.3397            -9.50896
6.70583             7.74621           -0.495621
-8.34071           -0.406201           -0.763573
-4.96384             6.73574            -2.73263
2.51808             9.69085             4.01044
-2.26447            -2.68593            -4.40107
-9.72655            -9.11161            -9.55657
-3.37291            -8.61293            -1.39378
6.83889             6.26362             4.33882
-5.18143            0.100101          -0.0503555
-9.94293            -4.44929            -3.14158
-1.14536             7.73644            -2.61757
9.63317            -1.74902             6.49403
2.23609            0.308542            -9.50529
8.73867             4.37483            -1.04709
4.51857            -5.93738             4.28327
-2.13843             2.79885            -4.42274
-4.88418             4.05774            0.191656
9.84558             4.66048            0.052797
5.8623            -2.97678            -1.49815
-0.8652             9.39085             4.67055
-9.05087             1.88635           -0.544145
-2.79885             7.18528            -8.07245
5.78692            -8.97061            -3.07016
-6.92404           -0.589618             7.85028
-4.47554            -4.84512             1.60649
6.88498             1.83721              7.1923
7.77215            -9.25626            0.656758
7.32933              4.3907              7.8634
-0.794092              4.9968              9.2758
3.15836             4.21888            -9.31272
5.00107             2.63924             7.77795
-6.71194             6.32954             4.81552
2.54921              9.1409             6.87887
5.45976             6.33808             2.81899
4.08918             8.95596            0.878933
-2.87912             6.55293            -2.55898
0.309458            -4.19721             2.77047
-6.37715            -2.47627             3.72906
5.39628             6.88711             9.63225
4.66109          -0.0317392            -6.80013
-0.093997            -7.69097             2.63558
9.08567            -7.41997            -9.74944
4.60677             -7.9693              8.6642
5.47716             9.60784            -4.71419
8.28303              1.7655            -1.18717
-1.00314             9.24223            0.678732
5.26749            -7.72759             7.89666
1.06601            -6.55629            -1.99896
-4.20301             4.17768            -2.94687
0.200812             3.82275             3.59874
6.97104             9.88128            -3.68725
4.81063             8.36146             8.30897
7.57897            -4.69314            -6.79464
-0.503555             3.29539            -6.28376
8.86837             4.54909             7.95984
-9.09879             8.38069            -7.00308
-3.03385           -0.336924             3.97443
-6.22089             5.60625            -7.27409
-3.20414            -6.39821             7.50877
6.15802            -7.09464           -0.150761
-8.82778             7.92596            -4.24604
-2.4427             7.37358             6.04541
-8.55831            -3.67077            0.669271
6.79922             9.62462             4.72671
-2.02216             7.32414             9.86847
-1.84149            -7.23594             1.71453
-7.47856             4.02753             3.53618
0.507828            -9.20896           -0.932035
7.25944             3.85815             -2.1015
-3.91247             1.87872             3.71532
8.20215              -8.146             2.92032
5.3206             1.32206            -8.58913
1.34037             3.33171            -9.91729
7.59575            -1.91839             2.88675
5.13901             7.00766             8.23511
-0.925016            -8.12769            -2.53151
-0.791955             8.07337            -5.60259
3.21238             9.84344             6.40919
7.81884             3.81726            -9.48943
-3.41899             7.94794             -2.9429
-4.61013             -7.4575            -6.94632
-4.65682             7.18802            -5.02365
-2.97739             6.48671            -3.58928
5.1677             9.44365             1.57018
9.36583             1.33671           -0.694906
-7.77856            -3.13761            -5.97613
-9.47905             1.62145            -6.12079
8.19666             5.18662            -9.75494
8.86196             9.82055            -6.96554
5.89404              -1.742           -0.119022
-0.755028            -5.95325           -0.813013
4.55489             4.31593             9.21751
5.52904            -7.83837             9.30235
-8.36451             9.93286            -6.61458
-4.45357             6.14429            -3.86334
-2.09326            -8.96054             1.53417
5.74633              7.9284          -0.0671407
3.17667            -3.52702             3.66863
-3.97748             2.91543             5.31114
9.08383            -4.12122            -7.24326
6.27552             9.68383            -5.84887
-9.46898             3.40983             8.74081
-1.61199           -0.423902            -4.65499
6.12995            -5.69903           -0.513627
3.99579            -9.29594             2.57668
0.928983            -9.07559              6.6625
7.9162            -6.83187             -2.8898
8.79666             6.34999           -0.324107
6.12873            -7.63726             5.03433
-6.01733            -1.72308             9.10459
7.07266            -7.00735            -8.16065
-9.40001             3.86517             4.07819
-3.13517           -0.310068            0.448622
-5.93493            -4.08979            -3.82733
-2.88308             3.28867            -7.21732
1.39744             1.75512             4.59944
-1.47923            -8.11365            0.855739
6.29109            -9.20896             -7.1569
-5.0972             5.25437            -9.85595
-4.81094            -6.72842              6.4452
8.44172            -1.34922             3.91675
-3.39244             5.28092            -8.11853
0.754723             -4.4322            -8.53664
-6.1214            -2.75216               2.472
-6.16993             6.42079            -6.88314
-1.10599            -8.84732            -7.66839
-0.243233             4.89151           -0.364696
-1.0773             6.38569             6.59352
-7.1572             8.14875            -3.39122
-9.21934             3.45134            -1.46214
2.74361            -5.64684             3.62377
-3.84838            -3.06528             -3.6668
8.33186            -6.25141            -7.77947
9.24467             5.97369            -9.59441
0.760826             5.81835              6.0445
0.963469            -9.03836             2.44453
-5.94867             9.41893             6.60787
-8.6053            -7.83349             -1.7481
-8.42372            -8.48445             7.00125
-3.47362            -8.62758             2.53365
8.47011             5.42558            -2.07709
-9.13266             3.23832             1.19388
-3.24076             4.16028            0.821863
-5.7741            -1.51341             1.29063
9.61913           -0.712302             7.02628
-0.820338             1.67425            -6.07135
6.00238             9.84619             3.39702
4.52315            -9.72839             1.60222
-8.80032             7.88232            -6.20106
-6.77084            -6.81936             1.39592
-8.51314             4.57533             9.27976
-6.0976            -9.03806            -6.47511
1.06754             4.54085             -3.4788
-0.266427            -9.07193            0.224006
-3.84472             7.40959             1.45726
6.02069            -4.41237            -1.38676
-3.83374            -1.92267            -9.74029
9.91424             3.88073             7.41691
-8.79635             8.80673            0.991546
8.79849             4.26099           -0.321665
2.50221             6.74215            -1.06815
3.7843             -3.0604            -4.43831
3.24717            -1.30985             8.70571
-1.60588            -3.12784            -6.44124
2.21503            -4.70138             1.97272
-8.50154             1.28605            -8.62728
6.09485           -0.488601              6.1095
-0.257881            -7.52953            -3.31523
-7.89972             9.09879            -3.31645
4.20545             4.94797            -5.37767
-2.45979             2.07007             7.75445
-0.901517            -4.62539             7.66289
-9.8056            -2.96915            -9.63958
-1.33488            -5.55864            -6.66952
1.84851             6.20167            -2.19703
-5.86901             8.40968             9.53001
-6.71529             8.20215            -5.56322
0.159917             4.89975             4.38063
1.96081            -4.77859              3.7669
-7.12943            -3.10556            0.847804
4.02051          -0.0643941             5.96576
9.01028            -4.09131            -1.82562
-7.83013            -2.77566              2.3191
5.77502            -8.46095             8.30988
8.84671            0.573443            -9.61394
2.12897            -3.77667             1.95135
-0.979949             9.52086            -3.16721
0.978729             6.61794            -1.49663
9.41679            -9.15647           -0.937223
-3.0958            -7.60826            -5.63311
8.2934           -0.845973             4.37452
-6.86483             5.25987             2.19916
-0.8417             4.02875            -9.63897
4.75082            -6.21998            -8.50276
-5.27085             -8.0578            -3.60088
-0.722983            -6.70949            -5.86627
-4.52437             2.73659            -2.82113
-1.56255             3.87646             9.75249
3.37352            -4.65743              1.6834
1.01321            -7.67388            -1.12064
3.36161             5.29527             9.32157
-5.374             4.98672            -1.34739
-6.13575             -6.7568             5.14664
-8.5876             9.32249            -8.27784
9.93744             8.36146             0.94058
-0.463576             2.66579             1.08524
-3.73333            -8.11914            -4.82345
-9.57488             2.38289            -2.80618
9.89105             3.88104            0.255745
8.8638             6.53737             7.94244
0.698263             5.76983             2.77718
-3.36467            -6.94418             4.66842
7.64672            0.643941            -9.69909
1.86468              1.9599            -3.14066
-6.46321             7.10898              4.7145
-4.12366             1.65471              -9.476
-6.6982             2.19001            -1.59642
8.65535            -7.86981            -5.37828
-3.42723             4.46486          -0.0695822
9.28495             2.00354            -2.39875
1.62633             9.49644             3.85113
-8.0224            -5.41856             3.65246
-2.22846             8.02911            -6.95639
-3.44798             2.36824           -0.767846
-4.04767             1.89062            -0.95584
4.05957            -4.60646             6.12354
8.90988             3.10404               4.167
1.12918             1.52165            -6.30543
9.67162             4.62203             5.02915
1.81463             1.08585            -8.44661
-3.66832             2.60903             7.41295
-6.79128             6.28529             -2.9194
-8.66054             6.53218            -6.55385
3.81695            -0.33021          -0.0161748
-5.87451            0.773644            -1.98859
-5.60106            -3.00851             1.00681
-6.48091             6.25813            -9.51445
-3.42112             1.35411            -1.55797
5.04501            -8.96298            -9.04965
3.34422             1.57567             4.19385
-7.42393               0.412           -0.613727
-5.9032             7.17032             2.50526
2.46559            -9.56542             7.69158
-8.93948             1.61199            -9.45769
-7.99585             2.16712             7.26127
-3.25144            -4.17341            -1.59856
3.14096            -8.89096           0.0173956
-7.987             5.59038             -6.5624
-2.35389             3.69366             -4.0144
3.58257            -7.63726             9.14457
2.7665              5.0032            -1.38127
0.788903            -8.51619             7.75262
6.98508            0.879238             2.17048
1.12644            -5.51195              4.3733
9.40764             1.43651             2.99203
3.28227             8.88424             3.63353
6.80593             -3.7727            -2.18543
7.71386             7.70989             6.33198
-4.57167            -2.72561            -9.07315
-4.31593           -0.590228            -6.18336
9.88037            -1.18534              3.6137
1.70629             3.06803             -1.7481
-3.36406            -2.69082              5.7561
-7.71661           -0.490127              -4.832
2.93435            -2.89438             2.25715
-5.30412              1.1713            -8.30561
-8.41212            -1.41423             -3.9021
-2.57454             1.28697            -6.54103
4.86251            -7.87774             -9.2053
6.17115             1.23081            -6.76687
7.24631             1.84545              3.0369
-0.191961            -4.44227             5.82873
-0.406201            -2.02185            -1.45878
-4.31379            -5.19486           -0.382092
-7.82739             1.97302             8.58516
-1.12644             2.79031             5.67156
1.19846              3.7431             8.82565
-0.150761             7.29118            -5.01907
-1.90344             3.49956            -9.59349
-0.770592             7.54967             5.22141
-6.35884           -0.951567             6.76748
4.71206            -7.17856            -8.45271
-0.889309             2.95938            -9.13083
6.90603            -9.41465             5.28062
-9.82543             7.80541             9.89715
-7.90399             8.90164            -2.25562
3.9491            -6.21326                4.55
7.66381             8.41884              -7.463
6.61336             4.68215            -5.80493
-5.7799            -2.83273            -4.72091
-2.97678            -2.26203             9.80163
3.3372            -2.25227            -7.98853
5.18754             9.81658            -3.90484
2.7485            -2.78909              -8.258
-4.15723            -7.31223             6.98386
0.475784              7.7279             2.04108
8.1344             6.03046             8.98801
-9.66643             5.51561             9.69909
0.796533             5.03281             9.32279
-1.70324              5.0734             9.63408
-8.32301             1.00009            -4.17096
-3.74065            -4.71511            -6.95364
7.11142             3.94269            -2.76009
9.69695             9.75036             8.91018
-2.74117            -4.49873             -2.9255
-1.19205             6.81936           -0.447401
-7.65923              7.8637            -8.34651
8.76156             1.47313            -7.82983
-1.19755             1.04251             4.87838
8.605           -0.685446             -2.7842
-2.10425           -0.376598             -2.6191
2.44301             5.12833           -0.167241
2.06946            -1.39286             -5.0679
3.90576              8.4051            -5.06821
-0.000915555             9.21964            -8.15943
0.610675             3.27067            -6.76717
2.29347            -1.33549            -1.34465
-2.91299             9.41343             3.32255
-5.28489            -1.56529             1.51006
4.45112            -4.89486             7.98639
3.78033               1.189            -9.60509
-2.38563             5.08927             3.44646
5.15793             -6.1153           -0.645772
2.81014           -0.157476            -8.27052
3.44218             4.46821             1.54393
-5.51561             6.02863              8.1399
3.05673            -2.94534            -9.17997
-8.31904             5.74938              8.7933
-9.0231             9.15006              4.6144
-0.797754             9.18088            -4.24329
0.389111            -7.04672             9.49797
-6.74429            0.595416            -9.10123
-7.91375            -9.96979              8.8818
-0.219123             7.03909             3.92224
6.72842             -6.4922             2.00568
7.99768             6.57888             3.69854
-1.14566             5.19364            0.459914
7.6986            -6.06494             8.13776
-3.15073             1.17038             2.67617
-2.24189             3.96649             4.51369
-9.74883             6.30055            -6.21784
3.71838            -6.54225             5.83941
-8.40876            -3.02499            -6.08448
-9.5349            -6.23371             5.17716
5.65538             4.00922              9.4409
-7.08945             1.04099            -7.31864
-2.61818            -3.73272             -6.1211
6.44276            -3.96893            -8.05963
4.34797            -9.09543             1.13956
-9.77416            -3.68542            -5.15976
8.1579            0.762047              1.5656
-8.06635            -2.54891            -9.99634
-1.42918             1.42552            -6.68905
5.72253            -7.40715            -1.22623
2.4601             7.74957            -8.71395
-8.91385             3.26853             7.64214
-0.306406               5.656            -2.48604
9.64324             1.37669             -3.1196
2.38502           -0.125126                8.24
1.05747            -2.61879            -8.39564
-3.17637             7.02658             2.31788
-6.65548            -5.79699             8.54732
4.86343             -1.9364             8.48781
-3.01737            -9.39451             7.82128
2.49947             -5.6914            -8.12067
-8.75881             6.24683             1.03946
-3.49651            -4.79415            -2.37251
7.79778            -4.32051            -9.51872
-5.14817            -3.02042             4.82223
9.05454             4.76516            -5.45274
5.8034             4.88876           0.0872829
-3.52886            -1.88879             8.36756
6.41926             8.31233             3.95459
-9.65972              9.8587            -6.69118
0.794397             -9.0109             4.79171
5.13932            -9.08658                3.09
-6.09821             9.35514             5.72375
4.25031             2.62307          -0.0936918
-1.57018            -5.50981            -3.48186
0.502335            0.706198             9.06766
-3.75958            -5.27146            -4.22132
-1.17008            -1.16825             6.91488
-2.62459            -1.13498             0.22187
-9.49278            -5.92883            -7.34733
-5.49516             5.08652             5.47197
-8.04376            0.525834            -3.34178
-6.54164            -9.69146             3.92468
-9.38963            -5.86016           -0.779138
-9.25382            0.456862            -2.99844
3.83007            -0.23835             -6.4864
9.7763             -3.4489             7.87286
-5.06668            -6.71285            -3.21909
-0.982696            -5.99567            0.592364
9.25779             6.80746             5.78234
2.20435            -3.24442             3.16446
-7.40471             -8.3224             2.73507
8.7582             5.63402             6.98263
-1.57292            -3.19559             3.23496
-0.128788             8.21131              3.2725
8.36207            -2.67922             -4.7557
-7.08975             8.45515            -2.08319
-4.54451            -2.56569            0.954314
7.43095            -1.07669             1.90558
6.1449             2.17139            -6.09729
-8.59004            -2.43721            -9.51231
-9.65819             8.44447            -9.41038
-4.55245             9.96216            -1.35533
8.91232             -2.2187            -5.80767
5.19272             -9.5468             5.06607
-9.43968            -8.50063             4.84664
-10            -2.62459            -3.52092
0.453505             7.99158            -3.76324
-6.11255           -0.612812             5.84063
-8.84732            -4.12549             9.29838
4.05377             4.07788           -0.796533
6.27674             9.89593            -2.95755
4.7261            -3.42936            -9.68261
-5.66515             2.99814             -1.6361
9.37193            -3.53069             9.01028
3.54167            -7.51976             6.41957
1.57079            -2.51137             9.66033
5.83789            -6.82943             3.09061
-8.17682             1.57598              9.5996
3.28288            -6.72018              4.6971
-5.64226            -3.95489             3.24351
-4.68673             1.46702            -5.68194
-0.710776             3.57524             3.21329
8.3517             9.54527             4.84603
-1.17893             3.82794           -0.875271
-9.93988            -1.55492            -7.00003
-4.65011           -0.169073             1.92969
5.51805             1.67241             6.85873
2.12439             3.53587             3.62804
7.51671             6.92557             9.76775
-0.159612           -0.855129            -2.26936
5.17533             7.05802            -8.47255
-1.45329            0.596637             -4.6263
-6.00604            -2.92215             9.62828
0.285348             1.57018             6.20319
-7.07175             4.47645             4.29487
7.54601              8.2638             3.93048
0.769066            -1.83477            -9.59258
1.36113              2.2132            -2.32917
5.52263             5.64653            0.180975
-4.80209            -2.43233             1.56194
-3.61309             7.63237             4.58327
-3.12601            -5.04776             -4.4203
2.52754              9.6231            -8.80673
0.681478            -9.27396            -8.36085
8.96512             1.18809            -4.51491
-3.23405             9.91913             9.51506
2.23731             3.14707              7.3629
-6.35731            -2.02185             9.36399
-2.49001             8.17835             9.34629
-5.84613             7.22861            -2.75307
5.20615              1.6422             3.32499
-3.16874            0.364696            -9.39024
-3.08603             6.84439            -4.54299
8.99411             -4.5967             1.13193
-5.86474            0.540788            -9.22056
2.06427             0.86642            -5.51927
4.19752             7.80663           -0.388501
0.397351             8.15546            -3.38023
1.65624             1.62969            -2.33924
-8.21894            -1.86438            -6.15314
5.3798             3.11502            -3.57891
6.42903             4.40687             8.12952
-7.26829             4.10443           -0.324717
8.01538             1.27476            -1.34526
0.0585955             6.72781             4.54024
-3.90912            -3.58837             7.57439
2.39875            -5.01694             8.57814
0.5768           -0.747093            -4.09223
0.414747             3.59996            -8.90866
-9.42167           -0.474868              -8.811
6.4977            -8.80612            0.418714
1.03671            -4.60433            -7.26157
-5.3386             9.57732             6.60512
-5.83575             3.56304           0.0354015
8.91659            0.596026            -5.93707
7.73431             7.00217             5.85955
2.38472             9.27335             6.94632
-0.722983             8.57082             3.79589
-7.90551              2.9548            0.472121
-0.524003             5.75365            -9.31394
9.67284            -4.12671            -3.22886
-6.35609             7.19169             4.47981
-6.89779            0.793481            -8.66085
2.38746             6.24836            -3.46355
8.66268             7.81915             5.22446
-5.97644            -7.03879             -2.2306
-1.51433             4.10047            -4.98611
-1.52867             3.90545             6.94723
-3.74859            -1.24454            -3.01798
6.02069            -3.72021            0.473952
-5.72924             3.19346            -6.77084
6.15131            -8.60408             1.66723
-9.60692             4.21827            0.637837
8.99014           -0.977813            -9.24863
-0.634175             6.17969            0.547807
9.0936             -9.5175              2.0304
2.23365            -6.10767            -2.90353
-6.65151             9.83306            -1.52135
-4.23658             3.31034             7.74682
-4.51796               3.802             2.63802
4.6144             2.58278             3.93536
8.26044             2.67037             4.68184
5.72985             -7.9162            0.635395
-3.83801             7.56523             -9.1287
2.95633           -0.660421            0.761437
-3.48857             3.20566            -4.39802
2.67708             8.61354             4.45387
-3.06925             2.55898            -1.84484
4.42732             9.24345            0.460829
-4.74715            -8.26289            -3.02225
-4.5378             2.46773            -6.67318
-8.79604            -7.03452            -7.02689
-2.33467             7.32871            -4.27778
-8.59096            -2.31178            -9.73846
0.982696            -3.79986            -9.32524
4.93698             4.19111            -5.20707
-9.68535            -7.08457             7.14713
-0.894498           -0.693686             4.63149
8.43287             8.32636             5.33433
-7.50023             6.66341             1.50365
-7.0571            -3.97687            -6.06708
-5.48265            -2.47658            -3.87219
-3.25205             7.31773            -4.78988
9.51353           -0.480361            -7.49321
-5.73168             1.13071             5.75671
-0.906705              -8.876            -8.20276
-5.04624             1.46458            -2.09815
-3.31797             6.93381             9.35453
-2.01086            0.122684             -5.0383
5.05295             8.18171            -1.90893
-8.49086            -9.13968              9.9527
2.4134            -5.79485            -1.96844
-3.66802             5.38224            -2.37526
2.26966            -3.12357             4.47127
7.13309            -8.73684             -1.0535
0.0387585            -8.31507            -3.66436
4.46242            -4.39589            -4.01318
-2.70333             1.61931            -2.07526
7.60613             9.78637             3.52428
6.68447            -3.45225              1.2946
-7.65893            0.900601            -3.15226
8.52596            -6.83432             1.17588
7.68822            -2.52327           -0.952788
3.70922             5.75457            0.332957
4.48744             3.24992            -3.59355
-6.74734             7.49931            -1.29948
-6.64846           -0.600604            -3.00119
-5.26749            -8.34071             9.67742
-8.48537            -5.14603            -6.29536
3.2963             4.41694                9.27
1.31443            -6.63442            -7.51854
-5.71734            -9.42076             5.84704
1.65014           -0.921659             2.27729
8.05811            -4.09955            -2.04901
-6.30207             5.26963           0.0946074
4.7087             5.78265             6.26453
3.35185            -2.56142           -0.309763
-5.55589             5.47166             0.37965
-1.83935            -3.45347              1.9953
-7.13218              1.6953            -6.30329
-7.93268            0.645161             2.82601
0.966521           -0.575579           -0.414441
-7.62963            -2.59957            -2.41035
-0.119633             6.65426            -9.79583
-1.93823            -6.41011            -8.49361
6.15436             -5.2208            -5.52049
6.18305            -2.33894             5.95782
-4.28602           -0.415357             7.68303
-6.91488             7.10898             4.88327
-5.41124           -0.511185            -5.44816
4.06232           -0.537431             1.37883
1.3892             8.75179            -4.49934
-8.70754             -1.8598              9.6765
-5.59252            -1.18748             5.05203
4.47371            -9.27183            -2.36244
-5.61296            -8.36604             7.37449
9.20469            0.169378            -3.84014
-0.334788            -1.72552              -9.747
-9.64354             1.44688            -6.43483
-0.642415            -4.40809             7.24265
-1.45726           -0.321055            -5.21531
3.043             6.12537             9.89319
6.41743             7.75231              2.8544
9.73357            -9.02066             6.94754
4.11695             9.81231             5.95325
-8.3343             2.32734            -1.29093
3.5197            -8.62941            -5.44694
-0.953703            -4.36171             5.92822
-6.1269            -5.03098             2.23426
6.62618              7.1984             3.98083
3.91217           -0.951567             1.32023
4.7908            -8.53603            -6.17573
7.60399               -2.36            -9.71252
-1.55797             3.01828            -6.52791
0.68392             4.09833            -1.39653
6.30726            -7.87255            -9.14426
-7.85119             7.89026            -3.11747
-4.93149            -1.41057            -7.98303
9.91852            -5.10788             3.69488
-9.03714             3.99152             -8.3108
-6.43422            -7.93756             3.45683
-8.85586             5.64989            -4.70901
8.96725             7.60338             5.30961
-2.80648             9.08902            -7.06198
-8.26472             7.54845             1.25126
-9.79217              7.2866            -4.25642
3.57372             4.17463              4.0141
2.66854             7.88446            -6.60543
-8.62239            -9.17936             9.24314
-4.17493            -8.02637             3.47636
-2.28034            -6.90329             5.43382
1.13742            -9.66582            -3.58379
-9.05759            -8.74081             3.01614
-0.307627            -2.79916             3.06131
-1.56072               5.721            -6.72048
0.912503            -8.86929            -2.08716
0.109561            -1.19175            -2.96152
6.21113             4.95987              5.6972
-0.10773             9.28861            -2.66976
0.277108             7.63115            -9.74364
-1.77923            -2.87301             6.02985
8.11914            -9.55168           0.0189215
-5.72466            -8.07855             5.21775
-8.36238             8.75179             2.58187
-7.6928            -2.76498            0.704367
-9.3057            -5.57604             7.55089
-3.24717             4.35591            -2.25074
-2.45705             2.50343              -8.352
-3.89355             9.85961            -3.63781
-3.93017             3.20444            -4.82498
6.94052            -8.73959             6.67531
-4.56343            -5.72985             2.98654
-8.20338             8.83267            -1.38218
5.59313             6.86697             -7.8637
5.80462            -8.03217              1.6715
-9.37193            -6.65944            -9.89807
-1.0831            -1.20548            -5.65752
5.28184           -0.158086             1.20945
5.22935             4.00769            -3.08329
-0.850551             3.88714            -6.79312
3.93933             4.18195             -5.5913
8.40205             3.49773            -8.69686
3.43394             7.84539            -4.86892
-9.6411             2.94931            -9.69543
5.80493             4.34706             5.36912
-5.57634           -0.480972            -8.14722
-6.1272             9.89349              -8.558
8.43226             -8.9346             8.86227
-4.34217            -8.41792           -0.731223
-6.90115            -3.85998             7.17978
7.83105            -9.45158            -2.65023
-7.52068             8.56716            -6.28224
2.09326            -8.23389            -2.75765
-4.34889            -7.08914             2.31971
-3.29997            -4.26435             2.89346
-7.72668           -0.201422            -9.44578
-3.92834            -2.17017              2.3719
1.99896             2.37648             8.59859
7.4752            -4.40504             9.37498
2.86416             5.16434            -1.06845
6.61641            0.166631             4.00678
8.79299            -1.17557             1.82592
7.41264            0.243538             1.37028
8.94894            -8.87997            -9.46226
6.4684             4.55702            -1.86956
-3.49193             8.05658            0.729698
4.62081            -9.18424            -5.88244
-2.33161             5.22019            -9.23551
5.9798            -3.88409             7.23869
6.53279            -3.89203             1.14231
1.24516            -0.85757            0.807825
3.94574             2.51473             7.01712
5.41673            -1.89489            0.235908
-8.46309             9.30021            -9.42869
8.5406            -5.46281             8.67306
-1.85308             4.65682             1.88269
-0.281075             8.89615             4.50789
-9.64721             4.27595             7.33573
1.06113             4.93484             1.86956
-9.2822            -5.74725              5.1793
-0.591144             7.65984             8.25465
-0.929289             4.95315              5.4622
-5.01724             1.63579             5.33647
-0.337535            -1.70782             9.42869
-2.91635              1.0712          -0.0430311
-9.94171            -3.43181             7.52129
4.22315            -4.25367            -7.61681
0.5768             7.30735            -1.00284
1.10324            -3.69793             2.84707
2.74209            -1.61107             2.59774
-2.08533            -5.59099             -6.2331
4.63515             2.03375              6.2566
6.63228             4.47401            -4.73952
5.47441            -4.96109            -7.57653
3.0607             1.94189             8.31538
-8.08924             3.25358            -5.80126
-4.53688             2.68685             9.69207
-5.73382            -7.17521            -6.93777
-2.0246             8.73318             2.42195
5.74725          -0.0909452            -6.61489
-5.83209            -4.44838            -6.90023
-8.32728             1.63976             2.10028
4.98825              -2.125             2.48817
3.55266            -6.46931             6.66952
2.37831            -1.84637            -2.09052
5.11673           -0.655232            -7.50542
9.60021             1.25675            -9.84191
6.28773            -6.74886             1.76489
-5.13047            -1.95502             9.22941
3.63079             8.35139            -5.62456
-8.87082           -0.823084             4.22193
8.26472            -2.40089            -9.25962
-1.69683            -7.89972             6.08478
-4.13282             8.22718             -8.0813
-6.5566            -8.67122             9.73998
9.19462              3.1547             8.37947
-4.15815            -9.15708             2.07312
9.83673             1.26316            -5.07462
7.64275            -8.10205             6.71957
2.41859            -1.05197             1.80181
3.07321             3.28349              1.8247
-9.94995            -5.53331           -0.288705
2.35969            -9.57183            -5.35234
7.68975           -0.853603            -8.19086
-8.61629            -6.25538             2.91391
0.241096            -3.25877             3.48094
-7.17399             1.46855              -2.107
5.69231            -5.22599            0.380261
-4.77981             3.61003            -1.18442
-0.811487             6.24195             7.93054
1.18748            -4.66475             4.83261
-6.49037             8.15485            -8.88943
-7.5811              9.5761            -2.11066
5.76037            -5.61571            -4.93973
1.38676            0.521561            -7.48711
9.08353             5.01663             5.45488
-3.21055            -6.37776             -1.6306
4.43556            -6.84835             2.57332
-5.17441            -7.04154            0.433363
4.27015            -2.74789             6.27308
7.05893           -0.904874             4.89151
-8.95108             5.93677            0.823389
3.62499            -2.84951             7.24296
7.99432            -8.55129               9.635
9.56053            0.931425            -6.33961
7.66167             7.73186           -0.386059
-3.90179            -3.69915            -3.93414
-7.37022            0.571001             7.64428
9.79095             8.07398             9.59685
-9.28495             2.32795             7.24235
4.26862            -1.17832            -1.59551
-6.56941             8.98343             6.70309
2.75491            -9.67437            0.562151
7.35069            0.458693           -0.223395
0.140385              8.3169             8.32179
-4.75936            0.928068             6.45863
-1.3065             6.79708             2.16987
9.67376            -3.83007              3.7553
-4.6028             1.77038             1.40538
3.28013              7.7337             1.88849
8.63033            -0.52736            -4.24574
2.53182            -1.33793            -2.96304
-1.84362            -5.27787             5.71978
4.24604             7.85577             8.22474
2.2306            -3.75652             6.90085
-4.23994            -7.09708             3.32987
6.9335              -4.073             9.22941
7.76177            -3.98358              3.3903
-5.3621             0.64272            0.895718
7.80358            -1.22593             2.09113
-0.388195            -4.94308            -1.56865
-9.93866             -7.7398            -7.65069
6.83615           -0.938139             3.41685
7.34336            -9.32524             -3.5551
0.956755             1.61657            -6.62404
-8.89859           -0.415967             5.15122
-5.14664            -1.36265            -2.69723
7.97845            -1.58025             -5.5388
5.0679            0.174566              5.0557
-0.955535            -3.18339             7.04428
-7.84875              1.2183            -9.92645
3.85083            -7.43522             9.10092
6.3744             4.16395             7.70135
4.15937              5.2089           -0.880154
2.12897             4.43037             1.87963
3.9845            -6.76595            -8.76705
3.83404            -4.10932             5.79333
-1.3889             3.12418             5.95996
7.50328             5.19852            -2.71004
0.662862             3.49925            -5.42833
-1.76092             -1.1066            -8.93246
-0.185553           -0.276193             9.32737
6.58376              9.4525            -8.33583
-0.0134281             2.60781            -9.10398
0.28901             9.18271             6.75039
1.51219            -9.20164            -2.09815
4.84664            -9.29228             1.86346
9.48637             6.42262            -3.75317
9.6823             6.11621             -5.2031
-4.62447             5.76098            0.805689
5.3441            -2.60811            -3.48613
-1.91687            -1.19785            -1.32939
-6.92862             7.40074            -3.43059
0.243233            -8.37214             3.45378
-9.29319             5.06058             3.28837
0.856044             9.87182             7.25517
-8.06085            -3.03995             2.11798
-9.2169           -0.776696            -4.96597
8.48201             6.61245           -0.400098
-6.85751              1.9483            -4.51277
4.6324             1.86468             9.30326
8.85525            -1.77984             1.71392
0.429395             9.79888             6.93655
9.41069            -6.45497             8.53786
-7.79504             3.05185             -4.5558
-4.13221           -0.400708             9.81933
-2.23731            -1.92419            0.159307
-4.20515            -8.89584          -0.0958281
-8.40846            -9.54497            -7.48161
5.93524             9.87091            -6.90725
-4.06903            -8.37123             1.29978
-0.414441             8.15241            -8.34162
-6.62465             -3.0491             1.47252
-3.5551            -8.91568             2.01056
8.19819             9.21018             4.47737
7.68731            -4.25794             1.23264
-9.38292              5.3029            -8.65474
-3.59905             3.76141             3.30088
4.55702             -6.2978            -4.15479
-7.53227            -2.99448            -5.50401
-9.24924             5.30107             6.95883
-2.52083             9.30113             8.34284
-8.73012             3.05216             4.56587
-8.78597            -8.23695             3.37199
-3.04453             7.16575            -5.26444
-4.94858            -2.85562             6.55141
3.32408            -4.08979            -9.55321
1.85034              7.9931            -8.17011
-3.69396            -8.34773            -7.54173
5.00168             8.97641            -8.54946
-8.65596            -6.91275            -6.25233
-1.38676            -5.07309             6.09485
3.73547              2.8489             1.93731
2.78451             8.71181            -2.10059
3.69243             2.83609             1.06357
2.15339             8.32026            -6.25385
3.92834            -9.14914            -5.74084
3.24229             1.79266            -9.31822
-3.18491            -9.34141             1.34556
7.67785            -5.35203            -6.20075
5.39415            -7.53075             2.16315
-9.56786            -5.15976            -4.82528
1.92938             1.03916             1.26652
-6.4452             2.73751             5.14878
8.73257            -6.48213            -9.87396
-8.34681             6.27644            -9.56481
2.09418             1.43864            -5.25651
5.2971             4.55733             2.04291
-8.5464             2.87393             1.22501
-8.6288             4.66842             9.93622
-4.55306             2.70028             7.49321
-4.72243             5.27726            0.688803
6.81417            -5.58977           -0.108951
2.11219           -0.118717             6.95608
0.156255            -5.56658            0.860927
-5.73168            -7.87683            -9.11466
-3.54839             7.30216            -5.37858
6.62923            0.963164            -5.12467
-1.88574            -6.65609            -3.81939
-2.99936            -3.16996             5.36088
8.17652             4.08032           -0.772423
0.117801           -0.920133             5.68407
-3.82            -5.30778            -8.62026
-3.96588             1.25462            -6.88467
-0.0799585             7.51946            -7.28263
7.27317              7.8927             3.96283
-7.86004             7.16422             9.30815
-8.58089            -1.02664              5.7625
-1.73528             9.07376             8.90042
6.05853             3.18125             5.48784
-4.13984             6.67898            -2.94626
-9.38047            -8.70022            -6.88345
-2.88491            -1.28666            -7.67785
-6.2685             4.54512            0.551775
6.07227             5.73931             2.50038
-6.58437            -1.26652            -1.31596
-9.18546            -5.60228            -9.04508
7.33146             1.54576            -1.92877
5.95569            0.589312             -4.8207
7.8988             5.83758             2.03986
-3.76324            -1.44475             3.31645
-7.53655            -6.61733            -5.41856
-2.08808             4.23994             2.15888
7.71508            0.797143             4.22773
-5.11856             6.25782            -4.32936
-1.87262           -0.292367             7.91314
3.32194            -6.55477           -0.659505
5.38865             9.71496             7.26585
-9.81506            -1.18625            -1.14353
0.673238             4.03058            -2.66671
-1.99683             9.20255             4.25886
7.28935            -3.94482            0.699484
-3.39061             2.09052             3.75164
6.24256            -9.07712             6.46535
1.18931            -7.65496             7.43309
-2.3075            -4.85672             1.29276
7.93115           -0.580462             8.72494
-9.66216             4.79843            -8.37306
7.21671            -7.42851            -5.23118
-5.50645            -1.63274            -3.38908
-9.73846             4.75692            -5.74053
4.96048             4.92508             4.75173
3.33171             6.74703             4.03088
-9.60356            -5.56841              9.7586
5.53606             4.34645            0.926542
-2.83151             5.14359           -0.236213
5.54735            -2.82052            -1.45421
8.97397            -6.81326             5.12223
0.646687             9.91913             7.95831
1.09317            0.472732             9.35423
6.52699             3.92529             8.88058
5.86138             4.49232            -9.54131
-7.58019            0.875881             2.84677
-4.06964            -5.86474             8.47713
-8.47835            -4.46852             4.99557
3.48033              6.1446            -3.85205
-8.46706            -1.89215            -3.35704
8.08954             8.46187             2.79275
0.987884            -5.23331             3.81329
5.7036            -7.41142            -4.34675
-9.78088             -2.5074            -8.99289
5.28214             4.95499            -7.98425
-4.73952             5.98407            -5.60564
8.01782              7.9223            -8.87143
2.78115            -9.54436            -2.48299
-2.86508            -2.47749             -1.3007
-7.04031             2.62337            -4.18287
-9.43663             4.30372             1.54454
8.1164            -7.04978             8.71303
0.104678             6.46779             1.71453
0.109256            -6.08783              8.9581
0.0567644            -6.25904             8.27265
-8.02362            -3.44249            -2.03101
0.140996             3.94543            -3.84564
8.05292               5.168             5.23209
-3.95001            -6.64846           -0.253304
4.56648           -0.554521             7.87469
-8.86441            -5.63433             5.34135
3.46812           -0.444655            -1.14292
2.06885             1.51341             7.65923
7.34336            -4.25428            -9.64904
-8.02789            -5.37004             2.40486
-9.6173            -1.52165             4.70901
4.86587            0.978729            0.676901
-9.10611            -1.34037            -6.79556
4.78866           -0.231025             3.15165
-9.10154             4.75112             9.40916
-9.30082            -6.97043            -0.10651
2.7253             2.39326             4.99283
4.86068             -9.8294             3.48796
4.97818             3.63109            -1.73528
-9.93591            -8.68831            -4.69069
-7.9458            -5.26688             4.42152
-1.46825             8.19758             5.19578
-5.25712            -9.06919            -9.15586
-8.79604            -1.76977             7.37388
1.35563             8.91934             7.03238
7.28843             6.71499           -0.910672
-6.71224              -1.695             1.92389
-3.68969             -2.0838             7.67602
-8.02545            -2.25623             -8.7579
1.56804             1.50182            -5.68529
8.94864             3.41288            -7.17521
-9.67132           0.0881985             2.36244
8.23817             -7.6867            -7.60308
-9.60631            -3.72631            -9.81811
-4.65835           -0.377514             8.74447
3.33567            -6.69301             1.60772
-7.75628            -4.06873             3.54839
6.78579             6.25935             2.64199
7.00949            -4.58571            -1.14414
-4.63637             6.56606            -2.82998
-5.06302             8.74203             1.21342
-4.34339            -5.11185            -1.95715
0.0964385            -6.26728             1.14139
5.90594             9.81567            -9.39116
-4.01166            -3.32469             1.20518
-9.06583            -9.09909            -8.79543
3.39885            -4.26496             5.36729
-2.77139            -7.98944            -6.34846
5.32395            -2.97281            -1.09928
-4.09894             6.16047            -2.20283
-6.17847             6.58925            -7.40226
6.657             5.32975           -0.443434
-5.37126             -3.7788            -1.98767
3.05795            -9.78118             3.73211
2.75643             8.33766             2.76803
-3.54747             1.21769            -6.51723
5.68346            -8.00653            -1.52745
4.62691             3.94513             6.32801
-4.60707              9.1644            -5.27238
-8.71792            -4.74746            -7.53594
-1.61168             1.84271             9.43388
9.83062          -0.0640889            -7.29392
0.20539             7.48772            -3.13211
-2.10059             7.36625            0.422987
3.59294            -5.35813             -6.3506
9.17356             -4.3144          -0.0292978
-8.56594            -3.62255             8.32514
3.98846             4.51857            -4.87411
-9.44914            -9.35972             2.03742
1.82806             -8.8226            -4.22529
-7.40928            -9.03043            -7.59819
5.75579             2.23243             -7.3513
1.15726             8.82931             3.81207
-4.0614             5.13474             9.20072
1.89795            -3.86242             8.57601
5.28733            -9.58434            -7.43767
4.532             7.62688            -1.18107
-9.08628            -3.41227           0.0738548
4.87442             9.99969            -9.40123
1.80059              2.9783             -8.7466
-5.25346             4.15601             7.60216
5.52751             5.78265            -1.45421
-4.5381             1.76122             5.35173
9.75158            -3.18339             1.56407
9.68261             2.66915            -5.31266
6.68935            -7.29057             8.33766
0.506607            -1.48259            0.864284
-6.50807            -1.05838            -9.42381
3.89721            -9.90844            -4.15998
-7.80786            -2.88583             8.89767
4.18928             2.13843            0.407727
-3.48277             2.90719              6.7864
9.38993            -1.76305            0.376293
3.48308            -3.88073            -8.86227
-4.41542             4.20759             6.64113
-5.40941             -1.4008          -0.0289926
8.86105             9.63775            -6.23005
-2.47291            -2.31819             2.15369
4.25489              8.9639            -9.29411
-7.44896            -3.00302             -8.9172
0.550249             1.20945            -6.49373
-2.03558            -6.69057             7.49168
9.96765            -5.37736              3.2075
-4.81918            -7.83624            0.751671
4.53932             5.27482             2.66671
9.01517             7.43889            -5.63616
8.01752            -2.82022             8.97275
4.62935             2.92856             4.38551
-9.46257            -5.35752           -0.890225
9.84771             5.67919             6.96554
-1.09317              6.7571             4.60402
-4.60829            -4.77645             6.28285
3.06864             1.78014             4.48866
6.68386            -3.58592             4.07239
9.06796             9.61425            -1.68554
-8.41609             2.15888             5.82354
5.06638            -6.87765             7.07877
1.81249             9.87457             9.06766
5.83941             4.00983             4.42824
2.22541             5.14695             2.02857
-5.69201             3.04086             7.18314
-7.57103             8.81893           -0.277413
7.98578            -0.53621            -5.07187
2.25959            -1.23844             8.90164
-8.43776             8.28516            0.284738
-3.93048            -6.24012            -8.02454
6.17542            -7.28172            -4.07666
-7.97388            -4.56313             1.56957
-0.377209            -9.01914             9.26115
-0.947905           -0.909452            -4.17615
5.26872            -3.27311             8.53389
0.569781             -9.0875           -0.413526
-8.52901             4.71389            -9.13144
8.26563            -4.79293             5.15275
-4.04767            -3.03873            -7.23746
-1.53142            -1.76336             5.37278
-5.6856            -4.15113             7.06229
-8.85098            -0.58565             3.07779
-0.512711             4.46638             5.85498
-0.862758             6.55599             7.61467
4.16242             7.94031            -3.56334
9.15983             9.96918             4.76028
3.68389            -7.15262            0.631428
-9.72686             5.28611           -0.751976
0.885952             6.99545             -5.8095
2.91635             1.02298             3.19895
-7.84173            -3.42631            -4.06751
7.15995             6.22852             -8.8049
-2.2718             1.65471            -9.03195
-0.691244             8.24335             1.29124
0.148015             9.23673            -1.00589
5.56139            -6.40034             3.07932
2.32429             1.13163             6.91244
2.46834            -3.58623            -2.43751
-7.58538            -7.09067            -8.56899
-4.63576            -8.47896              5.1677
-2.39509             7.98761             6.92038
5.38835            -1.99347             7.72729
4.14502             8.23054              8.3758
-8.48292            -8.28608             8.24488
-6.04053             7.30857             -1.5244
-3.85357            -9.82177             4.39528
-4.21155            -6.23585             4.48897
5.51714             3.77544             3.85357
-7.41508             5.28031             1.22684
4.18714             9.62127            -5.23423
-3.07443            -9.23856            -5.51531
-5.9093            -1.46306              6.3683
-6.63472             6.84194            -0.34547
