dt = 5.08585e-008
0   12730.1
100   12737.5
200   12760.3
300   12801.1
400   12864.3
500   12956.2
600   13084.5
700   13258.9
800   13490.9
900   13793.6
1000   14181.5
1100   14670.9
1200   15279.9
1300   16028.4
1400   16937.9
1500   18031.1
1600   19330.3
1700     20860
1800   22647.1
1900   24720.1
2000     27109
2100   29844.9
2200   32958.3
2300   36482.2
2400   40449.9
2500   44896.1
2600   49857.6
2700     55373
2800   61482.1
2900   68225.7
3000   75643.3
3100   83774.2
3200   92659.6
3300    102345
3400    112876
3500    124299
3600    136664
3700    150019
3800    164417
3900    179911
4000    196556
4100    214408
4200    233524
4300    253963
4400    275783
4500    299043
4600    323804
4700    350130
4800    378085
4900    407737
dt = 5.08585e-008
0   12892.9
100   12895.2
200     12903
300   12919.1
400   12948.1
500   12996.4
600     13072
700     13185
800   13346.8
900   13570.9
1000   13872.3
1100   14267.6
1200   14775.3
1300   15415.8
1400   16210.2
1500   17180.3
1600   18350.6
dt = 5.08585e-008
0   12420.1
100   12426.4
200   12446.2
300   12482.2
400   12539.3
500   12624.2
600   12745.4
700   12913.4
800   13140.4
900   13440.7
1000     13830
1100   14325.5
1200   14947.1
1300   15716.5
1400   16657.4
1500   17795.4
dt = 5.08585e-009
0   13078.2
100   13078.8
200   13080.5
300   13083.3
400   13087.2
500   13092.4
600   13098.9
700   13106.7
800   13115.9
900   13126.6
1000     13139
1100   13153.1
1200   13169.2
dt = 5.08585e-009
0   13013.8
100   13014.1
200   13015.1
300   13016.9
dt = 5.08585e-009
0   12112.2
100   12112.7
200   12114.3
300   12117.1
dt = 5.08585e-009
0   12842.3
100   12842.8
200   12844.3
300   12846.7
400   12850.3
500   12854.9
600   12860.7
700   12867.8
800   12876.2
900   12886.1
1000   12897.6
dt = 5.08585e-009
0   12997.1
100   12997.4
200   12998.4
300   13000.1
400   13002.4
500   13005.5
600   13009.2
700   13013.7
800   13018.9
900   13024.9
1000   13031.7
1100   13039.3
1200   13047.9
1300   13057.4
1400   13067.8
1500   13079.3
1600   13091.9
1700   13105.6
1800   13120.5
1900   13136.7
2000   13154.2
2100   13173.2
2200   13193.6
2300   13215.5
2400   13239.1
2500   13264.5
2600   13291.6
2700   13320.7
2800   13351.8
2900     13385
3000   13420.5
3100   13458.2
3200   13498.4
3300   13541.2
3400   13586.7
dt = 5.08585e-009
0   13216.5
100   13216.9
200     13218
300   13219.8
400   13222.4
500   13225.8
600     13230
700   13234.9
800   13240.7
900   13247.4
1000   13254.9
1100   13263.3
1200   13272.8
1300   13283.2
1400   13294.8
1500   13307.5
1600   13321.4
1700   13336.5
1800   13353.1
1900     13371
2000   13390.4
2100   13411.5
2200   13434.2
2300   13458.7
2400     13485
2500   13513.4
2600   13543.8
2700   13576.5
2800   13611.4
2900   13648.8
3000   13688.7
3100   13731.3
3200   13776.8
3300   13825.2
3400   13876.6
3500   13931.3
3600   13989.4
3700     14051
3800   14116.2
dt = 5.08585e-009
0   12828.5
100   12828.5
200   12828.5
300   12828.5
400   12828.5
500   12828.5
600   12828.5
700   12828.5
800   12828.5
900   12828.5
1000   12828.5
1100   12828.5
1200   12828.5
1300   12828.5
dt = 5.08585e-009
0   12896.6
100   12896.6
200   12896.6
300   12896.6
400   12896.6
500   12896.6
600   12896.6
700   12896.6
800   12896.6
900   12896.7
1000   12896.7
1100   12896.7
1200   12896.7
1300   12896.7
1400   12896.7
1500   12896.7
1600   12896.7
1700   12896.7
1800   12896.7
1900   12896.7
2000   12896.7
2100   12896.7
2200   12896.7
2300   12896.7
2400   12896.7
2500   12896.7
2600   12896.7
dt = 5.08585e-007
0   13391.2
100   13391.5
200   13391.8
300   13392.1
400   13392.3
500   13392.6
600   13392.8
700   13393.1
800   13393.3
900   13393.5
1000   13393.8
1100     13394
1200   13394.2
1300   13394.4
1400   13394.5
1500   13394.7
1600   13394.9
1700   13395.1
1800   13395.2
1900   13395.4
2000   13395.5
2100   13395.6
2200   13395.8
2300   13395.9
2400     13396
2500   13396.1
2600   13396.2
dt = 5.08585e-007
0   12780.3
100   12780.7
200   12781.2
300   12781.7
400   12782.1
500   12782.6
600   12783.1
700   12783.5
800     12784
900   12784.4
1000   12784.8
1100   12785.3
1200   12785.7
1300   12786.1
1400   12786.5
1500     12787
1600   12787.4
1700   12787.8
1800   12788.2
1900   12788.6
2000     12789
2100   12789.3
2200   12789.7
2300   12790.1
2400   12790.5
2500   12790.8
2600   12791.2
2700   12791.6
2800   12791.9
2900   12792.3
3000   12792.6
3100   12792.9
3200   12793.3
3300   12793.6
3400   12793.9
3500   12794.2
3600   12794.6
3700   12794.9
3800   12795.2
3900   12795.5
4000   12795.8
4100   12796.1
4200   12796.3
4300   12796.6
4400   12796.9
4500   12797.2
4600   12797.5
4700   12797.7
4800     12798
4900   12798.2
dt = 5.08585e-007
0    100902
100    100906
200    100909
300    100913
400    100917
500    100920
600    100924
700    100927
800    100931
900    100934
1000    100938
1100    100941
1200    100945
1300    100948
1400    100952
1500    100955
1600    100959
