dt = 5.08585e-008
0    204258
10    306387
20    408518
30    510650
40    612785
50    714923
60    817065
dt = 5.08585e-008
0    103150
10    103150
20    103152
30    103154
40    103157
50    103161
60    103165
70    103171
80    103177
90    103184
100    103193
110    103202
120    103212
130    103223
140    103236
150    103249
160    103264
170    103279
180    103296
190    103315
200    103334
210    103355
220    103378
230    103402
240    103427
250    103455
260    103484
270    103515
280    103547
290    103582
300    103619
310    103658
320    103699
330    103742
340    103788
350    103836
360    103887
370    103940
380    103997
390    104056
400    104118
410    104184
420    104252
430    104324
440    104399
450    104478
460    104561
470    104648
480    104738
490    104833
500    104932
510    105035
520    105143
530    105256
540    105373
550    105496
560    105623
570    105756
580    105894
590    106038
600    106188
610    106344
620    106505
630    106673
640    106848
650    107029
660    107216
670    107411
680    107613
690    107822
700    108039
710    108263
720    108495
730    108735
740    108984
750    109241
760    109507
770    109781
780    110065
790    110358
800    110660
810    110972
820    111294
830    111626
840    111969
850    112322
860    112686
870    113061
880    113447
890    113845
900    114254
910    114675
920    115109
930    115555
940    116013
950    116485
960    116970
970    117468
980    117980
990    118506
1000    119046
1010    119601
1020    120170
1030    120754
1040    121354
1050    121969
1060    122599
1070    123246
1080    123909
1090    124588
1100    125284
1110    125998
1120    126728
1130    127477
1140    128243
1150    129028
1160    129831
1170    130653
1180    131494
1190    132354
1200    133234
1210    134135
1220    135055
1230    135996
1240    136958
1250    137941
1260    138946
1270    139972
1280    141021
1290    142092
1300    143185
1310    144302
1320    145442
1330    146605
1340    147793
1350    149005
1360    150241
1370    151502
1380    152789
1390    154101
1400    155439
1410    156803
1420    158193
1430    159611
1440    161056
1450    162528
1460    164029
1470    165558
1480    167115
1490    168701
1500    170317
1510    171962
1520    173638
1530    175343
1540    177080
1550    178848
1560    180647
1570    182478
1580    184341
1590    186237
1600    188166
1610    190128
1620    192124
1630    194153
1640    196218
1650    198317
1660    200451
1670    202621
1680    204826
1690    207068
1700    209347
1710    211662
1720    214014
1730    216405
1740    218833
1750    221300
1760    223806
