-6.30075            -5.49517             2.82352
5.26528             2.42951             2.88014
-8.08915             8.23616              4.0391
7.41249            -5.54818             1.26742
6.10717            -5.87843             2.32498
3.17088             2.53419            -7.08323
-11.1892             5.59738             6.97957
4.19412            -6.07137            -4.36831
5.55951             7.62724           -0.737457
-5.34839             3.67485             8.31259
5.3701            -9.01505             2.15871
-7.61714             2.05752            -2.85499
9.90787             9.95653             5.17749
7.03277             4.75787            -3.99777
2.26934            -0.78781            -3.62322
-7.70228            -8.27268            -9.97312
-5.17447            -4.84034             7.30766
6.43057            0.150864            -3.64669
7.54216             6.46429             8.14221
3.86277            -10.8113            -5.07221
0.829277            -6.09785            -9.84508
-3.64917            -6.90994            -9.33037
-9.88197             -5.9379            0.879726
-5.52133            -3.22547            -9.97334
1.14187             8.71905             8.66466
3.77721             3.19131            -1.99952
4.67528           -0.795862            -1.34435
4.22344            -4.93854             2.52946
-5.37853             4.80551            0.617157
-1.1738             1.38667            -6.69174
-11.4472             6.12683             1.75634
-6.06068            -9.07748             1.96474
4.25519             6.07055             9.59434
-1.93281             -2.3295            -10.3691
-9.43935             1.31329              7.5744
2.65173             8.73785            -4.81183
4.83351            -5.31895             7.76731
-0.118555             8.38838            -8.33378
9.88307            -0.38626             6.84067
0.184097             9.94081            -1.58439
-1.8846            -2.99255            -2.60345
5.70864            -4.19304            -2.46215
2.68266             8.31061             3.08702
-6.02268            -7.90047             3.21097
0.0344303             8.85346            -1.91597
4.58417            -2.97089            0.606555
3.69799             2.38764            -3.92729
0.468695            -4.51663             0.15438
9.84733            -3.60712             7.08538
-8.25403          0.00956166            0.601053
-8.07767            -1.87035            -9.18354
3.82894             3.01234              4.8833
-10.0344            -6.20779             3.99662
-10.5443            -1.78433             1.85042
2.17893            -6.18813            -6.43455
-7.12163            -7.99096            -1.33634
4.81499            -7.33479             9.80634
1.74443             1.53901             4.29625
3.31581             9.84896             8.85152
-5.5771              3.2641           -0.330368
5.98525             -1.2397             7.39954
-2.28627            -3.01695              -7.983
-10.2184            0.688349           0.0470858
-3.85902            -5.14637             2.32284
5.58917            -4.81445            -9.68152
2.0414             4.12879            -2.42989
-8.92703            -3.49705              1.0425
0.298947            -7.96597             9.88648
2.63051             2.22695            -8.96379
0.737314            -7.44679             7.22065
-10.5911            -5.13691             8.76908
6.30169             3.05827             5.86902
-3.95546            0.937427            -1.63683
-3.63356            -4.60623            -6.48605
-12.7531             9.50932             2.78181
2.1599            -5.77929              4.0725
-9.90669            -9.60527             2.18798
-0.665127            -2.81345             8.49947
-8.85048            -9.21104            -4.93241
-5.96497            -3.14932             9.50432
-2.10058             2.00136           -0.411159
-3.06292            0.650424            -3.70214
9.27195             10.2185             2.90687
-6.95745            -4.82342              2.5172
2.43199             6.83028            -8.29555
5.04566             5.84234             6.52867
6.50622            -2.28662             1.55379
-4.52543            -8.71703             3.78851
4.65498           -0.750845            -7.54658
5.45292            -3.10509             3.26799
1.79582             6.38371             -9.0919
8.5534             1.15863            -8.39152
-9.51946            0.400598            -9.45315
5.45736             6.35448            -8.24183
-2.01145            0.810866             1.45937
10.7711            -7.06167             1.01184
-6.56407            -7.25048            -2.93441
8.94615             2.79578             6.12205
-5.79593             10.2888            -3.96597
-12.8592             7.59911            -11.1111
6.96808             8.94633             3.26417
-7.42799             3.17194             2.94263
-9.82201             3.77587             -8.4743
9.48798             9.14956              8.9251
-0.650037            -5.40794            -2.15829
-8.82329             8.74897            -8.39308
-9.22214           -0.137778             2.81077
3.89153            -6.24288            -10.1885
3.11965            -7.25295             4.51804
-8.61454              -9.857            -7.32236
10.5312            -2.21942            -4.77094
-3.44119             6.03559            -7.93807
-6.18924             -7.5792            -5.45927
1.28373             8.87902            -7.98951
3.16368            -8.40924            -2.79318
-7.15034             2.30266            -1.91974
7.82369            -1.99228             5.84191
2.67765            -5.02112             5.82966
-5.24883              7.1611             2.46692
4.73593            -2.91329            -1.78976
-8.97492            0.605841             2.25964
-8.05711            -7.44472            -7.34939
-1.15077            -5.18351             -4.8526
-2.77447             -9.1296            -8.32838
-9.44586            -3.59368            -8.09389
10.1827             1.02251            -4.44198
2.32478            -1.21273             1.61369
-10.3028             3.88369             6.73554
-4.19401            -5.12773             2.36988
-5.86259            -8.36341             3.87092
3.97049           -0.937767              4.8407
1.86644            -8.05751              8.7229
5.40937             -2.0963            -5.86611
-1.72995             1.15583            0.210812
5.60768             8.51562             6.36817
8.1078             8.17975             8.62096
-3.57996             -7.9491            -8.43684
0.597286            0.811306            -6.53288
-8.12928            -3.33397            -4.78924
7.7212             1.16328            -2.60346
-3.5074             1.87644             2.21555
-11.6652            -6.92308              5.8836
6.70901             9.68671            -5.27566
-0.754783            -1.47664             1.52589
-7.22095             6.59643            0.485305
6.06552            -5.28259             9.61078
-10.9314             -8.7429            0.870118
-3.93928              2.0674            -6.86089
-1.43281            -9.38618            -1.74791
-9.05678             7.28826              6.2665
3.78977              3.0805             1.15085
-0.937133            -3.91413            -6.54695
-6.8683             5.58743             2.58756
-11.0283            -6.88642             8.80767
7.2405             6.90319             6.31065
-7.60893            -9.60773            -2.45386
7.8854            -3.62865            0.401456
-3.48894            -4.33792             2.77227
-0.904003            -5.02541            -9.29506
0.568056             -1.3053           -0.525388
3.62615             9.05285             2.07108
3.80143              2.1779             8.84545
-7.77838           -0.683523             7.90602
-4.82167             3.58534            -7.39838
2.40747           -0.608959             4.01271
-8.89009            -8.16211             8.72422
-2.88605             1.34228             4.58554
-2.63204            -4.92392             6.37146
-0.032481             5.41076            -5.64894
9.7859             9.52725             3.99403
-5.79185            -4.57179             7.16404
-5.8962            -2.56601             4.17191
-1.22676            0.437365            -5.06045
1.1819             6.20252             5.64434
6.32061             8.67018             1.50148
-7.6623            -1.27618             7.93638
-8.25223            -1.66879             4.19888
-0.189006            -2.56402            -5.67709
-0.375466            -7.51599            -5.38632
-11.1267            -4.31729             1.15721
2.15979             7.42907               9.429
-5.36093             -6.0702                2.79
8.83113            -1.47277            0.700181
-8.5846             8.18006            0.876578
8.09776            -1.96794            -7.83183
1.73286             6.76542             7.93077
2.24091            -4.14675             9.55065
7.10876             3.50122             2.36722
9.40611             6.40929            -7.80838
8.55873             2.40745            -4.74879
10.0293             4.66246            -5.12023
-5.07994             9.08218            -7.54228
-2.69443            -4.51315            -7.20836
3.79296             9.02122             2.77401
-6.28312            -7.02521             7.08224
-1.5512             7.26466             4.42547
-2.63788             3.17202             6.26571
4.8077              8.0702            -6.21824
7.00784             3.00201              7.3652
8.03088            -1.88276             7.51101
-3.34737            -2.56196            -9.08681
8.58451             7.19124             1.97061
-9.40957             4.51402             5.87177
-4.52842            -2.34432            -4.59042
-0.54249            -4.88115            -9.06417
1.10648             6.24699             7.80012
-6.48124            -6.94994             9.16941
-4.72671            -4.58773             9.30845
-1.7444             3.50295             5.47515
2.96399            -8.09246             7.09256
0.180753             5.33516            -4.64978
-5.79411            -6.06892             4.77398
-3.18375             4.71413             5.34179
-8.5401             4.81021             5.28904
-8.51905            -1.93477             7.69515
8.90244             2.02222           0.0862129
-5.99836            -2.67149            0.865947
-7.04204              4.9594            -8.75468
-0.263906             -3.3746            -9.89155
-4.52492             -3.3651             7.09214
-4.22965             9.19092           -0.869916
7.71592             7.28991             10.1561
7.42889           -0.852177             2.19009
-11.7878             -4.0797            -8.27624
6.97513             -4.3497             9.52017
-7.02896             5.32784             -1.8095
-0.296409              1.9621             -2.4541
6.51044            -2.35822            -3.56152
-6.63313              9.9025             7.75497
3.02427            -1.13353             6.21307
-7.93831             3.44186             3.90624
5.42823             3.68735             2.44761
-1.18215             9.59462              -3.216
-9.49004             8.02412            -5.37123
-5.48581            -7.81047            -5.08715
-0.844707             4.22776             4.82635
-2.81526             7.73115            -3.51784
2.92548             3.84124            -9.35684
3.58342             8.90651            -7.71346
7.55714            -5.05451             3.43128
0.244673            -6.90187             3.00147
-4.49461            -9.48991            -3.69393
-7.92079            -5.31679             2.55329
-5.24063             6.83158             9.28694
-9.15778             4.01566             3.21046
4.36981             2.15534             1.22577
8.46503            -5.29116             1.09795
9.0324             1.02763            -8.06586
-0.902162            -5.63745            -9.52795
8.85277             1.17448            -7.32103
8.07022             7.47449              1.7071
8.44465            -2.94418             6.92906
-3.8544            -8.75274             9.96252
-1.11272            -9.05178             2.04205
3.42163              4.3875             6.88683
8.17588            -6.91826            -6.27737
6.78029            -10.4675            -9.55841
-1.78765             2.77639             2.02335
1.55556            -2.79605              4.1059
2.01824            -6.63413             1.29817
-6.12489            -3.14983             -8.8686
10.2739            -6.72701             9.88128
0.43417             -2.0322             3.41474
-1.37196            -3.94151             3.59439
-1.07032             3.21988             5.41665
-7.49401             10.0994            0.900334
7.36123            -2.35085             7.40435
-5.02799             -10.749            -2.39104
-7.83668            -2.02141            -4.58175
8.90588            -3.52405             3.02304
-0.192438             2.51615             1.23861
5.58023            -1.52164           -0.514676
1.42457              3.7997             8.04272
3.15184              9.3866            -8.86099
-2.67202             6.76728            -2.39582
-2.81527             6.00052            -3.79914
7.54435            -9.34298            0.115292
8.46447            -8.10043               4.567
9.2272             9.28309            -3.18528
-0.278997            -1.71043            0.550172
9.1168              7.4214            -6.38268
-0.63168             1.15479            -9.54543
-8.67738             -3.8214            -4.94761
1.84971             4.31942          -0.0227807
-6.62079            -5.96195             3.52242
-0.983847            -8.14984             3.26075
-5.28139             -8.1751             8.67278
-6.22203            -6.85422            -10.3373
3.38246             2.78333            -9.20365
-6.27946            -3.66961            -3.76126
-8.06244             7.65318             7.45092
6.30253              6.1811            0.590476
8.05177            -7.48972            -5.81358
-3.71981            0.883957            -3.16019
1.93031             5.49962           -0.343124
-2.51203             3.66271             9.36911
8.00704             9.84539           -0.232451
-6.75118           -0.748345            -4.61543
-2.28963             1.43951             2.12449
6.55127            -2.76911             5.86889
2.83856             5.17956            -1.90044
-3.04896            -8.86044             9.80987
6.83896            -9.08792             4.96158
1.07849             6.99927             5.86866
-2.28198            -7.90016             9.04503
-6.51173            -1.16502             6.74897
-3.17452            -0.64225            -3.57078
-8.78159            -2.19242            -7.67736
-0.590212             2.84645            0.780253
7.75915             6.16103               5.552
-5.14508           -0.186399            -9.71266
6.98331            -8.96149             5.16773
6.8134           0.0301409            -2.40944
5.82251             9.30839             3.69591
-6.14998               5.678            -8.74995
-7.53372            0.832478             3.83915
-8.83851            -0.86352            -4.69246
5.53094            -10.1001              1.9242
-6.13447            -2.01041            -9.01485
-2.90909             -9.6648            -9.80792
9.05527             8.98596            -14.3985
-8.14225             4.50143           -0.605546
-2.51231            -3.49694            -11.1354
-2.95737             2.68951            -9.23998
-7.1596              8.5891            0.245082
1.21018             9.62084           -0.830262
5.6583            -2.10898            -1.04437
7.7631             9.21653           -0.918385
-3.56312            -5.91088             5.71567
-5.42145             7.14674             7.94955
-0.456708            -1.20743             -6.8286
9.49971            -7.55643            -1.58366
2.56907             2.24684             3.12438
5.60452            -9.73578             4.92219
-1.50008             2.34933             6.08273
5.99656             2.21961            -7.41382
7.55297            -1.14467            -7.07404
1.93756             2.97569            -1.58543
-7.97602             4.78458             5.86321
-5.0061              6.4821            -9.41155
2.46693            -2.31628            -2.71172
2.6892             1.04324             -9.9398
6.26141            -6.70159            -7.57247
1.32444             2.62549            -7.65319
4.81807              1.8992             8.79266
4.81867             5.56745             9.79575
9.96742            -2.78678             10.1227
-2.64936             -6.3742            -3.43673
-6.57096             7.57213            -3.17324
-3.5553            -9.03392            -1.57842
-0.86064              1.4512            -2.49248
3.1599            -8.00586            -3.36882
-2.23972            -5.82571            -2.17333
3.1942             2.77113             7.06893
4.30556            -7.39425            -7.10227
-3.19964             9.61565             1.75211
6.62446             3.34301             7.58061
-8.48234            -3.70165            -1.73476
-7.47739             8.08179             4.96327
-5.50388              7.7597            -3.45197
-8.13633            -1.26083             6.80001
-8.62354            0.990878            -7.99785
6.97549             2.84608             7.72739
-3.94583            -5.89373            -5.45831
-6.76426             -3.1101            -8.39008
8.44525             3.29476            -1.44298
4.80153             4.76484             6.85186
-4.22342             2.03878            0.646928
-3.06825             5.81958            -2.52519
-3.34396            -4.07319            -2.29099
-3.03748             -9.4449             5.03478
0.181875             8.30319             5.84703
9.20166             6.54018             1.35969
-8.88083            -3.01818             2.83703
-7.92856             3.29481             -7.3118
9.8895           0.0465458             5.29465
5.30469             7.32276            -8.09241
-9.46357             2.42454            -8.99088
0.47019            -0.43277            -1.30834
3.11047             5.85264            -6.76376
2.39424            0.883398            -3.13597
3.59473              8.0115            -6.40982
2.34471         -0.00957872            -6.65592
0.461974             -2.0049             9.84699
2.7311            0.653881             1.78033
7.37668            0.738355             -5.0376
-1.09292             1.43969             -3.9974
5.06461             2.64686            -6.53479
-5.49537             8.87903            -8.62157
0.108838            -5.72856             4.60362
8.23926              7.8103            -2.52952
0.479655            -1.07512            -8.91338
1.76719            -7.95201            -2.12124
-3.46012             1.86131            0.263055
2.43186            0.687641            -6.71384
9.98189            -4.43554            -4.21898
9.77248             8.17566            -5.28859
-8.04973            -5.84621            -9.56699
3.34282             7.57922           -0.165595
2.70376             5.82265          -0.0354727
6.547           -0.919878            -5.87795
8.45968             9.12657            -8.20398
11.0932            -9.14509              -3.703
-8.07552             7.20449            -1.39835
9.5776             3.42852             4.34003
-6.68575            -3.56734            -2.22107
-0.703568             4.92237             3.48092
1.37283             6.46283            -8.92892
1.3309             8.85813             2.18229
2.11272             3.85484             4.90529
-7.50444             1.22157             6.96438
8.39266            -1.92377             6.79224
7.91876             -5.0372            -3.46757
-1.68039            -4.88384             1.15584
-3.85812             4.63603             2.25642
-1.5793           0.0596578             3.69821
3.1982             4.43669              -9.987
4.1753            -2.91602            -11.1258
-7.72554              3.3705            -8.64622
0.894694            -5.96888            0.219019
-3.21622             -7.0176            -2.90688
-1.11002             2.08964             10.4157
2.97627             5.52744           -0.429671
3.95354            -6.50403            -9.51343
-6.60025            -7.15172            -8.40184
-5.98562             1.35165             7.14283
3.40209             3.56973            -5.68694
10.7526             6.67186            -9.65696
-3.50851             7.67766             5.96889
-9.00151             3.82503            -5.61272
-6.92358           -0.317255            -3.42606
8.51214            -8.53471             7.33711
-0.745744             3.10854            -9.03581
9.0599           -0.240634            -7.65032
-3.51022           -0.504322            -5.77676
-5.37492            -7.49164             3.51047
5.59532            -3.36741            -6.71777
-9.58993            -8.42616             7.87695
10.006             5.77566           0.0348068
-2.35018              2.5804            -5.75058
2.67798             5.13098             3.28686
1.03488            -7.91013             1.69802
6.28228             0.10015             5.32587
-6.39054            -0.90313             7.74585
1.3127            -9.27775            -8.11274
-2.74477             9.78914            -1.26502
0.889938            -8.88438            -2.09436
6.34277             4.90871            -3.15816
-7.05595            -4.67874             6.64813
7.41073             5.58841             1.77594
-4.25729            -2.37651             5.35366
-1.91536            -6.83046            -6.05159
-5.93284             -9.1851             0.82811
2.48876            -8.77097            -9.17894
-8.92571              4.6009            -4.98287
-9.48058            -7.51865            -3.09807
9.36908             5.47824             3.75934
9.71144              3.8704              3.2635
1.8767              4.6518             4.35498
5.48197             6.55353             6.55683
9.43388             7.02335              7.7833
-3.23842            -4.43146             2.17628
6.1549             3.45466            -6.18579
-8.79736            -3.74286            0.596355
8.89356            -2.83779             3.58355
-8.33185            -9.11179             3.71968
6.82147            -9.15661             9.61956
-6.59483            -7.21577             4.71296
3.64728            -1.01576            0.360393
4.1215            -1.69933             8.81606
-4.13151             -7.1821            -8.03025
-5.64089             -4.6522             6.34448
6.79217            0.637893             4.70536
-5.55827            -5.18968            -5.18601
-3.34166             7.56191             4.69318
2.0026             6.46933           -0.718112
-1.66591             -2.3094            0.112538
4.33307            -6.82924             9.71035
7.32516            -8.25254             1.99718
-2.00538             4.71387            -8.87861
-5.924             10.0079             2.32891
-9.20786            -9.31523             3.91546
-4.25149             3.37854             7.76327
5.76038           -0.580688             9.55972
6.63109             8.52528           -0.484837
8.74603             6.88025            -8.32604
7.23816             7.67509             6.99666
6.47391            -4.36274            -3.13401
9.65331            -4.09275            -4.92631
8.75174            -6.29068             6.44659
-2.75294           -0.758863             7.33038
-3.23102              -8.931             6.04578
-5.1168             9.13714             2.53601
-1.59402            -1.07534            -7.20013
-8.78329            -4.14379             1.39061
7.26267             4.82951            -4.51639
9.54556          -0.0944158            0.156055
-9.46758            -6.86381             10.8443
5.90089              9.3864             -1.6341
9.71094             7.12084            -7.51837
0.994956             8.90799            -7.99105
2.58447             6.25786            -7.14336
4.10611            -3.32414             8.18641
-2.93397             4.01272            -2.46688
-8.13904            -6.19086             8.47422
5.14623             8.24329              3.8142
6.06305             7.38697             1.17551
-4.47145             4.18301            -9.72885
2.3859            -4.62438             1.87261
-6.39943             7.35112             9.21904
6.84201             2.86944          -0.0804032
2.69715            -5.64935           -0.878951
-8.75838            -8.55152            -4.11285
-2.74832            -7.13016            -3.86274
7.44801              7.7268             8.16006
-5.39906             5.18567             9.97597
-7.11181              2.2871            -4.63235
8.44556            -6.56234           -0.277861
5.15907            -7.01438            -8.88589
0.579065            -8.52766            -4.23815
-7.20315             1.62052             1.57492
5.46866             6.72828             5.37287
-1.25815            -2.09854           -0.939983
9.30294             -4.3315            -9.83702
8.31618            -9.89723             9.18279
8.10796            -9.94782             8.70912
6.83601            -2.36079             2.78116
-2.11558            -4.80825            -4.53563
-0.117654             -9.2892             1.79909
3.50753             7.08585             1.31051
3.75602            -3.98153             9.30086
4.28075            -4.30716              7.4639
7.04997            0.629523            -1.52134
9.7747            -4.14089             8.95706
-4.34431             3.13259             5.64758
-7.71338             -7.5833            -3.79014
2.01365            -2.32557            -9.64585
5.52577             6.20567              6.0867
2.09771             8.57326            -8.06366
3.37658            0.288012            -4.45471
5.85313             9.53897             5.46142
-5.85092             8.00458             10.0763
6.98093            -7.87216            -7.96711
8.66527              3.1082             6.37129
0.353823            -1.53594            -7.68781
7.33307             3.22766             4.61342
-7.09403             4.59865             4.05741
1.43221              5.3274            -3.41822
8.41378             9.56876            -2.23815
4.26002             9.40814            -5.74088
1.10775             1.85717            -8.65865
2.05194             10.1265             7.21507
9.71803             3.54616           -0.981269
1.80684            -9.05234             10.3769
-2.20517             4.64635             6.82926
-1.84946             7.14021            -6.72969
1.51297            -3.41282           -0.242896
-7.9683             -2.0934            -6.71396
9.45803             9.87464             9.64667
0.990552             7.21107            -9.51859
6.94721             3.16794            0.598107
-7.81927            -4.91228            -3.68393
-7.00968             6.45333            -3.85692
-0.499013             1.97027            -2.53529
6.7054              1.0231             7.30336
6.81437             1.03895             6.83673
-8.10198             8.33842            -6.75624
-3.99251              -3.273             2.43584
-7.17494            -8.50874             1.40033
3.18092              3.7979            -2.71904
8.24117             1.11037             5.80134
1.14832             9.53174             -4.5691
2.15866             8.30014             5.32905
-0.226177             3.20693            -7.35158
-2.46987             3.58545            -3.52689
5.3197              4.0092            -0.11012
-5.41357            -2.44321            -9.32347
-2.56551             7.55987            -1.83963
-5.45663             2.72452              3.1996
0.0827248            0.162777              -6.786
-6.53112             5.66602             6.73993
-3.35563             3.75517             9.56025
5.06255             2.30004            -3.02331
1.69414            -2.94123            -5.45348
-1.03669            -2.19325            -3.68927
-8.10272             8.24924            0.354831
0.725075             8.02189            -4.17953
10.7783             5.45712           -0.518636
5.97257             3.30959            -5.26102
5.7403            -5.89503             3.21523
-5.6768            -6.32736             1.21058
-5.14622             7.32432            -8.76792
-1.66868             7.45271            -8.39715
6.75303             2.79954             8.03367
-8.81237            -5.84142            -6.76438
-3.29307             8.83186            -4.71584
5.76397             1.32501             5.25488
-5.79397             -4.2602            -9.19169
-3.86258             -6.5115             3.62656
0.713523            -2.66708             3.96971
4.53479             2.28538             8.11362
-3.74275             5.16341            -6.42533
-2.66627            -3.06414             3.68672
-7.01909             8.93375            -9.07762
0.759446            -8.15601             4.14708
6.14247            0.237422             -1.9718
8.74417            -8.04253            -9.61975
9.04252             6.41126             1.99987
-6.20762             3.57766            -2.32938
-7.93662            0.425934            -7.98369
7.24267            -2.60768            -2.23008
5.49619            -6.38233             2.42841
-6.09977             -6.6597             6.50429
6.21854             5.25511             3.96653
7.25236            -6.45044             5.42275
2.57672             7.24485            -8.56069
4.50118           -0.830541            -7.45302
4.52933            -2.45524           -0.863677
3.44667             4.09831             2.64437
-5.83412             9.00876            -5.32211
-3.07162             1.68944            -8.13349
-3.57907            -8.84494            0.340643
0.373997            -5.11285             1.82726
-4.7417            -2.13589             9.60627
-6.23438            -9.01013             -1.1894
4.63398            -2.31608           -0.642888
8.71476             5.75217             6.71606
4.33918             6.81136              3.8264
2.70374            -3.06694             3.11411
6.88896             8.65811             3.59805
0.883217              6.8247             7.42997
4.31423             7.01922             9.44064
7.82229            -6.28216             2.87441
-1.08342             3.44392             1.53577
-2.8394             3.58543             8.76457
-1.23984             4.83771            -7.04968
-5.91467             6.88945             8.80139
-8.47218             5.07594            -6.42684
-1.71767             2.81615              7.6072
-5.46027            -6.44071            -4.25336
3.07629             2.48992            -8.05304
0.646921             5.87079            -7.59707
3.34936            -9.87832             7.93377
7.12426            -1.63032            -10.6076
-2.37408             5.48813            -5.06411
8.31973             7.40968            -8.66224
-5.94942            -2.29481             8.58246
7.35934             8.38338            -7.94641
1.2974             6.00661             3.04773
-9.7468              3.5156             6.98538
-3.0487             1.63666            -6.54141
1.42363            -6.36807             1.01461
8.75017            -1.84962            -7.44071
-4.25673             1.00074             -1.7985
2.63722             10.3007            -8.30017
-5.78844             3.19147            -9.56097
10.278             10.2324            -9.10892
-8.43724            -7.80737             6.13032
-8.13451             2.58012            -9.36999
-0.367262             7.35186            -6.63118
0.668694             10.1779            -2.07205
-9.56935            -3.65966             1.15642
-8.31255             6.34481             5.27069
5.83974             3.13623            -2.31135
4.03315             8.10314             1.39085
9.52983            -7.23811              2.5032
1.38698             8.12641            -5.61034
-5.24135             4.10175             5.02028
-3.9109             1.88399            0.158892
0.991418            -8.60817             1.65779
-7.10275            -4.05361             0.44214
-5.89532             3.97143             2.38107
-1.86505             3.56451            -1.79628
-7.8184           -0.407132            -3.61237
-9.22066            -2.11012            -10.0063
-0.207097             5.60567             6.01879
3.59145             5.11092             4.60667
8.54991            -9.31745            -9.12442
-3.32515            -6.44226            0.849867
3.50138            -6.32622            0.393658
7.73687            -7.95039              8.8966
-1.14041             2.97335            -3.22365
-8.29142             -8.8102            0.637248
-1.58767             4.64864             2.82103
10.4307             9.17846             9.66075
-0.0737659              8.1994             6.99434
3.08236             3.74044             9.72509
-7.82141            -8.54439            -3.19158
7.26352             -4.8954             -7.6915
-8.30435          -0.0598517            -2.99015
7.36998             7.67294           -0.414194
8.47557            -5.56129             3.45095
2.51493            -4.37286            -9.31002
2.18553             1.27105            -1.33265
-7.93126           -0.387828             -4.6689
6.58754            -4.75192             2.16388
-3.86956            -5.83831            -8.04872
-9.8574             6.13648            -7.02713
-0.943997              3.2965             7.33189
-9.51853            -3.00541             8.27062
3.84053            -2.44047            -5.61239
-7.72437             2.47139             3.53811
3.54924            0.924592            -4.04052
-0.259971            -4.60188            -8.21556
10.207             8.67013             3.89008
5.73456             4.99059             6.30592
7.80975             4.08794            -2.42752
0.322813            -3.93586            -7.05101
0.478564             7.42501             6.92087
-8.2006             1.63045             9.25299
8.69622             5.73386            -0.92691
7.29053             6.08778            -5.70664
-1.92399            0.304971            -6.92871
7.00683            -9.12151             -8.3245
-6.12081            -5.65814             5.00786
-1.43605           -0.464654            -6.41997
7.14375             -7.3398              1.8235
-9.20541            -2.83844             10.2558
-4.02345             7.97311            -7.70219
-5.51192            -2.44229            0.209434
4.16706             2.67554             1.24597
-6.90009             -7.6411           0.0622382
9.6161             5.91796           -0.597889
-7.65437             3.72429             9.10986
7.5903             2.35821             7.88917
-2.6714             -6.8235             10.5398
0.581457             5.36405             8.58655
9.90563             9.99055             1.46338
8.54616             9.55102            -9.22171
-4.45008             3.26079             3.91038
-5.65384             2.94071             3.14029
0.0698175           -0.558265            -1.85334
-7.58748             1.67611            -9.27284
-9.71949             3.82928            -5.58602
-6.13438             8.42573            -6.62393
-0.698531             9.32148             5.72212
9.50971            -4.69714             2.27747
9.25448            -0.25165              1.9139
-4.17195            -1.66736            -6.19989
5.32715            -7.21005             1.18359
6.05766            -8.84496             3.20488
6.23359            -8.18369             5.13359
3.80978            -3.65287             4.19807
8.06411            0.259011             9.79985
7.12437            -4.47014              6.4948
-1.9594             -1.4379             2.29354
-3.55591            -8.91618              9.5889
0.260973             1.60226             7.64071
4.2686            -5.59491            0.567162
-2.26085             7.70975              2.6132
-8.35254             -3.4651            -7.44174
9.22105            -2.82169            -9.60991
-1.95592           -0.417406             -2.5823
9.9898             -6.2474             1.48397
4.74902             6.32171           -0.750375
8.00601            -5.59809             8.90219
-5.09963            -8.50538            -4.43165
7.11737            -6.60768             9.30635
5.79767            -5.82036             -9.3882
8.81715              1.9065             4.98356
-4.98869             1.45222           -0.486112
5.00672             3.68653             2.51203
-2.24972             2.78183             1.51894
-1.30926            -3.13744            -1.28439
-0.807552             2.28854            -7.64677
0.0599168             8.61035             9.02476
4.77764            -3.30795             8.80892
1.41984            -4.34298             3.78707
2.25833             7.96942           -0.932235
-1.94117             2.49431            -1.58225
2.41993             7.14776             4.84971
-1.18078            -5.02503             -0.6574
10.2426            -9.78671             10.8428
3.43409            -4.68228             4.61936
-8.62049             4.28178            -4.03337
-4.69379             -3.5045            -8.82334
4.69721            -4.99941            -8.39483
-2.43965              1.0197             5.01151
-5.48398           0.0296539            -1.10998
4.39274              5.6418            -9.09501
-6.42594             -1.5033            -6.74132
-7.62133            -6.47253            -3.50307
9.63053            0.854681             7.56335
-2.77078              3.4795             8.65514
-1.72168             7.70681             -6.2948
9.92067             0.36674            -4.52876
7.92842             3.27134              8.4258
1.4707            -7.06553             9.07453
8.67024             -4.4014            -3.16018
-1.66561            0.628477             -6.7114
6.95316             4.71423             6.30824
-0.559436            0.176826             4.93662
9.49163            -3.36081            -6.99069
9.9177            -7.75828             -5.1301
-2.18485            -4.35438            -7.86821
-2.66861            -11.0917             9.38837
-8.72937            -8.05175            -4.23414
8.2839           -0.674058            -10.3645
4.95325             9.04202             4.70251
-6.03397            0.547669            -5.99602
-5.39855             7.11425             1.49946
-7.96698            -9.53391            -8.95503
8.73166            -4.81848             5.62851
-1.04264             5.47469            -7.27579
7.968             -3.7089            -5.70065
5.42675           -0.764279              -8.161
-5.49614            -1.79063            0.359397
-2.69964             9.22458             9.47713
4.35123            -8.07388            -3.55147
-1.33684              4.6252            -8.87052
2.58004            -2.57739            -4.82387
-6.67635             2.09272             4.72691
5.17225             9.03439             6.10395
-3.25974            -1.62306             8.10478
-8.54734              8.9263            -5.80713
-3.48063             3.44023            -5.63757
-9.3261              -8.359             -8.8866
9.71365            0.600755             9.46924
-7.67186              2.9679            -8.12126
1.35719            0.377611              2.1658
-3.90224             5.29569             2.52071
1.03687             6.46324            -9.85491
-3.26112             3.86602            -7.39325
-3.67115             9.45346             5.82108
4.73616             9.25116            -4.82579
7.52797             4.57958             5.10798
4.85379           -0.461246             7.48031
-10.0091            -7.53878              8.2849
3.66767            -7.27059            -6.00672
3.75239           -0.437355           -0.550322
4.56419             8.89574             1.98749
-2.60918            -5.97293            -8.64231
8.31868             1.13135              3.4726
8.79966             2.16203            -11.2985
-4.34087             4.59636             6.50493
-4.61917            -8.68202             1.42674
5.60809            -5.38279             9.18236
0.490675            -9.28068             6.05662
6.91727            -7.50323             4.07879
2.87414             1.87798            -3.68783
-3.79162            -2.39118             4.28443
-2.80958            -8.14383             9.94106
-7.97017             -2.3089             3.12501
8.56854             7.72762            -4.62424
-8.2131            -5.98126             -8.4359
4.38554            0.236377            -6.47239
-9.02287            -4.68452            -7.47012
-9.71294            -7.49054             7.27937
-3.02385             4.62873            -4.72004
1.69062              9.9438             6.16892
-0.631545             7.40792             4.06336
3.66852            -1.22913             1.89641
-0.000276981              5.7834             5.46489
9.97003              6.0869            -8.89546
-9.41387            -5.57318            -6.85875
7.25761            -8.39061             5.60666
-2.64207             5.98347            -1.72601
6.26816            -9.67842            -7.25398
-0.780347             1.34652            -0.30734
-6.15853             7.18756             9.37967
-8.57011            -6.32356             9.30328
-4.65017             9.28841             2.30587
-2.92601             6.07643            -1.90161
0.925379            -2.07096            -3.34581
3.46731             3.29507            -6.12559
-5.63263             4.40139             7.47391
-0.506801            -0.17138              -4.733
-7.36155             -5.5573            -13.5176
-5.1286             5.92155             9.68166
-2.66005              5.4801             1.25744
-2.96736            -2.14865             9.00036
9.83278             6.53426             5.87111
8.92422             8.15814            -1.56926
-8.46108            -1.57029           -0.115895
-4.94002            -8.40173             6.58849
-2.958             2.98628            -2.53763
-3.74136             7.33972            -2.01674
-7.93017            -5.17118             8.07322
6.87687             -6.9439              9.8621
-8.9252             5.34694             9.55912
3.88851            -1.30656             9.78716
-6.21412             2.41856            -5.92158
-7.47339           -0.987711            -6.93283
-2.62364            -5.47452           0.0457368
8.19082             7.27681             1.75989
-7.92009             8.13645              2.0104
5.94282            -1.13917            -9.01041
1.34453             2.28956            -7.91985
-2.09023              2.8247            -3.64074
3.00257           -0.168049            -7.98425
0.99595            -9.16292             6.72487
-1.52357             6.02421             3.61072
9.11587            -4.80009             2.74715
-9.23652            -0.76031            -9.55181
-8.64745            -1.92695             3.26688
8.87331            -6.33447              3.5454
3.6331            -3.50005              9.1567
-9.03972             1.82276             -8.4517
-7.54642            -8.50875             2.64441
2.51829            -4.84318            -0.74368
8.10928            -7.50221             5.35269
-8.91951            -4.86763             7.61259
-7.95781             6.17894             2.10869
-1.0144             8.13322            -7.80777
-0.551003            -3.26131             8.52431
1.16588             2.12086           -0.327615
-8.24327            -8.13926            -2.24446
-5.71455             5.92761             6.78703
8.223             10.2215              9.3066
-7.23131             9.04283             7.00773
-1.4006             0.95218            -7.68503
-3.4355             -2.7861            -4.09513
3.60763            -3.66916            -8.70676
5.16156             -5.7369             5.75067
-4.22533            -5.03226            -6.56755
0.285354            -8.78111             7.95161
-2.24498             4.55362             4.27316
1.05535            -5.84255            -5.12321
-5.18786             9.66825            -4.36968
-8.51121            -1.26353             9.99644
-0.636332             6.19446            -7.77225
-3.36844             6.22642            -4.86093
5.91465            0.828612            -2.19418
2.16546             -3.4407              9.5372
-4.90651            -5.42319            -8.93388
-4.76577            -4.37344             7.64279
-0.3904            -7.86447            -3.98993
8.60549             -2.3454              1.0651
-8.62194           -0.870153            -2.61537
-8.50853             4.60939             5.58334
-6.05109            -1.94082             6.92678
7.62534              8.6511             7.96964
-1.47186             6.81985            -6.23729
1.52072          -0.0858403           -0.749958
5.1461             9.38048             3.61969
6.50377             2.19256             2.55148
1.57709            -4.11781             6.12136
-8.98271             2.49484            -7.06367
9.76516            -7.23388             8.56602
5.2833            -6.59855            -5.89736
0.611003             8.61807             4.14501
-7.33406             7.57589            -2.36714
9.49414             1.65691             7.77411
5.97518            -8.59504            -8.67141
2.39095            -2.17464             9.02807
-3.70849             1.16302             8.34316
1.77041             2.23147            -8.37634
2.52903            -6.50282             5.53288
-0.486576             3.31101             4.56095
7.07374             3.41648             9.63518
2.20458            0.116061            -1.20281
3.02412            -1.47863             1.36676
2.19308           0.0319163            -2.46722
-2.0567            -8.95715            -7.48855
-6.38501            -7.13324             3.82665
-9.34831             9.70298            -6.77072
-5.88535             8.82917              9.5388
7.23739            -9.41027            -3.26537
-6.75958             3.54513           -0.727743
-2.74858             6.94184             6.91556
-6.89084             -7.6706             -8.4891
2.4565             -5.0337            -9.81371
1.13763              4.8781            -6.77921
8.35161            -6.93482             9.54222
2.47768           -0.883843            -2.39022
5.24021             4.43686            -8.02405
5.40494             9.94292             -5.8126
3.11797            -4.22263            -8.93191
9.8248             2.34261              7.7826
-3.16591            -2.16678             2.31491
-4.20471             2.96009            -6.30311
-6.51143             4.97282             9.71721
-5.03226            -2.54512           -0.914517
0.429546            -8.51816            -4.84659
5.18124             3.53408             0.91955
-7.96367             1.34948             4.44122
5.17257             3.87019            -6.15813
2.65336            -2.01111             1.10849
7.47323            -9.68234            -8.05977
-2.53624             4.08428            -1.17758
-2.33464             1.15598            -6.70658
9.33225            -8.95078             2.86992
-6.24978            -8.68973             5.73607
0.585793            -3.06917            -7.74757
-8.78627             3.95562             5.35612
4.55816             5.44212             8.22595
7.19152              2.9736             3.20863
-4.16162            -4.98657             3.44341
-8.29837            -9.28321            -8.33428
-9.09649             8.51335             4.70925
-7.93567             6.54258             5.11642
-7.72279             3.42119             8.41075
5.13094             5.10314             4.84185
8.68773            -6.83089             1.20487
-8.2694              7.9319           -0.223269
7.31045            -1.37334              1.5955
-4.59623            -6.26237             4.08031
9.97947            -4.29629             9.65217
2.49971             2.74315            -3.12226
-2.51714            -9.30453             6.07356
1.72979            -3.79786             6.00477
2.10389            -4.92374            -6.41606
-5.02307            -6.55758             9.67605
-2.90911            -9.43722            -2.95765
7.502              2.3568             7.59332
9.8975            -8.66517            -8.79297
3.01364             1.02151             5.78464
7.71683             9.38823            -2.21961
-7.98677            0.756399             8.80344
8.26027            -5.46965             2.46677
1.9956             9.24649            -7.81357
-2.68947            -8.83536            -4.56844
-0.501001            -7.55494             1.50281
-2.72979            -9.84917            0.276065
-5.71001             -5.8074             3.29017
8.4536             2.99876             9.66366
-2.25014             -4.4268            -3.28595
2.48186            -3.06063            -7.39675
5.78698             6.21839            0.616695
-0.759128            -7.96403             5.26036
8.65026            -2.40882             7.61392
-6.41319            -6.73382            -2.13411
-4.18941            -6.24563              1.9731
-7.43869             -2.2277            -7.43948
-4.45702             8.86115            -11.3198
-3.03413             -8.3999             5.25788
4.71362            -4.44186            -5.21622
-2.797            -4.45796            -7.53198
9.07064             4.16925             1.25074
-8.60712            -5.40835             3.98729
-0.919318             9.35646             6.38894
0.59275            -6.90473            -4.53046
1.84751             6.79496             4.55765
-1.91222             4.66871            -3.72707
9.9688            -5.00167                 7.4
-3.6387             2.44577            -4.35438
5.91284            -8.82076            -7.03785
2.40884            -8.39343             3.02095
8.00317            -5.58473             2.91616
10.2084             9.89828            -2.76746
4.03777             5.20752            -1.99285
-5.97044             10.1647             3.47488
3.35785             8.28789            -7.05708
-9.17008            -7.53891             2.25243
-1.15756             -3.9033             3.99617
10.1121            -2.65307             -2.8079
2.5475            -5.15311             3.87111
3.82619           0.0450892            -6.56853
0.0438207            -6.77753             6.63168
-7.22461            -4.30005             1.71254
-8.09878            -3.66675             4.74178
2.88728            -0.29492            -7.88617
7.05593             8.73806             10.1928
1.66972            -3.44049             7.73179
-4.89094             9.31852            -5.52785
-2.84541             6.19897             -1.2649
8.68496             3.24249            -8.76911
-1.70854           -0.708578             1.12415
0.219528            -2.30433            -2.55515
0.684146            -5.09948            -10.2528
5.76434            -5.53501            -4.95991
0.809112            -5.42282            -4.98391
-5.0757           -0.327546              -4.113
-8.1778            -7.86785             8.89878
-1.31279             9.41109             7.27035
-1.15247             7.17489            -8.75669
-9.30339              7.9813            -6.14624
5.21887            -4.07621            -8.79744
2.17304             4.29652            -6.89552
2.522            -5.92584            -5.04443
5.33168            -8.95994             4.52331
4.41947             -4.8191             8.45368
-1.51851            -2.35551            -4.34847
2.46223            -6.41568             4.74344
4.42221             3.98644             5.11163
-4.08864            -5.45334            0.299665
-2.10685            -8.58757            -4.60427
-4.54486            -9.57016             8.50984
-8.17611            -1.08462            0.364469
-8.63885            -5.30758             9.00998
-7.88402            -2.85007             -2.1813
-2.34254             11.0362              5.7395
6.21655            -7.36484             3.81025
-7.80405            -5.18128             7.34619
-5.32221             1.76375            -7.94375
-7.08414            -1.60539             4.49164
-1.22276             1.34135              6.5525
-0.757473            -4.97716            -7.07743
-4.80966               7.282            -2.24975
9.99836            -7.18026             7.22333
-8.56261             3.62969            -10.6003
2.11281            -8.64465            -5.32145
-1.19013              3.4903            -5.50924
6.55076            -4.30432             4.04615
9.20399             -2.7511           -0.779957
4.27109            -6.42272             -10.072
-1.10126           -0.988492            -7.03698
-4.34099             4.78931            -8.33176
-2.00711            -9.11683            -1.91496
6.37533            -5.10581             9.17465
0.736706             4.20812             1.97936
6.50642             -2.2382             10.3323
0.693599            -1.47064            -6.14617
1.2747             1.28464            -4.77881
9.5368            -6.24224            -3.04118
0.593654             1.54657             10.1064
-1.1166              2.0331             6.06377
-9.36835             2.82944             4.39279
-4.72359            0.181347             1.35497
6.34804             3.04549             1.09792
-0.848067               8.647            -7.87864
4.38967            -7.69473            -6.79279
9.54951             -6.2907              1.0897
6.0763            -9.57613             5.81487
-2.06111             1.35835             8.47901
-1.61833             -9.1541            -5.13043
0.957429            -5.33166            -9.08402
3.01704             -2.9596            -5.32122
3.8424             7.55449            -7.75632
3.44502            -3.23564             7.21972
2.09995              9.0048             9.35369
0.277194            -2.81163             6.04997
2.35604             4.09527             6.84215
-5.22642            -6.42734             8.60181
2.95463            -2.30337             5.99162
-2.17966              2.0383             8.96234
-6.39829             10.1977            -3.83058
4.23273            -3.18526             9.43643
8.98886             6.42971             9.70137
7.64427              9.7619            0.459523
2.98909              8.5561            -7.16465
-8.51523             7.24565            0.511915
8.01389             5.11854            -9.03882
-4.27099             1.86749            -7.46296
0.514            -3.28231            -7.59235
2.38862             1.86103            -3.33284
4.28651            -6.24644             6.56816
4.93395            -1.14361             4.07201
-0.0889392            0.134852            -5.14162
1.28116            -4.93623             -8.0919
-3.20233           -0.710238            -3.87511
6.52451           -0.173223             1.96699
3.67099              1.0173            -4.04046
4.52549             5.31543            -5.82193
8.17527             9.37405             1.35672
-7.97865            -1.36075              2.9158
-8.14157            0.414788             2.32449
-6.66158             7.26185            -7.85364
-1.50638           -0.548128            -3.77206
-0.250905             6.83513             10.0565
-2.69744            -2.55659             3.05499
-1.49221            -0.64242            -2.80141
-2.77979             10.1208            -6.78171
-5.94722             8.15515             1.24738
-5.5393             -2.9876            -1.00966
-5.54346             1.43499             -6.9407
1.0428             -7.5771            -5.29232
-7.69232              6.4801             -3.2894
-3.10456             -3.8199             2.14986
-7.47557           -0.666933            -5.02996
9.07429            -4.96344            -7.19939
-2.56574            -7.64019             5.28802
7.94924             5.80039              3.3527
-6.70659             1.87599            -4.16514
5.36218             4.14419             -5.2251
-0.51853            -7.09147            -5.46786
-0.0231449             -2.9069             9.87731
-0.0667428            -3.39968            -7.87222
-7.93827             8.93472             3.43376
-6.19573             7.20514            -2.46753
-6.68916            -9.63679            -2.46709
-1.20747            -1.40546            -7.35634
-4.41291            -9.36904            -9.46039
3.67811             8.63602             8.57319
1.53014            0.230274            0.138721
-2.40446             1.60761            -4.73596
0.107832             8.11439             2.46764
8.43992             9.82327             6.62996
-0.971753             4.24801             4.99459
-1.88502            0.145466             6.04314
8.72484             1.63711             9.27967
7.44149            0.537783            -2.89797
-0.647248             9.31076            0.663258
-1.08814             2.75365             2.91749
-1.75577             1.15873             -6.7212
-9.60913            -3.20672             4.64129
0.69766             5.79871             -2.1994
4.81419            -6.15675            -7.02635
-8.06374             -8.9694            -8.50796
7.1381            -3.39742            -8.50713
-4.01174            -6.86942             7.72215
6.08456            -3.31358             9.31168
-5.91541            -6.44058            -7.16649
-4.07645             8.56118            -2.92491
-0.99418             9.56866             7.99397
3.38062           -0.823511             3.90228
4.7165           -0.329654             8.71532
-6.09281           -0.625452            -6.82436
7.5078             8.13128             6.55457
1.1424            -9.06235            -7.53104
-4.92735            -7.43435               1.017
-7.71814             -1.6175             5.32092
6.93058             8.31564            -8.43979
1.20766             9.31667            -2.28007
-8.17282            -3.17065            -1.63306
-7.85331            -2.81458             -4.4046
0.758292            -8.21029             9.65423
-6.55548             3.70379             7.73042
5.10583           -0.334917             5.68801
-2.24157             7.04006              8.5434
1.41301             5.06352             3.73042
-1.07419            -8.46908            -8.23413
6.65776             2.54824            -6.87501
-3.06203            -9.22066            -5.89927
-8.55468            -9.17291            -0.96254
7.78561             10.0933             2.70645
8.99072             7.40946             1.08446
1.5198            -4.13337            -6.27929
3.42237             9.80743            -8.18891
-9.02211             5.13172             -9.7289
2.52621            -3.69125            -6.27508
-8.43136             6.58345             1.54834
-4.99361              9.7235             5.83486
0.980823             1.97477             5.97896
-1.24647             -3.1699             4.15716
3.69833             2.80343            -7.45317
-2.3546             8.36656            -7.72498
4.88106            -6.37862            -7.51648
0.570024            -4.81876            -3.68499
-1.49454              1.7098             2.65797
-7.94914             4.88083            -4.49627
9.89347            -7.39248            -4.60044
2.09677           -0.825227            -9.30551
-8.14321           -0.934169            -8.67381
-7.97742            -3.79847           -0.519157
-5.35592              -7.421             6.43091
-6.19862             2.00174             6.23909
5.12639             5.76818           -0.926261
5.763            -4.04363             9.14118
4.74383             5.35212            -1.58349
-7.0179             7.83239             10.0432
8.29012             2.03598             -1.7933
-5.06864            -1.00186            -3.04195
8.06308            -7.41695            -8.93817
-1.41634            0.398927             6.03497
4.91134             6.85354            -8.40068
9.70653            -5.37688            -7.74663
-6.50812              -8.795            -4.26306
1.43504            -2.33902           0.0791079
2.07446             -7.7751            -8.79538
5.50743            -7.19565             4.42327
-5.36263             1.64875             5.40578
0.481559            -3.10024              3.1216
3.6972            -6.54253             6.40919
2.4468             1.91183             4.52381
-6.33444             1.89718            -5.15082
-2.13105             -6.1394             2.47906
-1.46617              4.6627             -2.7687
-5.2953            -7.68795             5.84047
7.60753             2.12036            -6.79057
-2.19841             1.07351             2.07593
4.86656             6.23205            -8.91108
-9.12309            0.870684             4.35502
5.31821             2.46416            -6.38271
-6.87209            -6.00496             8.22915
-8.37648             4.28277            -6.21294
-5.89998            -2.38343             -1.5345
9.65599             6.34646            -9.31605
5.9826            -8.32113             7.04973
-2.90264             5.52954            -4.44212
3.67062            -8.68416             8.13764
-4.77204            -5.00545              8.4364
-8.40916             8.72434            -4.77269
10.0105             -6.3263            -2.65367
-5.83096            -4.12974            -7.85287
-7.79172             8.72052            -5.08858
-3.87167             -2.8024             7.48579
9.73149             -3.0013             4.80192
4.97554            -7.13646            -7.15574
10.0874            -10.2903             8.69184
6.46025             6.09529             -8.5177
-9.70607             4.27968             4.17913
-3.98449            -4.62074            -4.38766
4.38979             9.48689            -4.60742
-4.66134           -0.938108             7.99996
-8.89784            -2.84517            -2.92341
0.948878             2.62706              4.3265
8.79716             5.85758             1.85532
6.62277              3.7411            -8.77894
9.4519             2.78976            -4.88515
1.63188             5.70846             7.15644
-2.55883            -11.9698             9.75262
2.08342            -10.9074             8.57974
-5.0923             9.98075              9.0451
1.02143               -15.1            -8.05116
-6.03444             -3.5335            -3.06156
-5.58077            -5.56908             6.91142
-6.62106             3.02715            -9.88964
-9.49031           0.0420723            -6.20395
0.3476            -5.26295            0.885985
-3.0357            -4.94846             1.79296
6.5001             1.82324            -9.96923
0.299354             8.91065            -7.73069
0.288222            -8.12353            -3.51415
2.9653            -2.32025             -7.2629
-2.65546            -4.61325            -8.21986
0.586112            -8.52851             8.08992
8.23447            -5.85952             4.84317
-6.28563            -1.96689           -0.792552
1.02022             7.40236            -6.17261
8.38231             -6.2222            -8.32401
-2.63465             9.03227             7.44741
6.77121            -2.55378           -0.997006
3.37301             7.06059             9.88427
-1.63238             1.02509            -1.17929
2.36999             3.23779             8.96228
-0.863336            -7.71315            -8.03126
-4.69612            -1.11928             9.76495
8.40772           -0.514128             8.88752
-2.91927             8.33567             1.46185
-7.81469            -8.41394             8.55745
4.64068             5.78536            -1.02367
3.56377            -4.98026             -9.0121
-7.79995             2.87685            -3.46269
-1.95508            -2.82393             2.86273
8.97572            -4.21953             2.53922
7.01207              4.6711            -2.75045
5.61312            0.663248           -0.401602
-9.27516            -5.74623             4.69249
0.703329            -1.33393            -3.27543
-4.3483             3.32631            -3.43385
5.03946             8.73245          0.00647632
9.80048            -5.38266             3.39393
1.42363            0.982031            -6.12117
2.54131            -3.03581            -3.66747
-1.98126           -0.374492            -6.02148
5.37444             -4.6605             2.29887
-0.62792             8.82007              -6.006
-0.35304            -5.33129             2.12168
-8.22646             9.46599             6.36226
-3.57267              5.7013             9.07242
-5.1662            -4.88135            -1.60923
1.29301             5.31182             2.47148
3.16304            -9.75708            -9.47788
-4.79381            -5.55933            -1.62412
-9.97844            -0.98336            -5.87456
-6.08569            -2.51387            -1.36626
-4.22037            -7.15185            -2.77895
-3.65782             2.23952             4.67222
-5.26399             8.01829             8.32838
0.64633             1.57052             4.42262
-9.18182            -3.50159            -6.30229
-1.48348            -1.34703            -9.41294
-6.10455            -7.06417           -0.585016
2.78307             2.17407             10.1742
-9.34543             4.82723            -5.75413
9.92622             2.14493             2.68917
-4.69123            0.323478            -6.12869
-7.66636           -0.413343             5.12943
4.19169             7.79055            -6.82031
0.550998            -6.24868             2.53428
-6.98226             6.89831            -2.88147
-0.244489             4.22945             2.85387
-5.2878            -1.24267             5.43028
8.78784            -8.18863             1.71887
-9.58082            -4.00884           -0.293136
-6.84798             8.16998             3.74229
6.32348             9.84757             -1.0759
-3.34827            -8.84617            -3.28595
-6.53729             2.62755            -5.69922
5.82043             6.94267             6.68598
-8.40789             5.80941             4.85939
-4.81358             8.58558             1.46925
4.8059             1.80367             6.25243
-7.89005             7.44983            -6.02108
-9.57155             8.10555             2.11191
-0.587687             4.67802            -9.19473
-5.59826            -5.58062            0.805227
1.08877            -6.68265            -8.28045
-1.35235            -7.90652            -11.6536
6.57141            0.654634            -3.25739
8.83492             -4.5675            -9.99168
5.81784             2.63152              10.408
-7.25224             8.00502            -3.13865
-3.99748             8.97385            -6.62438
-1.51733            -1.40794            -3.96128
-3.68703            -8.15989            -4.52089
7.22976            0.434938             3.03371
4.83743            -6.33929             8.73618
7.09649             5.82913            -3.94193
-2.10555            -8.52082            -5.83515
6.90038             8.63554            -5.75446
6.02939             8.17634              1.2243
-1.52375             9.84238            -5.65067
-3.3783            -4.88426            -9.07356
-1.01469              3.0706             2.99721
-7.13802            -9.12046             8.84657
-6.81291             4.71618             6.92418
2.05921             9.20583             8.88389
7.17014            -4.94174             5.33753
1.53542              9.1536            -2.25287
-1.63755              6.5959             9.69631
-7.25814             1.38225             5.88232
-1.06784            -8.20674             6.97191
-0.660053            -5.35492            -1.04271
4.02715            -8.62118            -9.84636
-2.13777            -7.42622             -4.6333
10.2557             7.33347            -4.25526
0.826384             3.91115            -5.50325
5.61853             2.66429            -11.0178
-3.547            -6.15385             -9.2078
-0.635059            -8.80726            -8.83879
-0.358797            0.531346            -6.29808
-7.14619            -1.20933             1.39056
9.99135             8.29527             7.75678
-8.50894            -3.48577             1.64683
-5.39593            -4.19107            -8.91877
-7.52611            -9.09039             4.77665
-8.55278             7.71952             7.55829
-8.59175            -2.68279            -9.38375
-9.16016             7.77538            -7.80712
1.64126            -7.35536            -4.17541
8.70805            0.904559            0.371078
-8.7039            -3.35459            -3.81884
-2.47653            -8.57504            0.103297
9.15846             2.13147             0.13486
4.88591           -0.531066            -8.30441
8.45634             3.44991             9.47778
6.19965             9.97432             7.57268
2.32816             1.22378            -4.84212
-3.68533           -0.918636           -0.752912
-2.07927            -1.15383             1.66179
0.976274             6.77232             2.21439
8.02544            -5.29753             9.41898
-4.82889            0.943431             2.35826
9.39293            -2.13077            -6.52122
-4.00901             2.75959             8.52645
1.87159            -5.98479            -1.30955
7.74401             2.22503             7.41712
10.0912             4.57497            0.577928
0.634862            -5.82037             3.93692
4.93983             5.69481             8.43654
-7.91725              7.6736            -9.84505
-6.2944             6.73286             1.41873
-1.32531             -3.0091             0.67213
8.25125              7.3074            -5.77193
2.32144            -3.51593             2.28552
-5.97419             8.80165              4.9774
-1.28082               9.729            -1.88682
-9.27258             9.98302             4.42213
3.8852            -9.24697            -7.43166
9.64555            -6.28821            -9.80503
-9.23213            -7.49276            -2.08872
10.1478              8.0657            -4.32225
5.45659            -6.47912             4.51735
-8.09896            -6.75799            -2.18955
3.77066            -5.46908            -2.09523
-3.41166           -0.365328            -6.70614
0.688369             8.71171            0.562722
8.6804            -2.81276              9.4344
-4.69431             8.68145            -8.85109
-8.48798            -9.34563           -0.343995
1.30367             8.05402            -7.69488
1.72703             -9.3311             4.60171
1.97747            0.387775            -4.15268
3.94072            -6.39298            0.373245
-2.98049             -1.2754            -5.54321
-7.94336           -0.366719             8.45569
3.38033            -6.54491             8.18823
2.04464            -1.00059            -5.03299
-8.34121             4.69623            -3.02241
-6.56643            -2.79302           -0.674887
2.37499            -0.43961            -7.61077
6.49944            -2.16039             4.46059
3.43096            -1.34298             1.47841
9.11345            -6.58465             7.27838
8.09037             9.83545             8.58363
1.04213             6.55887             2.07519
9.86796            0.784779             1.67974
5.72834            -6.49462            -1.10447
5.1666              9.1474            -5.08426
0.345123            -7.08971            -8.24975
-0.304225            -6.22964            -6.21579
9.42167            -6.05611            -5.92094
3.32927             9.49834            -9.54391
-5.90244             -8.9411            -4.59057
2.14255            -5.06585            -7.09685
-4.29691            0.906376             6.44313
-2.1432             9.60503            -7.50031
-8.56746            -2.91941             8.49037
1.98255            -2.58706             5.74092
-0.145661             3.34721            -7.04561
0.758084             9.23118             5.14198
4.96315             6.50533             8.26415
-1.79232             2.44933             7.43975
-4.61402             4.57555            -4.88023
-0.983085            -4.06114             1.91134
9.36407           -0.960725             8.95863
-0.176952            -1.93614            -3.81583
3.66575              9.1327              4.3043
6.02129            -7.05478            -9.26623
1.62268            0.292209            -1.47201
-8.19725             8.40387            -2.97903
1.992            -1.65112            -5.02432
7.70184            -1.68919             5.74963
-2.8666             1.97351             7.08112
-3.46137            -2.42473             5.18376
-4.8257            -6.19773             5.88741
-1.79215            -3.53491             6.85881
1.24013             3.62536             8.30426
-1.31653             2.50703             5.05842
2.04628             5.62162             2.51275
-7.3213            -5.99242            -5.28002
-4.98841             7.98154             5.34736
-4.39096              5.0033             8.66714
-5.67916            -7.65058            -1.71805
9.4395            -6.89391            -2.55988
-1.80857             1.22129            -6.21035
-8.49773            -5.08467            -2.22622
6.76945            0.439158             5.60974
7.70713            -8.81139             10.0496
-4.9373             1.51845            -6.95861
7.11015            -8.95811            -1.04943
-8.12445             5.86208             -5.6145
-9.08766            -5.29679            0.506504
-1.63566             2.96354             6.14118
5.0413             5.12301             -1.7603
-4.62766            -8.31649             7.26243
-4.82402           -0.456748            -8.38047
-1.85716            -1.68187            -1.76335
-0.64135            -7.36784             2.51456
-5.5475             3.21474             5.57935
6.3306             -4.1697             8.49989
2.44026             -5.4159            -8.27126
-5.2102           0.0390732             4.55618
-5.04975             3.36278            0.962292
4.71409             2.19209             7.38825
5.99814            -7.74784              4.3092
-7.96726             9.23343             -2.0586
9.01921            -4.05284             4.46641
7.30273            -10.7433             10.3803
6.88567            0.561801             5.88788
-5.79542            0.830555            -7.07164
4.2398            -10.2321              5.2725
-8.61568           -0.770926            0.669858
-6.12603             6.52014             2.93598
-9.62817            -8.17457            0.812289
3.29028              6.4641             7.65279
4.13715             6.44845            -8.19372
9.72913             2.01423             5.94573
-5.4463            -4.62481             3.87432
8.55463            -7.95579             3.36224
-5.81668            -2.74024             9.19983
5.21948            -9.85662             8.92185
-5.4145            -12.2914             2.24832
9.25903            -10.0412             9.42246
-3.00671             -6.7471             5.81108
-5.18446            -2.61218            -1.30055
9.14438            -13.4319            -5.37765
-4.37475            -9.88326             8.50831
-6.28817            -7.05762             7.75999
10.7617            -6.82046            -9.94631
-4.9445             4.32179            -4.96916
2.36899            -8.11215             3.60018
7.81548             1.00012             6.21556
-9.3227             9.68045           -0.422959
-1.29697             7.71663            -2.62819
0.858348             7.85359            -7.29313
-9.61981             9.97399            -2.75585
-5.9994            -5.26821             6.10264
-2.38901            -4.59511           -0.350373
-0.0476496             8.46833             10.2254
-0.775747            -4.24685             4.84713
-0.397054            -6.72142             5.28575
-2.19444             6.49762            -2.67452
0.74061             7.66969             9.43115
-5.73026           -0.765232             9.73499
-4.65952            -8.85494           -0.164955
-2.21279            -7.06925            -2.03564
-2.28778             6.79421            -3.21209
3.02133           -0.187611             1.98613
6.84819             4.47132             4.09111
3.23623            -9.65644            0.733441
1.34523             7.95876            -5.96287
4.26164             3.81801            -8.54485
8.70334            -3.97363            0.168109
-7.39846            -3.95594             2.24307
5.14005            -5.36525            -6.42027
-4.69515            0.684029            -6.71079
4.92002             8.33631            -7.36805
-3.16201             4.19702             6.41023
9.54759             3.75631            -1.45261
-6.10975            -8.20796             -2.9597
8.15769             -9.8968            -0.96791
-7.41728            -7.69526            -2.15716
7.25434             8.95839            -7.98637
-8.20302            -1.54176            -7.26927
-2.22272            -9.89138              8.2035
3.14233             4.35069           -0.551555
1.47227            -8.70683            0.857118
7.55779             10.2097             9.40557
-2.73407            -2.40096             10.3475
6.85447            -5.68871             1.38437
-5.61883             4.67184             8.09785
-2.53627             6.57448             5.85666
-9.57102            -8.06458           -0.775235
9.70625            -7.72725           -0.670565
3.7809            -3.56884             8.48066
-3.46668             7.82532            -1.65872
-1.86843            -3.74128             1.33933
5.75885             4.65483            -5.23346
-0.716851             6.42437             10.0833
4.65628             2.96377            0.336539
-4.3863             2.99102            0.455062
-0.565259             5.24222             2.27777
1.81515            -4.82824             6.96077
-4.43888             8.74866            -1.87039
-3.92633            -4.82923            -9.19886
6.24248            -7.65256            -1.28311
-4.15052            -5.61953             8.74236
1.03641              -4.653              5.4127
-4.31451             9.48205           -0.972671
7.45128             8.25323             4.61336
6.74226             3.69409             2.56676
-2.66717            -5.54456             7.88051
-1.80717            -7.20812           -0.388808
-8.93185            -1.11854            -3.55139
10.6048              3.4895            -8.48245
0.0234193            0.680372             4.18053
-4.46455            -3.81174            -7.84206
6.16544             8.96943             5.60771
-3.6575            -6.43586             8.24147
-8.74614             3.64931            -4.62823
-5.8854             -1.1002             3.90372
6.21852             3.08902             2.75384
10.6067             8.39835            -2.29107
-5.22325             3.44715             1.61086
-5.37643            -1.54408             9.06943
7.23985             4.58064            -4.18344
-4.48079            -8.09575             1.66306
4.48013           -0.689721             6.36165
7.77092             9.06732            -6.75093
-7.28053            -1.79338            -7.31584
-0.834018           -0.722332            -4.08916
2.55888             7.70188             7.85836
-8.97472             7.31533            0.394388
0.675823              7.2267            -2.57201
6.47555             5.61058           0.0913303
8.53266             9.14278             1.64043
1.39786             5.72108             6.30611
-7.374             1.03166             9.05557
-7.39567            -7.83398            -6.41848
-0.294505             6.96528             7.81164
2.7153             10.5395            0.898622
10.136            -9.26145             2.92036
4.41646            -9.37488             1.78011
3.4803            -6.54328             7.33112
-6.56351             2.67638             1.62091
-4.99246             5.43722            -5.47586
9.13011             -8.2363             -2.2667
5.72482              5.0338             3.24153
4.47427            -6.37345             4.37043
6.42821             1.60048             5.02427
6.27309            -5.76207             2.63622
4.84819            -8.39094          -0.0145212
-1.85818             4.63043             7.12481
-1.49727            -1.99235            -2.36025
-0.68511              6.9113            -9.55091
-4.8689             8.57211             6.05082
-1.37413             8.35142             4.53399
6.17532             3.52825             7.20815
9.48801            -5.76878            0.563423
-8.59887            -6.36943             2.39119
0.519797              4.5432             1.96939
2.32574             7.30157              4.0525
4.64764             7.03572             4.78455
-9.14905             7.20305             4.76991
-9.33767            -5.91417            -5.36227
-3.44618            -7.13701            -8.73494
3.62492             1.99518             5.92497
3.73257            -6.28305            -9.39482
7.08097            -9.92482             2.01033
-5.76797            0.870906            0.708836
-4.06529            -3.25799            -6.85037
-4.53972            -8.00833             5.59354
-9.85296            0.816428             8.23852
2.53819             6.03548             6.52818
-1.26221            -9.42478             3.52818
-1.31635             5.80423              5.5333
5.43856            -2.44414            -8.81382
8.09038             5.90695            -3.03169
6.7117             8.30474            -6.19301
-0.248255             3.88484             6.68641
-2.2238            -9.42678             7.63324
0.720274            -8.48107            -7.78995
6.91066            -7.02859            0.732424
2.54115             1.29262             6.00559
8.828           -0.359863             -7.2204
10.3528             1.13167             8.96169
-6.27699             8.27806             1.44593
-8.85965             2.96255            -8.85394
-6.85791             9.57354            -4.84675
6.01609            -2.14145             5.88279
1.67071             7.49688            -2.78801
-4.88897              7.2161           -0.710396
-7.65607              -4.499            -2.82597
-5.67143             2.03053             8.46491
7.96333               1.281            -7.28991
-5.60862             5.03611             4.25902
0.353907            -6.35771             6.40676
1.4287            0.931024           -0.430776
-2.89097             1.98427             7.75151
8.28633             9.95082             -1.1613
-5.7727            -5.84272             9.58848
-1.16994             -8.4946           -0.943536
-7.42388             6.00973             9.17906
-8.60934             3.02111             6.11329
-3.22399             -1.3858             2.16825
4.55349            -3.37199             5.07224
-0.600421            -6.75281              6.1307
-0.710407             3.58659             9.00747
10.5389            -8.24483             10.1604
-1.7659            -9.27534             8.93396
-2.58448            -2.15825            -6.69979
5.561             5.65256           -0.220271
5.87602            -3.30085             3.88004
-5.10042            -1.00631             5.64865
-5.71044            -5.35666             3.63155
7.63735             1.13076             8.70488
-1.3332            -7.42446            -6.36002
0.955064              4.3183             9.85028
-8.59656            -1.19664         -0.00707274
-7.83495            -1.55348             5.83928
-6.3256            -2.68992            -3.80154
6.61654            -5.41537            0.284461
9.74197            -7.91854             7.64145
0.355043            -1.77792            0.332227
-7.89337             6.71064            -8.45176
6.60039           -0.767712            -2.96803
3.67681             -1.6524            -8.34667
0.171537            -7.13604            -6.37297
9.5956            -1.68935            -6.39514
-5.32778            -7.86773            -8.54927
-5.66572            -9.32273            -2.42232
5.14282             1.75233             1.24725
6.87623            -7.33988             2.46609
6.6811             9.50815             3.08051
-9.50724            -9.73994             -7.1574
-0.87827            -5.62846             1.45088
-2.42647            0.218658            -7.83622
7.47023             7.65748             9.81995
-5.06472            -9.65991            -2.27843
-0.472905            -7.17227           -0.990071
2.32426            -1.27979            -2.68847
0.993371            -8.62039            -1.90532
6.24477            -6.53786            0.211328
1.58663             4.20272            -8.45597
2.86007              6.1355             7.95989
7.40647            -1.97915             6.07022
-6.14109             1.64766            -5.10052
2.74608             6.92416             3.82699
-5.04233            -7.96785             1.14285
2.15668               7.944            -1.64026
-8.32108             5.00669             7.36358
-7.71282             1.30936             5.65204
6.10283             4.17096             9.01511
-9.27616             8.50075            -2.87649
-2.12525             9.59607            0.585846
-6.82877            -5.99519             2.26698
6.29569            -8.33166            -7.24045
0.829742             3.45724            -6.15095
2.14148            -5.27747             -2.1104
6.84778             3.44245            -7.99412
7.16903             3.93285            -7.37089
-8.19649             9.72515              7.7666
6.04062             2.87703             3.61779
6.71201            -4.48401              1.4413
-1.3059            -5.29595            -7.77672
-1.12884             1.80096             4.98001
9.24391             8.42973         0.000421032
0.270891            -2.62878           0.0742089
2.52081            -1.57548             8.70147
1.3616            -2.86327            -4.50201
9.85409             1.72993             8.80946
8.3204           -0.612862             8.79462
-2.68022             -8.1518             8.85911
9.39194            -1.25224             2.69774
8.69501             9.47649             9.73811
-3.06573            -2.00376             8.88887
9.05657            -3.48512             9.01417
4.94285              7.9164            -2.23543
-1.88798            -3.06809              4.6857
-8.86898             2.25165            -6.52266
4.62772            -12.0284            -1.50774
7.16679            -5.02226             9.58898
-1.17599            -9.26855             1.97292
4.13046             2.12553             -3.5289
-5.29341           -0.989576            -4.92358
-5.44648            -8.11752            -2.40772
-9.53484             7.19825              8.7967
-6.95235            -3.08002            -7.19408
-7.6694             3.69729           -0.759036
3.68818            -3.84915            -4.90383
0.189046            -1.44126            -2.63543
-1.64201          -0.0793848            -8.28934
0.384198             -4.8593            -7.77844
3.44586             7.49602             7.58775
6.6596             5.68986            -5.58232
-2.92829            -6.60873            -8.18251
-4.92041             -9.1521            -3.50877
0.704472            -1.25271             5.79084
-8.15434             4.75243            0.818779
-0.0629145            -3.64117            -4.18445
-0.212899            -7.14949             2.15586
-7.30494             1.56782             6.59806
-10.1154            -14.7876             6.40576
9.09638             -11.963            -6.16202
-1.42998             8.00157            -8.30676
-1.98661             6.48266            -4.60511
8.509             10.1764             7.47701
-8.31347            -3.47278            -3.81559
-1.01541            -8.37571            -3.05206
5.34214            -2.86152             5.58713
-8.01759            -0.68886             5.05645
5.93288             -8.0625          -0.0281602
-3.53118            -5.52401              1.9445
-0.694874            -6.85743             2.65237
8.18281             8.72236             4.26008
-4.87867              9.1409             3.20021
-2.739           -0.900802             6.22098
7.73815             -1.4196             5.50876
4.09752             2.87549            -5.67082
1.74199            0.419135            -6.43924
-5.71276            -6.23029             1.76974
-5.31533             -8.3731            -4.35747
1.17179             5.27008            -2.24483
-3.37859             8.19956            -2.92876
9.1118            -6.29498            -3.31955
2.02104             7.25446             5.31145
-4.87331            -6.83567              9.3973
2.46763            -8.76379             -5.1129
9.30519            -3.23275            -8.56689
4.23339            0.988548          -0.0436402
-9.35131             6.25485            -2.51002
-6.85802             5.88184            -3.98665
-8.42611            -9.30341             4.39192
1.02474             8.10374             7.70959
2.34437            -2.47173             7.56885
-7.88149            -7.29072             2.80043
-6.47769             1.34729             5.71681
-5.00372             9.13583             2.59303
5.1432             4.05669            -7.18296
8.2244            -4.59743            -1.83317
-1.26326              4.3189             5.66509
-5.8226            -1.69362             8.33054
-1.21264             1.22524              3.5187
9.99753            -2.61872            -5.09334
-2.88159            0.987275             -6.8979
-7.57687            -6.57194             1.85717
1.02587            -8.46992            -3.55434
-5.10579            -8.24619             7.12137
-5.04972            -5.72434            -7.80537
-5.47578             5.12412            -1.91604
-8.73967             4.11493               -8.09
-6.13013            -3.59077             1.92688
-5.51247            -4.44662            -2.22245
-1.38803             10.1576             7.46308
3.76779             7.85377             3.80779
-4.20273            -0.49551            -3.49937
7.41885             9.16579            -4.47972
-6.6608            -9.82399             6.85216
-8.0455            -2.17007             7.93641
0.565629             6.36349             1.20583
6.20591             4.62473            -2.59738
-6.67414             6.20186             1.81463
-0.428853            -5.68439            -9.54849
-9.07077              2.7096            -1.40584
-4.18464             6.81146            -6.38146
-8.28983            -2.36604            -8.03224
-8.24576             7.38598              4.5802
-5.73946           -0.957227             2.86811
5.96044            -2.78805            -4.73903
-1.79236             8.30422            -8.11482
9.10061             2.83186             -1.2865
4.85422             4.78064              7.6519
4.94728             8.30061            -4.34305
5.71145            -5.24461            -4.47595
9.32588            -5.93909            -0.18839
5.55078              10.312             10.3845
-4.29244             7.97949             2.69718
5.99643            -5.76474            -3.10139
4.52351              7.0665             4.34613
-8.3343             5.83879            -7.60168
6.15425            -1.69893            -7.87934
-2.15178             8.58836            -7.94678
-9.37229              2.8681             7.57531
-7.27202            -5.01481            -3.89736
7.15086            -9.00063            0.137449
-2.38031             3.49695            -3.44757
-6.22828              7.7657             7.94215
8.38193          0.00193119            -5.57497
4.23522             4.70178            0.136579
-3.48132             1.27238            -7.34199
5.15374           -0.464633           -0.130086
10.2396             4.81202             6.61467
-7.27195            -6.47846            -8.77435
-0.439472             1.06721            -1.64954
4.90593             8.72445            -3.28086
8.74344            -4.56877             6.27321
6.27766            -4.58828             7.33344
-5.99801            -6.30057             4.25763
7.56037             8.08235             7.92446
-1.64565             6.20508             3.94673
6.32486            -8.43162            -2.44278
1.968              7.4017            0.145114
1.39527             4.67198             7.51042
4.80815            -1.27264             8.99832
4.79821            -7.80655            -5.45752
-2.33391             7.03948            -9.46067
3.91623            -4.15897             1.15478
4.36634             9.56447             3.48644
-7.82369             3.33403            -7.17889
-7.17262             -3.7629             5.18347
0.469034            -3.56695             6.39276
3.59039             6.15722             3.24085
4.24279             5.97782             7.14785
-1.36941             3.14132             9.32592
1.57396            -5.84105            -7.20036
7.45527             3.51983             5.85629
3.73436             3.40956            -1.88234
-3.7044             9.30234             1.63442
7.90505            -3.40673            -3.38689
4.79923             3.55186              4.0021
-0.96249            -3.55103             4.72541
4.70918            -7.51538            -5.36891
7.63988            -7.21209            -6.92823
-1.0556             5.92508           -0.147244
1.85505            -8.03396           -0.961501
-0.493378             -4.4489            -8.73412
-3.44426             0.27884            -5.06188
-9.00571            -8.40578            -2.73914
0.316806             7.88519             1.92577
-4.4277              8.7337             -4.3952
-3.72349            -5.33597             4.57012
2.26724            -9.08286             2.70926
-4.69862             1.07259            -8.12329
-6.21841            -1.13628             6.33369
8.0242            -7.07141             8.11882
6.54838            -6.50907            -1.43383
2.95144            -9.78921            -3.40891
-6.65985            -5.98502            -7.48286
-5.37492             -7.8238             5.00599
7.76134             9.62143           -0.648759
-2.98241             -5.5725             8.75537
2.14779              0.9341             6.61064
8.88685           0.0390829            -3.60121
-0.188151            -3.41489             3.97712
-0.436086             9.94902            -3.04608
4.60753            -6.84513             6.66044
4.33844            -7.17186             6.80557
7.31448             3.39995             9.34607
4.61439             3.59629            -5.33694
-7.27315            0.672315             7.41849
-1.60721             4.86853             1.14282
1.26773            -5.18417            -1.77637
-3.22329            -5.82875             8.77552
-4.18125             5.05043             4.51908
7.44924              2.3389            -6.06848
-5.53858             2.69256            -8.11974
-9.58797             9.52929            -4.22934
-8.31423             1.08246           -0.651369
3.03187             7.51427            -4.76312
9.13202            0.206283            0.413037
4.88792             8.13622            -1.57674
-7.45602             8.90129             9.80066
-9.09719             6.54362             7.10109
1.71062             4.07596            -6.79348
4.81549            -9.11278            -8.46444
-5.14739            -2.57947            -0.59474
-0.706532             2.40904          -0.0786577
-1.78976             3.57458            -4.16811
8.00654            -4.55812            -6.29856
-5.94554             3.08201             6.40666
-7.45465             4.77942                4.74
2.64291             3.23099           -0.964605
-9.07973            -7.95426             10.2618
3.04504             1.93911             9.92789
-4.72687            -6.92639            -0.75882
-3.028            -4.91782            -7.55584
8.80858            -4.52633             1.71605
-3.9588            -8.30371            -1.83583
6.38782            -4.34881             8.93478
5.46919             -6.0261              7.5432
0.121181             8.39516            -2.25537
-8.64257            -5.72093             4.63088
-1.24191             -1.5942            -7.40322
-1.84925             5.51729             4.15255
-2.26827            -6.33165            -9.42225
-6.71557             7.40849            -6.70337
7.85153             2.55378             7.13856
7.92966           -0.711524            -6.52177
6.24823             2.63277            -5.11191
-0.504943             8.12195            0.715659
8.49525             5.36412            -1.81746
-7.10069            -5.09015              4.2589
1.7608            -5.80599             5.03389
8.82618             4.41545            -4.07822
-0.353206             8.61703            -6.53639
-2.9894           -0.216879             -4.9675
0.289428             2.07714            -7.32761
4.43354            -5.29464              7.8286
-8.84764             -8.8962             1.94078
-5.18763            -5.70795            -2.42627
2.05829            -3.77964            0.795345
2.03763            -6.95534           -0.129817
-4.12551             7.92609            -7.77612
-4.41461            0.753767             8.67561
2.85408            -5.40856             3.53577
0.115822            -7.70158             -2.1437
-0.031297            -5.62938            -2.00282
-7.32579              8.9678            -7.18976
1.408             9.48518             3.40554
4.93293             4.97063           -0.684936
-2.00189             1.82557            -2.31426
8.01454            0.757189            -2.62475
7.91635             9.87762            -3.67297
-1.53569            -6.45601             5.93247
-0.14385            -3.53393             1.62226
-2.93005            -3.35705             6.74512
1.51003            -1.01754                3.06
-6.41926             6.36204            0.119044
-5.84897             8.08242              4.1615
-4.31542            -5.27549             2.40888
-1.75743             -5.2574             3.90387
-8.5334             6.24451            -1.91409
-9.17516            0.473798             -3.6087
-6.24398             3.99191            -4.51114
-8.92451             7.43912              5.3692
0.400031            -2.45207            -4.53078
-3.94369             2.55543            -7.05384
7.266              4.9987             4.90948
5.68036            -5.16474              6.2383
-0.172494             7.88626              6.1773
8.55619            -7.42602          -0.0916702
-3.18899             8.30241            -6.40817
2.39899            -5.37311             8.86814
1.8948            -5.04557             9.16731
-2.59616             7.21385            -5.39504
