-6.12207            -8.53911             3.00896
5.50004             2.65853             2.90619
-10.5806             8.78517             4.12641
9.3143            -6.71505               2.497
6.34115            -5.73427              2.4082
3.1638             2.59882            -7.24076
-14.2568             6.25066              7.3984
4.40531            -6.45907            -4.38496
4.19932             7.97111          -0.0771095
-5.27363             4.37111             9.13226
6.40397            -10.1821             2.95307
-5.768            0.290871            -2.41212
9.86293             10.3315             6.14968
7.24494             5.33668            -4.53827
2.20434           -0.061468            -2.91325
-10.4064            -10.3521             -10.086
-4.69373            -5.35737             7.35701
7.18242            0.938566            -3.77463
9.77859             6.30875             9.65992
4.03984             -14.954            -5.19719
1.12722            -6.86749            -9.78565
-0.966836            -8.87041            -7.17726
-10.6368            -5.77561             1.02243
-5.5341            -2.99969            -10.2147
0.440973             9.51104             9.27539
4.10081             3.63582            -1.84577
4.96798            0.500294           -0.838548
4.20386            -7.63594             2.65291
-6.41361             5.23487           -0.104181
-0.98538              1.1482            -6.61278
-14.0313             6.40517           -0.349631
-7.0679            -10.3684             2.51049
3.40422             6.19099             9.94406
-1.98417            -2.07147            -10.9679
-15.1284            0.830007             7.64824
3.49747             8.92733            -5.19857
1.04997            -4.85253             7.93428
0.124823             15.0446            -15.5106
10.8566           -0.979661              6.9219
1.46908             9.48674            -1.17386
-1.59968            -2.44521            -2.05648
6.45591             -3.9036            -1.87398
3.20122             8.45821             3.10096
-6.3396            -6.68446             3.15789
0.0628815             8.89964            -1.63693
4.84419            -2.97934            0.463271
3.90463             2.73556            -3.65793
0.567126            -4.33127            0.100542
10.0136            -3.12985             7.01853
-8.03831            0.459364            0.526974
-8.20583            -1.71228            -9.68481
4.62592             3.21321             4.94472
-12.194             -6.0909             4.12302
-11.1061            -1.70448             2.77369
-0.776133             -6.1371            -5.22775
-7.8185            -7.88637            -1.53354
5.4727            -6.49109             9.83544
2.41896             1.81984             5.01936
4.05562             9.63728             9.40242
-4.66689             3.74859            0.834862
3.84541           -0.899117             7.58112
-1.04146             -2.9235            -6.95146
-14.9847             2.28883             -0.4766
-3.85756            -5.20751             2.62104
0.571188            -4.32251            -9.26707
2.46236             4.45389            -5.39022
-12.8085             -3.8028             1.40505
1.00827           -0.333825             3.19992
-9.38105             2.78359            -7.37179
2.33127            -8.34193             7.36662
-13.4885            -5.45122             9.50381
6.65617             3.45224             6.57392
-4.28235            0.527338            -1.21067
-5.91468            -3.67757            -5.69215
-17.8093             9.51502             4.54716
3.14807            -5.56457             3.86323
-10.2337            -10.3265             1.93141
-0.279243            -2.67662             8.53262
-9.96575            -9.05556            -4.90562
-5.85667            -2.57307             9.42237
-2.68839             1.98363           -0.303797
-3.38767            0.813867            -3.68813
10.542             11.4168             2.98117
-8.10663            -4.65231             2.97321
2.07976             6.86926             -7.6142
5.12744             6.31564             6.91096
6.47924            -2.41756             1.70385
-5.00355            -8.42629             4.27781
3.73029           -0.759676            -6.55419
5.37826            -3.08953             3.98764
2.3005             6.87349            -9.03173
9.87815            0.411144            -8.28907
-10.9253            0.364881            -11.3131
6.05024             6.36303            -8.61537
-2.5293             1.09909             1.67892
12.3203            -7.29462            0.473238
-12.4763             -7.1089            -5.41358
9.43339             2.49659             7.06128
-11.628             11.4399            -4.17714
-17.5662             7.12852            -15.0387
8.20295             9.53198             3.30004
-7.07507             4.84512             2.48573
-11.2437             4.64798            -8.64664
10.3817             9.70199             9.47037
-4.72673            -5.11141            -2.10954
-8.82939             9.34179             -8.5091
-11.0358            0.318313             2.97558
7.14014            -5.97797            -12.4661
-0.777874            -6.43508             5.12059
-10.3288            -9.89608            -6.69167
11.5596            -2.96868            -4.32299
-1.32709             4.60648             -6.8675
-7.68782            -8.85063            -5.66466
1.80863              9.5725            -8.49073
3.85874            -9.19344            -2.79988
-4.75917             2.93773            -2.01152
7.84599            -1.59099             6.13459
3.90709            -4.75575             7.00338
-8.96021             7.17668             2.43563
5.24573            -2.32809            -0.77994
-13.2156             1.86954             1.71274
-12.5494            -7.34186            -7.09345
-4.32502            -4.82549            -4.58602
-2.95416            -7.72874            -8.15585
-12.6721            -4.64389            -9.38723
10.8852             1.10179            -4.68911
3.00096            -1.56541             1.58941
-14.3445             3.58647             6.44484
-4.67555            -4.29186             1.25557
-6.76302            -8.33033             3.96414
4.30187            -1.01745              5.1785
0.773253             -7.1397             9.60411
-1.69753            -1.11754            -5.11194
-1.32361             1.23508            0.378806
6.94382             9.26271             6.66088
8.69858              9.0058             9.32834
-3.34676             -7.9187            -8.24444
1.45089             2.74524            -5.48617
-8.14223            -3.65471            -5.06406
8.48889             1.16772             -2.6618
-11.036             2.11222             2.70211
-21.7584             -6.0289              7.4478
6.03218              11.616            -3.09915
-0.801418           -0.678728            0.825933
-8.93281             7.77032            0.780759
5.98021            -6.33325             10.5271
-11.3397            -8.87585              1.0978
-5.36287             0.68328            -5.64779
-1.81456            -9.45117            -1.89769
-9.21613             7.41846             6.66648
3.75367             3.33724             1.96356
-2.90186            -3.97752            -6.40271
-13.1301             5.90371             2.69523
-18.9967            -6.45798             9.34339
7.17619             7.26943             7.25705
-10.918            -9.41806            -2.33109
8.1781            -3.38887            0.648107
-2.96431            -4.23451             3.03629
-0.696876            -5.09879            -9.26965
0.319571            -1.39556           -0.286951
4.33878              9.0106             2.67996
6.9998             2.39707             11.5094
-9.1357            -0.88805             8.17954
-4.50708             3.05483            -6.49883
2.20966            0.058085             4.04845
-8.53147            -7.54269              8.8428
-3.11016             1.82927             5.57539
-0.82214             -3.2992             6.30317
-0.0272819             4.99291            -5.61394
10.4429             10.2249             4.43001
-11.2224            -4.84395             7.74765
-6.66395            -2.63991             4.33856
-7.90753          -0.0145233            -4.43126
1.5948              6.1091             6.16932
7.65903             9.66562             1.97746
-6.0454            0.499302             8.59158
-14.6821             -1.3597             4.98611
0.353538            -1.98121            -5.57604
-6.79064            -7.36804            -4.99176
-12.3011            -4.54771             1.27047
3.53932             8.65925             10.2889
-4.80636            -5.53636             3.36385
10.3222            -3.13424             1.74169
-6.55758             4.81814             3.50723
6.69031            -2.02067            -5.77961
1.71846             6.84341             8.08408
2.69907            -6.29944             11.3887
7.44405             3.36792             2.82809
10.0154             3.93423            -4.61638
9.01828             3.19825            -4.81088
12.5688             6.73208            -5.29992
-3.91715              8.2122            -7.16558
-4.04189            -4.50462            -6.35089
3.77878             9.78735             3.51493
-8.22944            -7.21869             8.03917
-2.69465             7.36874             4.73623
-2.96682             3.50444             6.44666
5.68848             8.25579            -6.76767
7.09008             3.03273             7.38437
8.65428            -1.64539             6.97646
-5.81714            -2.41193            -10.6077
9.04519              7.2873             1.89522
-10.0966              4.7449             6.53731
-4.56714            -1.73099            -3.95791
-0.153509            -4.47753            -8.77953
1.67429             6.52348             8.10594
-9.57673            -7.83324             10.6621
-3.48024            -2.60912             9.24513
-4.91122             3.42842             6.12309
1.44536            -8.03136             7.20899
-6.44838             6.04798             -5.2098
-6.73331              -6.099             4.82251
-4.54604             4.94301             5.51801
-9.47947             5.09613             5.51804
-23.2872             -1.4598             9.06251
10.0813             2.84805          -0.0907764
-8.16095            -2.62399             1.03159
-12.937             5.54407             -8.4189
-3.45362            -3.21469            -9.68992
-4.40602            -2.73596              6.8775
-9.0013             9.56715           -0.534338
8.34205             11.1523              13.476
5.5342           -0.926163             2.29336
-15.3522           -0.804072            -8.15288
6.738            -3.95302              9.8793
-7.6012             4.83265            -1.92762
-0.097401             1.85699            -2.35672
7.77135            -1.58177            -3.25643
-6.92801              10.067             8.08054
3.37972            -1.70926             5.79199
-11.7828             3.63363             5.15824
6.0284             3.38838             2.50498
-3.51877             9.79687            -2.54961
-15.035             8.06498            -4.92865
-6.35246            -7.67744            -4.47275
-1.43691             4.51817              5.0741
-3.22199             7.78417            -3.20727
4.44514             4.13953            -10.0027
-0.521042             5.70937            -7.48822
8.40132             -4.3343             3.80474
-7.92888            -5.93348             2.15379
-4.20238            -9.07395            -3.66271
-9.13055            -5.40774             2.60703
-7.01821             6.95944             9.51936
-10.5437             3.93234              3.7003
5.09125             1.68665             1.15923
6.50929            -5.55023             1.43894
9.77204              1.2597            -7.83423
-14.4681            -4.40419            -8.84367
9.66019             1.16588            -7.74617
7.68825             7.06776             1.71704
9.75321            -3.69516             6.56172
-4.31397            -8.81612             10.0976
-1.08044            -9.02699             2.40441
1.52365             3.11715              6.2461
8.24636            -2.21463            -2.08052
7.02905            -13.8077            -14.0517
-1.83704             2.90188             2.15874
1.89832            -2.94142             4.38256
2.44626            -12.0214             2.66411
-4.5606            -3.60883            -8.36681
13.015            -8.25248             10.0785
0.534939            -1.98076             3.51686
-1.94845            -5.72249             3.67405
-1.0831              3.3412             5.47172
-7.63157              10.946            0.851814
7.47164            -2.33272              7.3942
-5.10307            -11.6556            -2.33096
-7.32625            -1.32206            -4.81305
9.06478            -3.01448             2.94377
0.1747             2.83979             1.07393
5.78901            -1.42403           -0.608391
2.23511           -0.788086             8.14495
3.17788             9.93431            -9.06738
-2.12123             8.85605            -4.09817
-2.33542             6.23102            -3.40106
8.31506            -9.66909           -0.242006
8.75738            -8.23202             4.65733
9.9433             10.2129            -2.74942
-0.464221            -8.66103             1.15973
9.00378            0.763641            -5.88684
1.16716             1.59545            -10.6076
-8.11784            -6.78068            -4.69259
1.8207             4.55749           0.0648913
-5.97839            -6.18037             3.87922
-0.907219            -7.85859              3.6221
-5.26105            -11.6595             8.51257
-6.67919            -13.7591            -15.4078
3.76975             3.22195            -8.81484
-5.87273             -3.1966              -3.882
-4.18381             6.24349             6.62566
6.4119             6.50176            0.354294
8.01658            -6.97086            -5.36467
-3.53951             1.01595            -3.03632
2.2446             5.36665           -0.145124
-3.15742             4.63738             10.0091
8.50707             11.7104            0.521577
-4.78101             2.07286             -3.9739
-1.99518             1.34123             1.99572
6.74421            -2.65764             6.06306
3.50089             5.47779            -1.59169
-2.63894            -8.78112             10.8662
7.42356            -9.72218             5.59229
2.23878             6.01179             6.32051
-0.809669            -5.10888             7.53758
-6.67626            -1.04657             7.51637
-3.25279           -0.505946            -3.28448
-7.06688            -1.94642            -6.26567
-0.516258             3.20962            0.956058
9.9789             6.67347             8.20088
-5.0717           0.0732994             -9.5565
9.45777            -7.71938             4.23136
6.57626            0.291372            -2.13937
5.65829             10.1735             4.55022
-4.32174               5.739            -8.40502
-7.55543            0.916148             4.09782
-8.55514           -0.745909            -4.43552
6.50556            -10.5895             2.48764
-5.23604            -2.84094            -9.21067
-2.89535            -9.39111            -9.45185
9.82371             9.94437            -27.2625
-7.90492             5.15468            -13.3527
-2.72391            -3.61024            -16.6649
-2.71282             2.41704             -10.961
-5.1538              7.7028            0.532674
2.211             10.6061           -0.757351
5.87851            -1.94585            -0.84083
8.86538             9.03336            -1.70374
-3.2322            -5.37328             5.65297
-5.95854             8.86743              10.211
-0.972003            -1.01897            -6.31614
10.6545            -8.60432            -1.43225
2.80883              2.2593             3.18673
6.12954             -11.076             6.42437
-1.23644              2.3254             6.14054
6.7527              1.1046            -5.42209
7.59809           -0.976533            -6.72612
3.13031             3.29953            -1.30529
-7.76063             4.68014             5.61554
-4.39192             6.70939            -8.73759
2.44481            -2.06434            -2.62929
2.92372             1.13569             -10.158
6.63759            -6.90476            -7.29634
2.26435             2.60153             -7.2393
6.55405             2.68564              7.8876
5.03738             5.88473             10.1931
11.2113            -3.66256             12.1841
-1.89457            -5.49979            -1.53011
-6.22074             6.51416            -2.25167
-1.53648            -9.15243            0.292981
-0.864718             2.08126            -2.78385
4.1103            -8.36077            -3.42091
-1.74282            -5.40211            -2.73793
2.94607             2.77177             7.83568
5.71904            -8.42489             -7.4233
-1.78078             8.47423             2.68016
8.04818             4.43972             8.50478
-7.6022            -2.41241            -1.06907
-6.04645             9.01069             5.81841
-4.03249             7.82391            -1.63196
-4.02792           -0.623179             3.88414
-8.96356             1.71305            -7.55694
7.06973             2.80158              7.8408
-3.58201            -3.50432            -2.99044
-6.58054            -3.25285            -8.21666
8.80122             3.21584            -1.53549
5.38627             4.98444             7.59622
-4.16202             2.14607            0.741832
-2.96993             5.80509            -2.23076
-2.73965            -3.88048            -1.68708
-2.54794            -9.87155             5.56266
0.163042             8.33291             6.26958
10.9107             8.41715             2.42583
-6.59013            0.438858             3.49513
-6.1382              3.4314            -5.76943
9.86392           0.0770243             5.33394
5.80881             7.86282             -7.9177
-8.83165             3.34559             -8.9177
0.753982           -0.485418            -1.45214
3.22363             6.25548             -6.4396
2.5783            0.995208            -2.97641
4.32556             9.45517            -7.97741
2.50563           0.0949037            -6.36089
1.12933            -1.91354               10.11
2.92247            0.834348             2.12529
7.96624            0.586335            -6.17316
-1.0706             1.43114            -3.47792
5.34394             2.99363            -6.86434
-4.04357             8.82962            -7.41669
0.195403            -6.03675             5.44434
8.30233             8.83808            -1.94414
0.55821            -1.62466             -8.4592
1.76244            -6.26552           -0.587022
-3.4262             1.85669            0.480767
2.39037            0.693303            -6.24745
10.5954            -4.45163            -4.45914
13.7814             12.5696            -5.52095
-2.53922           -0.047973            -9.83022
3.39701             7.88829           0.0160832
2.61807             5.81969            0.163348
6.50613           -0.118509            -4.94755
9.11553             14.7334            -13.4446
19.2623            -17.1601            -2.72296
2.23556             -3.7082           -0.350288
11.0602             4.72261             5.03982
-5.37824            -2.08366            -1.53169
-0.760812             4.89885             3.55145
2.70542             6.12037            -7.52003
1.38256             8.79919             2.21121
2.7057             4.12579             4.80605
-6.96643             2.46805             8.21794
9.19689           -0.907957             6.25672
7.34903             -4.1655            -3.30638
-1.50806            -4.69235             1.34126
-3.75871             4.79755             2.36929
-1.34868           0.0703266             3.71273
3.26953              5.4158             -10.457
4.56258            -3.35398            -12.8174
-3.91951             4.63661            -6.31904
0.932339             -5.8362            0.245691
-3.18223            -6.61472            -3.05886
-1.48966             2.93072             11.7197
4.42605             7.05946           -0.601169
5.0067            -5.79474            -9.38205
-5.70934            -6.14509            -7.30307
-6.78807            0.934854             8.46711
2.75875             3.59925            -4.07882
16.7346             11.4818            -8.02278
-3.39419             8.13405             6.23201
-8.82832             4.20057            -5.48183
-6.22818           0.0761324            -2.43101
9.78231            -1.82206            -0.21697
-0.599265             3.17096            -8.52006
10.0501          0.00673931            -8.59049
-3.35243           -0.318147            -5.85536
-5.78758            -7.10359             4.13841
4.74034            -2.60456            -5.50521
-9.9292            -8.65005             10.7143
10.1466             7.83245             2.06808
-1.66556            0.788787             -3.9911
2.99142             5.35877             3.25888
1.47516            -7.70212             1.74335
6.91795            0.129013             5.52201
-7.25841            -1.26407             8.71771
0.488392            -7.61912            -4.89314
-2.41421             10.3976           -0.807892
0.995877            -7.96929            -2.97384
6.61185             4.40307            -3.59077
-6.23071             -2.6536             6.19118
7.54986              5.6122             1.83191
-2.82757            -2.51768             4.65734
-1.66257            -6.94234            -6.08666
-5.77356            -8.86697              0.5032
2.86316            -8.90223            -9.09867
-8.33576             4.35792            -4.95388
-7.61543            -4.13564             -1.8557
9.29392             5.85489             3.82019
9.95207             4.03472             3.47804
2.55534             5.05564             4.48108
6.63267             8.02888             6.79013
11.2896             8.57787             9.25961
-1.96372            -2.41782             2.81432
5.87             3.90734            -5.11671
-7.64928            -3.99432             2.42954
9.74455             -1.5494             3.93611
-7.31096            -7.61752             3.87454
6.90639            -9.89594             10.1652
-6.21158            -7.55216             5.28329
3.29904            -1.16091             1.33257
4.38546            -1.44388             8.89238
-2.99604            -5.87224            -7.80441
-3.78969            -2.32427             7.04261
7.04616             1.13758             5.05849
-5.02575            -4.47744            -5.11408
-2.13717             6.93904             4.35056
2.76639             6.55651           -0.037001
-1.38483            -1.57303            0.394435
5.29122            -9.89368             13.5498
8.02612            -9.01866             2.25036
-1.36504           -0.242841            -5.08932
-4.39642             10.8466             1.24387
-7.79264            -8.84348            -1.10423
-3.17651            0.821154             7.05953
5.72287           -0.296388             9.66171
6.6277             8.25024           -0.153766
9.54851            -2.48759            -7.20426
6.55179             6.83452             7.02398
6.54932            -4.38578            -3.20878
9.70764            -3.81438            -4.79002
9.00026            -7.15175             6.27341
-1.32707            -1.51164             6.51119
-2.50935            -8.13666             6.09774
-4.54972             8.89838             3.13243
-0.718928            -1.36981            -6.88293
-8.33957             -3.5562             1.56205
8.58371             5.71505            -4.58956
10.4847             1.17312            0.535617
-8.48987            -7.06673             14.6007
4.73207             9.36464            -0.11699
11.5798             3.94915            -4.86523
1.47286             8.68753            -7.96851
3.6263             5.48086            -7.19265
5.25897            -3.53074              7.4177
-2.65322             3.77326            -2.52291
-7.32933            -5.66418             7.41752
5.35815             8.17714             4.07398
6.21124             7.07001              1.0599
-4.04249             4.03374            -9.65741
3.59991            -3.85816             2.03388
-7.17136            -1.04588              3.0637
4.46534            0.343618            0.614179
3.73009            -6.38955           -0.709666
-8.74512            -8.10869             -5.4025
-2.58307            -7.64267            -3.75806
7.62177             8.01844             8.55224
-5.32194             6.02607             11.0137
-4.26789            -17.2172            -4.38199
9.23418            -5.65553             1.17426
6.62973            -6.64783            -7.34789
0.65522            -8.42061            -4.35486
-7.01765            -1.67919             1.67077
6.0057             7.26982             5.77993
-1.15986            -1.91222           -0.927088
9.58283            -7.70609            -9.89809
11.032            -17.2684             10.3065
8.56961            -11.1799             8.71919
6.95088            -2.94599             2.83964
-0.449577            -12.0912            -3.10525
-0.0964811            -9.17854             2.27244
5.5278             9.44361            0.941728
3.91046            -4.08193             9.44044
4.21201            -7.11689             7.57945
7.04631            -3.59208           -0.905172
9.87354            -4.20716             9.01769
-1.88036             1.79179             5.55112
-8.21736            -7.56271            -3.64288
1.93179            -1.58394            -9.22651
6.0725             6.52527             6.79552
1.56161             10.1278            -9.60864
3.47656            0.581236            -4.47111
6.26362             13.5946             9.45307
-8.05319             7.66188             12.3352
4.01438            -3.81533            0.127263
9.15216              2.5183             5.88858
0.331818            -1.52299             -7.1994
7.623             2.95675             5.18614
-6.53207             4.79193             4.35854
1.63773             5.24009            -3.08874
8.37431             9.75045            -1.60823
4.48389             9.77637            -5.65638
1.09405             2.27072            -8.42185
2.39832              10.657             7.72612
10.0972             4.09652          -0.0293513
2.25893            -13.8022             16.5945
-0.238106             3.33296             7.68756
-1.99997          -0.0752062             1.48967
1.98839            -3.17767           0.0311632
-7.20304            -2.01395            -5.84707
11.6672             9.68882             12.3156
1.41305             7.11755            -9.16574
7.84437             4.32571            0.695914
-3.75339            -4.66271           -0.486261
-6.85587             6.43618            -3.77798
-0.293053             2.14011            -2.17623
6.99197             1.06403             7.53433
8.35493             0.89371             8.04202
-4.64747             8.55883            -3.93116
-3.6036              -3.088             2.83224
-6.79146            -5.83404            0.402492
3.17013             3.93899            -2.90694
9.33168            0.947627             6.65779
1.51546             9.31266            -4.34777
3.22827             7.78701             5.62873
1.18631              3.8511            -6.16499
-1.75422             4.17369            -3.49193
5.50226              4.1911             -1.3188
-5.12133            -2.17501            -8.44151
-2.59382             7.69878            -2.91031
-5.30413             2.74898             3.45116
-0.000477842             0.57737            -6.54901
-5.42892             5.85587             5.59854
-4.20032             3.93484             10.3952
4.18219              3.1723            -2.12334
1.97274            -2.96094            -5.23374
-0.821066            -2.25356            -3.65879
-8.98558             9.03941            0.611949
0.621735             8.11828            -3.78743
13.6754             6.79864            0.629334
6.53616             3.62938            -4.69112
7.30962            -7.04925             5.76761
-4.19288             -6.6465             2.74433
-4.39238              6.1232            -6.96705
-1.54765             6.71588            -6.09896
6.93986             2.31266             8.46681
-7.63017             -5.3885            -6.63903
-3.32734             8.44345            -3.75188
6.37353             2.36398             4.68558
-5.43143            -3.33536            -8.76145
-3.45771            -6.26266             3.86826
1.15376            -2.20018              3.8577
7.15908             2.89657             10.3971
-4.41271             6.27666            -6.25909
-2.09926              -3.227             3.91118
-3.25481             9.06655             -6.1844
0.759525            -6.84794             3.51735
6.21811            0.207175             -1.7265
8.90072            -7.75979            -9.31369
10.3081             5.95059            0.897479
-5.50325             3.84968            -2.16744
-8.68205            0.687573            -9.88484
7.20185             -2.5687            -4.42097
6.24869             -6.9934             1.13797
-4.75385             -4.7916              6.1355
6.48624             4.95471              4.3277
7.63796            -7.28653             5.84504
4.91451             6.88523            -9.45478
3.51547           -0.296412            -6.94955
5.18592            -2.67219           -0.782341
4.42792             3.87936             2.92078
-5.3106             8.74436            -4.57425
-2.91946             1.64493            -7.78108
-2.96061            -8.83652            0.552052
0.483896            -5.19634             1.90668
-4.7988            -2.13314             9.67734
-5.46419            -8.07771            -1.12477
5.22303            -2.24116          -0.0197647
8.77066             5.75219             6.75163
4.94559             7.15302             3.69952
2.67363             -3.0019             3.03425
7.35144             8.97183             3.94734
1.03534             6.86258             7.46631
4.80849             7.35816             9.96331
7.14778            -4.90314             3.63969
-1.01058             3.49558             1.91738
-0.436856             3.13305             8.57215
-0.505573             4.87399            -6.32299
-5.63054             6.75367              8.9197
-7.50774             5.45284            -5.84981
-2.70625             3.41257             6.83734
-5.05761             -6.0856            -4.16823
3.71092             3.21729            -8.35378
0.946977             6.22911            -7.07727
3.3501            -11.9978              10.962
8.65463            -1.11956             -11.659
-2.36519             2.14019            -1.85276
9.63261             7.40188            -10.0139
-5.43428            -2.65077              8.7976
7.69007             8.75673            -7.89969
1.88111             6.20581             3.14051
-12.5134             6.61777             7.80871
-3.49243             3.17075            -6.56553
1.60218            -5.96759              1.2255
8.73215            -1.11123            -6.16203
-4.33566             1.20595            -1.37032
6.54186             12.3794            -8.30517
-5.63517             3.03326            -8.70764
15.8659             16.1154            -6.29566
-0.660532            -1.80461             11.5414
-7.8599              2.5874            -8.58289
0.652498             4.99946            -3.63993
2.04354             11.2683            -2.06469
-8.05031            -2.05278             1.32625
-7.8577             7.82054             6.64766
6.30464             3.32662            -2.06178
4.16374              8.1909             1.58899
10.6792            -8.02428              2.4275
2.17592             9.03503            -5.20248
-5.03773             4.49072             5.50359
-2.94785             2.46299             1.26823
1.19461            -8.37603              2.3185
-6.20778            -3.71387           -0.550714
-4.99131             3.77812             1.83152
-1.46734             3.73246            -4.48044
-7.76891          -0.0761726            -5.93837
-8.95602            -2.06134              -17.41
0.630436             8.91412              9.0217
3.82173             5.39332             4.79698
14.3899            -6.70399            -8.55505
-3.12244            -6.05845             1.44625
4.71826            -7.51969            0.454583
5.69591            -2.50051             7.41774
-1.17874              3.0257            -3.18419
-1.07727            -1.20011             2.68088
-1.23853             4.72528             3.17563
12.4725             9.07928             11.5423
-0.659527             9.84022             7.22839
5.87507             4.08848             9.88797
-1.94725            -6.42355            0.952234
7.44267            -4.00973            -6.29404
-6.87626            0.110999             -1.3705
7.57401             8.19787           -0.158341
8.72138            -5.68895             3.29117
2.23304             -4.1208            -9.20409
2.28748             1.34283            -1.33196
-7.52701           -0.259638            -4.64708
8.3521            -6.24768             1.88105
-3.27375            -3.48425            -6.31178
-9.99537             6.39919             -7.0291
-0.759383              3.5853             7.72505
-10.8774            -2.16799              10.557
1.07431            -2.31564            -2.44017
-7.80047             2.56999             4.31865
2.88172            0.980236            -3.41617
0.589268            -4.25524            -8.77453
10.7408             8.77648             4.14878
5.93239             5.65515             7.29722
7.93512             4.70634             -2.1905
1.08183            -4.20079            -7.83677
1.18279             7.41572             7.09981
-10.6487             3.11657             11.3769
6.67419             6.45852             1.31223
7.63599             5.75563            -4.88199
-1.89415            0.215428            -6.93758
7.2371            -8.70604            -7.56728
-4.18507            -4.23254             5.13057
-1.45406           -0.482268            -6.25759
6.10234            -6.15487             1.97552
-10.1108            -2.08573             11.1387
-4.62549             8.59171            -7.61006
-5.1152            -1.63799               1.252
4.72267             3.91247             1.41072
-6.13793            -6.52627            0.381631
9.51574             6.22027            0.154592
-7.13497             4.17823             9.76894
7.78139             3.04789             8.32159
-1.48678            -7.02398             12.0677
0.808444             4.79693              9.4833
17.7443             15.4852             4.20997
8.69197             9.24187            -8.25353
-3.67899             4.02773             4.36008
-5.25144             3.14959             3.51141
0.643252           -0.570685            -1.89044
-6.30531             1.71353            -8.37161
-9.65491             4.12655            -5.47071
-3.17352             7.78902            -5.54674
-0.177926             9.27206             6.09816
9.32088            -3.98466             2.10581
9.71209           -0.284363             2.63143
-3.55713            -1.82537            -8.67252
6.08418            -6.71982             1.81248
4.46328            -6.38641             2.25455
6.56824            -8.51858             5.08459
3.80056            -3.75015             4.23802
8.37341            0.350155             9.91241
7.37297            -4.25494             6.59366
-1.90271             -1.5144             2.29988
-2.69236            -9.18773             9.42481
0.486             1.66801             7.80985
4.0567            -4.39949           -0.210194
-0.0487927             3.74324              1.8327
-6.99133            -2.51739            -7.02923
9.98223            -2.49538            -9.65246
-1.50544           -0.461461            -3.03772
11.3595            -7.34968             1.74426
4.70804             5.78514           -0.243614
8.72711            -5.35069             8.94731
-4.8484            -7.79408            -3.99306
7.27842            -7.05361             10.1433
5.01641            -6.15138            -9.07423
10.2338             2.49942             5.66755
-4.86744             1.68816           -0.402201
5.1404             3.64394             2.38758
-2.14757             2.68409             1.72625
-1.35492            -2.74419            -1.25404
-1.11002             2.59383            -7.39469
1.22699             9.55524             8.82276
4.81797            -3.86648             8.37181
2.18913            -4.92287             3.86353
2.83543             8.08951           -0.570158
-1.91589             2.59004            -1.89565
2.67401             7.96581             5.73052
-1.26795            -4.65023           -0.701543
16.541            -10.6224             18.0898
3.4495            -4.89327             4.67567
-8.00592             4.68385             -3.2889
3.62793            -2.17985             -1.2898
4.70518            -5.20975            -8.57596
-2.74887            0.883086              5.3365
-4.85339            -1.95188           -0.541873
4.84699             4.91448            -8.77525
-5.24824            -7.38262            -6.82885
-7.5473             -6.8404            -3.39554
9.58328             1.10144             8.95846
-2.71089             3.49224             9.14277
-2.29007              7.0716            -5.27881
10.7711             0.81196            -4.06783
9.41359             3.52866             9.60694
0.834326            -7.66968             9.68858
7.99339            -5.03819            -2.47801
0.37226           -0.996403            -5.16133
7.1298             5.17912              6.4094
-0.424341            0.462853             5.28802
9.56363            -4.36062            -7.03873
10.6823            -7.97521            -4.89535
-0.994022            -4.61753            -6.96386
-4.07437            -12.9234             9.44019
-7.14855             -6.8509            -5.03534
12.1147           -0.652269            -15.0057
5.44502             9.88257             3.58794
-5.98783            0.614137            -6.02488
-4.57987             6.65575           -0.726052
-8.51927            -9.49175            -12.2101
10.0504            -5.01135             5.85581
-0.289413             4.85976            -11.2178
7.91593            -2.78233            -4.39768
6.09722           -0.201468            -8.01935
-4.48162            -1.15895            0.147084
-2.87962             10.0963             10.5129
3.85489            -7.32147            -3.04365
-1.08766             6.02897            -7.96604
3.05066            -2.60777            -4.60969
-6.49752             1.88072             4.90625
6.37655             9.56313              6.8628
-2.64983            -1.43417             8.73133
-8.26062              9.5457            -5.69004
-2.52594              2.7111            -4.23535
-6.99302            -4.75603            -8.49225
9.88017             0.61735             9.62266
-7.60846             3.02835            -8.17615
1.60149             0.63159             2.17152
-3.55189              5.1777             2.62176
1.30572             7.25635            -10.4779
-1.31608             4.08576            -5.78861
-3.74248             9.70976             6.50481
4.0193              9.2553            -4.01146
7.77926             4.80095             4.77902
5.16043           -0.500516             7.53001
-12.5665            -6.26569             9.85849
0.447707            -7.16617             -2.6742
4.09583           -0.499508           -0.416161
3.9461             9.93502           -0.411342
-1.16799            -5.49508            -8.77743
8.56739             1.17982             2.32415
9.5625             2.47024            -23.1396
-3.2488             3.76321             6.78893
-3.96981            -7.74494             1.71372
6.31425            -4.77015             9.22518
0.746229            -10.1132             6.86313
6.97832            -7.66159             4.32462
3.74659            0.698301            -2.49922
-3.25192            -2.30536             3.47974
-1.90501             -10.759              12.776
-6.00337          -0.0500964             3.08727
12.0342             5.85015           -0.911351
-6.41789            -6.55489            -6.59732
4.5869            0.228155            -6.49445
-6.6765            -4.35945             -5.3761
-9.83958            -7.00898             7.74311
-3.46463             4.52266            -4.22614
1.53367             10.9719              6.9307
0.00880771             7.84865             3.94764
3.78265           -0.285805             1.39027
-0.171106             6.95141             6.20991
12.2029             7.04165            -10.7433
-9.45678            -4.09814             -5.6284
8.10819             -8.9042             5.32612
-2.36785             5.97453            -1.55853
6.33303            -9.36614            -7.07765
-0.505864             1.27966            -0.39005
-5.89825              7.1152             9.44729
-7.29936            -5.60746             7.15317
-6.89791             11.8436             2.57455
-2.47068             6.47612            -1.92536
1.31147            -1.75927            -3.44975
3.85258               3.547            -14.5357
-6.33056             5.20572             7.06512
-0.89916           0.0776086            -5.07019
-6.55814            -5.64773            -24.8744
-2.66724             5.70343             8.05116
-3.61274             6.76575             1.34966
-1.72341             -2.3752             9.53866
9.79244             6.77161             5.96264
10.9863              9.3889           -0.445697
-5.90448             1.46856            0.597823
-4.32426            -9.44148             7.95997
-2.68802             2.77709             -2.2382
-2.94529             5.71238           -0.181186
-7.59059            -4.80878              8.5948
11.2339            -8.64504             12.3222
-6.20795             2.63316             10.1454
3.944           -0.514636              10.181
-3.50413              4.2066            -2.66769
-6.31889           0.0545964            -6.21582
-2.03601            -3.69454            0.923447
8.59867             8.10471              2.8069
-8.71804             9.14427             2.34843
4.78256           -0.612098            -6.36093
2.11799             1.99348            -7.48338
-1.19043             2.70923            -3.02425
3.0198              0.2212            -8.29125
3.17315             -9.0429             8.30359
-0.965861             6.38471             4.22837
6.05541            -1.33978             2.72932
-6.93261             1.36013            -7.58678
-8.51966            -1.75161             2.89466
9.4545            -5.50982             2.70798
4.37219            -2.37419             9.09427
-9.23599             1.87219            -8.00079
-5.34505            -8.10696             1.56693
3.01253            -4.19966            0.162814
7.66205            -5.52281             5.90388
-8.40945            -6.91989             9.85723
-6.05402              5.0853             2.37532
0.615767             5.47526            -4.01665
-0.482262            -2.70384             8.70303
1.43729             2.72072           -0.244029
-7.8961            -7.65484            -1.91288
-5.63219             5.74925             7.04237
9.08273             11.7287              11.754
-6.46102             13.1478              11.305
-2.59178             2.83538            -5.30163
-2.16691            -2.93595            -2.57052
2.901            -2.81165            -8.33698
8.2316            -7.79056             6.14904
-3.51122            -4.70169            -6.64568
1.47755            -7.71586              7.4457
-1.7112             5.12443             3.83139
1.31873            -5.47956            -5.34573
-2.88491             8.08241            -4.91948
-9.95595           -0.232065             10.8491
-1.05042              5.2996            -6.30287
-3.53405             6.70497             -5.0064
5.93185              0.8611            -2.01114
2.37922            -2.88071             8.95469
-4.81207            -5.22246            -8.52453
-5.10547            -4.48843               8.086
-0.907926            -7.94765            -3.83342
9.14063            -2.56642             1.40767
-8.19373           -0.438068            -2.12172
-8.54595             4.60646             5.92112
-1.32926            -1.88301             4.14633
9.89752             8.08389             11.0333
1.50707             3.61473            -4.60324
1.5661             1.03138           -0.409514
6.5986             9.35321             4.78848
7.79985             2.66925             3.40665
1.59202            -3.90312             6.18138
-7.57212             2.71721            -5.33457
10.9972            -7.17259             10.7088
5.61194            -6.44985             -5.6718
0.516344             8.21834             4.86595
-5.61687             8.81448           -0.562561
9.79505             2.23017             8.11525
8.15509            -3.79088            -3.86183
2.63852            -1.77233             8.71411
-4.44441             1.29322             9.36218
0.488577             2.55227            -7.29945
3.01438            -6.32163             5.83235
-0.204482             3.73786             4.18619
7.13297             4.60279             10.5547
2.31568            0.229345           -0.876306
3.19828            -0.83439             1.35866
2.50861            0.613283            -1.88746
-1.48351            -8.58914            -6.74362
-5.88357            -7.32749             4.01295
-8.36106              9.0591            -5.86359
-4.77953             9.21854             9.17598
7.76886            -9.40439            -3.02729
-6.67945              4.5588            0.220565
-1.74375             7.61843             6.82957
-5.87237            -7.04868            -7.13758
2.14197            -6.60605            -10.9578
2.14425             4.65072            -6.14978
9.65631             -6.8449             10.0814
2.51508           -0.737298            -2.34849
5.37961             4.92106            -8.23297
6.80885             12.2605            -6.98911
3.55522            -3.71682             -8.8505
10.0602             3.31023             8.18889
-2.68747            -1.19701             2.38475
-4.02792             3.77206            -6.47472
-6.05079             7.39648             11.9797
-5.13007             -1.9666           -0.790233
0.94879            -5.70944             -2.0801
5.38239             3.19728            0.937579
-8.6263             1.81762             5.73508
3.628             4.41648            -3.97967
2.95115            -1.61283             1.88435
8.30577            -10.4399            -7.17922
-0.829899             2.92453           -0.594871
-2.15825             1.01084            -6.46255
11.1125            -11.0735             3.15391
3.73021            0.293991             7.11359
1.12314            -1.94786            -6.92238
-8.11428             3.63256             5.43432
5.36313             5.45956             9.23988
7.76681             3.51745             3.58028
-4.11181            -5.06274             3.34075
-7.93263            -8.83404            -7.73716
-11.0324             12.4405             5.85557
-6.83827             5.97692             4.77502
-7.72489             1.48878              6.5623
5.4401             5.28492             4.69533
8.96782            -6.98127             1.31018
-7.82431             8.01974            0.327235
7.75207            -1.16338             1.46121
-4.62812            -4.80335             2.11785
10.3331            -4.75606             9.51571
2.11879          -0.0521891            -1.04008
0.218984            -7.98409             6.45848
2.05115            -2.96676             5.78729
2.31651            -4.69571            -6.47339
-4.52068             -6.5145             9.67112
-2.02597            -9.22878            -2.50787
8.29421             2.46252             7.22211
13.8166            -9.21859            -11.6356
3.22212             1.07236             5.57119
9.39365             10.5805            -1.88169
-6.31055           -0.897917             8.65544
9.13307            -5.45106             2.61937
2.25139             8.92669            -7.67239
-2.01376            -8.61576            -4.58667
0.0977135            -7.65145             1.81946
-2.67271            -9.95001            0.279451
-3.79517            -4.70658             3.82368
12.482             4.83614             14.3936
-1.55902             -4.5425            -2.48074
3.83653            -2.93705            -6.41325
4.26103              4.1505          -0.0249479
0.0686562            -6.57727             5.37655
10.1609             1.81296             12.0848
-5.69974            -6.55544            -1.38911
-3.9187             -6.1562             2.19075
-1.51601           -0.943752           -0.145032
-4.06244             8.95324            -15.1048
-3.17249             -8.0197             2.25195
4.02641            -4.13223            -5.60589
-2.83076            -4.78742            -7.54975
10.866             6.53797             1.43584
-6.40406            -2.10522              4.1806
0.530737             10.6193             6.60641
1.03417            -6.72568            -4.91308
2.6441             7.57847             4.46755
-1.36342             6.89161            -4.70836
10.6819            -5.47428             7.56453
-2.59002             1.64724            -4.18312
6.258            -9.18982            -7.23792
2.9986            -9.67945             4.48845
8.32241            -5.71268             3.29724
14.6597             11.7047            -1.94573
4.24056             5.13552            -1.49373
-5.92939             11.7746             4.37072
3.32078             9.43854            -5.99347
-9.27701            -7.88606             2.85211
-0.979444             -4.7631             4.20782
10.488            -2.39903            -2.88135
3.34393            -5.32861             3.59647
3.90943            -0.90267            -6.46811
0.193416            -9.93611             6.98895
-6.98996            -5.39087             2.01724
-2.73492            -4.21905           -0.589553
3.22618            -3.32834             -7.5029
8.3232             9.60619             11.1501
2.19888             -3.1471             8.50372
-4.29071             9.40146            -5.22742
-1.7645             5.45533            0.379465
9.00031             3.76432            -14.9488
-1.45439           -0.194167            -3.59078
0.466771            -2.23656            -2.64634
0.925829            -4.94388            -12.5681
5.52392            -5.17195            -4.91464
0.953689            -5.29866            -5.04878
-4.65073           -0.245319            -4.19545
-6.73758            -4.51786             7.20775
-1.3137             9.59787             7.62365
-1.06317              7.4811            -8.99451
-8.97133             7.82483            -5.95347
8.99241            -4.26202            -11.6034
2.28658             4.41216            -6.85566
2.72224            -5.68091            -5.24011
5.36991            -9.24895             4.86335
4.90813            -4.23111             8.21099
-1.8335             -1.8043            -4.28886
2.81109            -6.48161             5.14552
5.0231             4.24454             5.19995
-2.94139            -4.19089             1.02079
-1.91093            -8.16471            -4.09406
-4.49517            -9.44408             8.78195
-6.64542            -2.09364           0.0574173
-8.70843            -5.07073             9.03828
-7.80826            -2.68712            -1.75371
-4.57359             16.8953             9.27137
6.47178            -8.09291             4.75042
-7.92534            -5.53723             7.63794
-5.52694             1.19487            -6.71547
-7.01965            -1.53007             4.81181
-1.22316             1.63336             6.19569
-0.132793            -4.47323            -7.17163
-4.27424             6.79958            -8.19776
11.0674            -7.21971             8.69335
-7.98052             3.87102            -21.9619
2.38058            -8.52481            -4.77679
-0.815515             3.27358            -5.51823
6.8941            -4.84406             4.11289
9.69774            -2.62038           0.0572182
5.22708            -6.28803            -10.8189
-0.971879           -0.825475            -7.02027
-3.31713             6.39611            -8.63369
1.3107            -6.65094            -1.64911
6.34038            -4.85516             8.94445
0.878766             4.18606             2.46759
6.92561            -2.59561             11.4133
0.529386            -1.19673            -5.70451
1.37215            0.639392            -4.14156
9.46747             -5.9989            -2.90065
0.48029             2.95639             11.2301
1.32631             1.95191             4.16499
-9.04668             2.95198             4.68245
-4.41666            0.326938             1.69513
7.90464             4.59271             1.43265
-0.643759             8.75766            -8.02735
4.50487            -7.53027            -6.67705
6.57794            -2.95402             1.22349
6.2706              -9.811             5.77996
-1.92693             1.49123             8.73323
-0.933966            -5.09962            0.810976
0.862301            -5.08005            -8.78591
3.89988              -3.414            -5.09806
4.64241             7.38805            -7.92752
3.9263            -3.34326             7.52586
2.49455             9.41102             9.52916
0.720715            -2.49887             6.23219
2.51818             5.38304             8.15145
-5.23774             -6.3962             8.74373
2.81111            -2.24048             5.96616
-2.44164             2.54676             9.27571
-5.89242             10.9317               -3.64
5.65164            -1.08443             8.80329
10.4068             6.78055             11.8594
9.36355             11.5562            0.208379
3.37066             9.24327            -6.99406
-7.60581             7.29806             5.07854
6.26656             5.33226            -6.63075
-3.88432             2.73792            -7.05139
0.511574            -3.25241            -7.44251
2.85999             2.08897            -3.32663
4.78405            -5.69056             6.74419
6.0266           -0.981637             4.98085
-0.102237            0.318945            -4.86474
2.10458            -3.26208            -6.18417
-2.34673            0.662681            -3.97273
6.44159           -0.448107             2.19626
3.74812             1.03685            -4.04761
5.99602             4.38401            -6.64394
11.0068             11.1839             2.75288
-5.65944            0.577759             3.66587
-7.44514            0.264449             2.23006
-5.09988              6.3068            -5.39604
-1.36403          -0.0131249            -3.62218
-0.222788             7.21566             10.3648
-2.53358            -2.69634             3.04802
-0.793517            -0.63255            -2.73894
-2.14126             10.3737             -8.5016
-5.62086             8.95025             1.23134
-5.48735            -2.66341            -1.78837
-5.36093              1.6047            -7.43545
1.03244            -5.47922            -3.85666
-7.91794             6.71402            -3.36824
-2.64468            -3.65174             2.30677
-7.51874          -0.0986404            -4.08309
8.51999            -4.02184            -6.14618
-2.49709            -7.96164             6.00354
8.40067             5.60139             3.90481
-6.24758             1.84195            -2.69003
5.51305             4.55123            -4.74664
2.28214            -7.29815             -5.3516
0.590685            -3.14695             10.7499
0.116183            -3.45541             -7.7368
-4.95897             6.46844             5.17925
-5.96024             7.64857            -2.08476
-5.54282            -8.45988           0.0101017
-1.07213            -1.24992            -7.28403
-3.02569            -9.07529            -8.23004
3.95144             8.55022             8.98315
1.53697           0.0743113            0.166608
-2.24596              1.5825            -4.70054
0.0730994              7.9924             2.54921
7.91164             14.3438             11.4763
-0.840056             4.65248             5.07299
-1.8593            0.190684             6.14014
8.73803             2.03231             9.60363
8.14427            0.587805            -3.26254
-0.617027             9.68533            0.854942
-0.452038              2.9541              3.4835
-1.48             1.90613            -8.56669
-9.68591            -2.90442             1.95224
1.1564             5.72927            -1.47982
5.50475            -5.29315            -6.12907
-5.30066            -9.70718            -5.15637
7.30947            -3.50786            -8.71561
-3.06949            -6.45874             8.00376
6.52662            -3.23481             9.62995
-4.45834            -6.42507             -5.7984
-4.12676             9.51003            -2.60376
-0.335111             11.2039             9.97017
4.68908            -1.16615              4.4461
5.87487            -0.21436             8.65092
-5.48185           -0.271316            -6.17678
7.64922             9.55421             7.94073
2.17921            -9.00128            -7.48474
-5.17428            -6.55519             1.19247
-9.4086            -1.59532             8.17839
6.04047             10.3409            -5.25151
1.53673             8.82258            -1.25593
-7.38844            -3.11958             -1.2401
-7.74012            -2.35819            -4.32595
1.81447            -8.83349             9.67749
-6.04125              3.1673             7.92658
5.39247           -0.577217             6.67788
-1.12852              10.632             12.1475
1.7055             4.99874             3.84963
-1.34044            -2.83426            -1.32729
7.65619             3.34318            -6.48946
-1.68209            -8.28039            -5.59865
-7.37539            -7.95136             -1.0805
8.47421             10.7501              2.2416
10.9596             7.35231              3.2734
1.63718            -3.69217            -9.82702
4.05757             10.4201            -9.32333
-6.25289             4.80229            -10.2397
3.57576            -3.34352            -5.05016
-8.95561             7.35264             1.65418
-3.84098             9.62066             6.18823
0.992472             2.55807             5.72638
-1.60962            -2.78879             4.10844
4.38969             3.66964            -7.23263
-1.81582             9.36068            -9.15924
5.21299            -5.64511            -6.88258
0.567994            -2.44138             -1.3702
-1.48587              1.7421             2.74835
-7.7411             4.82657            -4.57691
10.3075            -7.16978             -4.4483
1.90697             1.26471            -7.88992
-7.99954           -0.797147            -8.67832
-7.15827            -3.56206           -0.709411
-3.1946            -5.03439             6.74627
-2.71263          -0.0560262             5.54971
6.45393             7.35305           -0.947814
6.08023            -4.02488             9.25295
5.173             5.21969             -1.6956
-6.65895             8.31482              10.843
9.26595             2.61424            -2.45875
-3.91744           -0.106819            -1.05916
10.3015            -3.03453            -5.15205
-1.07138            0.858167             6.71431
5.05192             6.87184            -8.43499
9.79035            -4.78028            -7.14828
-5.71667            -9.35722            -3.91608
1.65415            -1.75302           -0.570707
2.70279            -7.76104            -9.15559
6.17975             -7.8112             4.72463
-4.26623              1.4224             5.92636
0.387066            -2.33451              3.5591
3.81248            -7.27083             6.84887
2.86501             1.70461             4.78454
-5.83374             1.43759            -4.02825
-1.96628            -3.80768             1.29414
-1.22543             4.62307            -2.52476
-1.16965            -8.03779             1.61822
7.88013             2.11395            -7.07475
-1.0272           0.0148435             2.05058
7.46943             6.02347            -10.4368
-6.89332             2.91595             3.98312
5.99504             3.38904            -6.25946
-5.88295            -5.71114             7.68171
-8.20382             4.25901            -6.14586
-5.31577            -2.56866           -0.920432
10.4979             6.46533            -9.52199
5.72755            -7.97186             7.10025
-2.53188             4.77823            -3.68684
3.82629            -11.0123             10.6775
-4.04068            -4.45585             8.59407
-2.89978             5.07586             4.84999
10.6369            -6.99739            -2.32233
-5.3813            -4.54253            -7.03971
-7.50665             8.23084            -4.78688
-3.57683            -2.11918             7.58494
10.0778            -2.79369              5.0155
4.88048            -6.51004            -6.65056
17.9969            -17.3265             4.73092
7.83217             6.85041            -16.0564
-9.56646             4.46385            -2.48271
-4.04643            -5.02298            -4.96897
4.80374             9.44625            -4.57238
-4.0304            -1.46894             7.52398
-9.02714            -3.51679            -2.80035
0.984241             2.37882             4.54526
9.33124             6.68271             2.27153
6.47069             3.75413             -8.4501
10.125             3.10421            -4.69909
1.94526             6.08699             7.04185
-2.64041            -16.0065             11.9797
2.9026            -26.9137             9.93568
-5.69713             10.8845             9.85375
6.07355            -32.1829            -6.99683
-5.03389            -5.00455            -2.24049
-5.44719            -6.22531             6.95628
-6.43427             2.89289            -10.0669
-8.86982           -0.739007            -6.76742
0.862729            -8.66031             0.68734
-2.77489            -4.72648             2.02965
7.42251             1.51872            -10.8932
1.04373              10.477            -8.74795
-0.0369365            -9.38561            -4.26791
3.01033            -3.58787            -7.44035
-2.52172            -6.49456            -8.17554
0.862351            -8.19225             8.14992
8.59982            -6.28889             4.53749
-6.05474            -3.06824           -0.748847
1.66467              8.7723             -5.4643
9.53429            -9.35225            -7.85247
0.217364             8.17853             6.61838
6.71298            -2.61115           -0.660419
3.23958             8.63742             12.0273
-1.14834            0.866694            -1.13074
2.68947             3.10275             9.15698
-1.40041            -7.30471            -7.68435
-4.87259            -1.05927             10.9227
9.28467           -0.273027             9.37762
-2.07605             6.93762             1.89783
-2.45618            -7.84722              4.3857
4.9965             5.91921           -0.640037
4.07625            -5.32602            -8.81137
-6.6132             2.40109            -3.38235
-2.3287            -2.23207             3.04778
9.14237            -4.48273             2.64707
6.9934             4.77573            -2.70966
6.13557             1.50394            0.189811
-7.75315            -4.75603             4.55601
0.763258            -1.37493            -3.07527
-3.99718              3.7515            -3.39827
6.71962             10.3201            0.674181
10.7346            -3.31235             2.43369
1.52011             1.75502            -6.37648
2.72764            -2.99453            -3.62701
-0.640597            -0.12663            -4.97784
5.22776            -4.43537             2.43959
-0.273018             9.17706            -6.18087
0.715019            -6.23904             2.33563
-6.43912             9.50435             7.49587
-2.74982             5.96152             8.73975
-4.70681            -3.75964           -0.270293
1.44456             5.51211             2.80209
4.37322            -9.57561            -8.61997
-4.25606            -5.29837            -1.11561
-10.0436            -1.15435            -8.49883
-4.53326            -2.38193          0.00236671
-4.41932            -4.80753           -0.722322
-1.6228             1.82926             4.00953
-5.8275             8.60592             8.46215
0.932705             1.28405             4.83717
-8.4033             -2.3793            -5.48319
-1.49569           -0.676164            -8.57687
-5.66068            -7.50133            0.026728
4.13774             1.96219             11.2039
-9.24012             4.19022            -5.06248
10.451             2.44691             3.00126
-3.03996            0.987879            -4.78722
-6.6956           -0.247443             5.84734
4.73768             7.79763            -6.37983
0.52375            -5.73374             2.16316
-7.06804             7.02472            -2.81176
0.283557             4.08494             3.08209
-5.59918           -0.895094              5.7101
8.02992            -7.39795             2.16474
-9.31512            -3.75008            0.214051
-6.34839             8.71988              2.9143
6.51238             9.76055           -0.868342
-2.71774            -8.21119            -3.40612
-6.3943             3.17218            -5.77207
6.87817             7.99816             7.28547
-8.25435             5.60254             4.87827
-4.17625             7.84309             1.83374
4.80865             1.84091             6.27985
-7.36246             7.61194            -6.15585
-9.43974             7.55897              1.8482
-0.30814             5.35705            -16.6976
-5.61579            -5.18326            -4.55942
0.861299            -6.56041            -10.8063
-1.28997            -7.91177            -15.6874
6.14023             1.25844            -3.06234
9.76506            -5.25656            -10.1377
7.15437             3.16485             12.5261
-6.69781             7.81972            -2.60876
-2.74545              8.0557            -4.07105
-0.0970929             -0.9562            -2.73963
-3.31509            -7.94249             -3.9918
7.59108            0.822079             2.77004
4.78519            -5.29601             9.08783
7.39174             5.99197            -3.88594
-1.70182            -7.83422            -5.44829
7.68099             8.54539            -5.99591
5.88945             9.13624             2.27793
-1.77845              10.431             -5.9388
-2.49724            -3.55862            -7.03698
-0.829979             3.15037             3.04584
-3.65506            -6.57252              6.2962
-6.81776             5.03364             7.03342
2.25412             9.35399             9.17906
7.5656            -4.55457             4.72009
1.53325             9.03481            -2.01645
-0.843008             7.79553             11.0382
-7.11423             1.30614             5.87104
0.251479            -6.91374             7.03931
-0.797132            -3.95667            -0.63395
4.36375             -8.3238            -9.58964
-1.70822             -7.0547            -4.72497
10.8893             7.23837            -3.70046
0.924904             4.31768            -9.85283
4.95353             2.70922            -11.8122
-3.34213            -5.82385            -14.0831
-0.485682            -8.43252            -9.29508
-0.303623             0.51173            -6.14401
-7.14489            -1.11015             1.49556
10.4527             8.40015             8.27656
-8.06174            -2.63308             1.62979
-3.75857           -0.179206            -7.64595
-7.05171            -9.88572             6.01781
-7.04758             7.97124             8.75966
-8.4551            -3.55526            -8.66334
-7.43193             6.02941             -7.6643
3.10806            -8.58683            -3.80983
9.82287             2.14069            0.369124
-8.55847            -3.26673            -4.14359
-2.53228             -7.6153           -0.272095
9.25575              2.1183            0.329903
4.77601           -0.381415            -8.42712
9.03111             3.86145             9.94802
6.37617             10.6129             8.17054
2.84141             2.40196             -5.1435
-3.27688           -0.352247            0.347758
-1.44886            -0.72184             2.01067
0.938653             6.87088             2.48695
8.92424            -6.46563                9.83
-3.58566             0.77718             2.40122
11.4236            -2.13986            -5.63345
-3.51556               2.635             8.43143
2.09196            -6.14762            -1.14616
7.24613             3.27497             4.08872
11.3339             4.90086           -0.581536
1.28345            -5.29693           -0.165914
4.9153             5.78257             8.77337
-7.57487             7.72231             -9.8545
-6.07372             6.63614             2.14417
-1.37261            -2.99276            0.678664
9.51             10.2246             -7.4454
3.10783            -4.48275             2.80008
-4.92437             8.29424             5.21711
-0.851949             10.3905            0.722239
-9.68384             10.9502             6.09235
3.09744            -8.46438            -4.88418
10.9475            -6.43817            -10.4455
-8.17434            -5.66916           0.0690082
14.01             9.01328            -6.97906
6.24164            -6.77338             5.12752
-6.63124             -5.1965            -2.22735
3.5179            -5.18686            -1.88656
-2.5746          -0.0920572            -6.10323
0.907777             8.52717            0.673507
9.67826            -2.08743             9.65206
-3.58362             9.00922            -8.38829
-7.63393            -8.48142            0.436812
1.08023             8.38573             -7.4918
1.97076            -9.40928             4.52849
2.29174            0.833047            -4.07859
4.30913            -6.53204            0.372761
-2.1257             -1.6805            -5.28284
-7.97429           -0.135902             8.72277
3.92718            -6.25105             8.73107
2.37833            -0.69067            -5.18233
-7.07983             5.55172            -3.06264
-5.44027            -1.69189           -0.228687
2.43932           -0.367553            -7.10462
6.48659            -2.16551             4.57129
3.55036            -1.11158             1.87594
9.55239            -3.92474             5.65808
8.26574             10.1811             9.03184
1.33095             7.30139             1.75608
10.1877             1.10385             3.10698
6.54764            -6.23725               -1.56
5.72336             9.86328            -4.41621
2.15632            -6.31863            -7.52629
-0.164522            -6.18052            -5.18468
10.9015            -5.55873            -4.86276
5.56933             10.7121            -8.47666
-3.26168            -6.42135            -4.07242
2.16463            -5.15433             -6.4088
-4.38498             1.09826             6.53488
-2.00192             9.66037            -6.44219
-8.94828            -2.36447             9.58437
1.89677             -2.6475             5.95959
0.180775             2.21997            -6.26598
1.34266             9.08472             5.34123
5.09671             6.76762             8.57832
-0.633984             3.26355             7.09275
-4.07505             4.41693            -4.44144
0.0725375            -3.72928            0.935751
9.86036            -1.30636             9.63694
0.1541            -1.96454            -3.72344
4.31932             9.33391             5.23391
5.55849            -6.86022            -8.89064
1.59826            0.735118            -1.15003
2.54151           -0.888735            -7.17593
2.04721            -1.73888            -4.84434
7.9067            -1.54997             5.16018
-2.80769             2.17716             7.20314
-3.40631            -2.40725             5.33896
-4.39564            -5.57299             5.77894
-1.72108            -3.46476             6.69273
2.14429             3.56744             9.18931
-0.956859              2.2256             5.18835
2.39228             5.59977             2.49355
-6.26155            -5.07196            -5.52466
-4.77958             5.78368             5.04148
-1.93707             4.61334             6.39321
-5.87068            -7.52249            -1.50824
8.89894            -6.51059            -2.23698
-1.36935            -2.25082             -2.9392
-7.51206            -4.21654            -1.97079
6.74308            0.560467             5.69193
10.0986            -6.47526             12.2869
-4.51857             1.61334            -7.04036
10.7664             -11.724             -1.0926
-0.147418                2.82            -2.34742
-7.18597            -3.17686            0.672685
-1.6951              2.0684             5.53912
4.1272             4.03564            -1.35812
-4.7189              -7.687             7.74518
-3.68291           -0.233669            -7.41997
-1.66138            -1.66878            -1.59765
-0.0181691            -7.57816             2.51001
-5.13447             3.79867             6.42154
7.11446            -2.80511             7.96187
2.78501             -4.3529            -6.95369
-3.99826            0.194046             4.12174
-4.35212             3.43107             1.74502
4.94602              2.4378             7.48476
6.14143            -7.65269             4.26733
-7.3318             9.12004            -2.00517
9.24749            -8.06995             4.66743
6.74995             -13.301             13.2533
7.55597            0.668351              6.4751
-5.0463             1.58063            -7.81035
5.70578            -11.2436              6.0638
-7.92004            -3.69826             1.13467
-6.25387             6.93319             2.90427
-9.30506             -9.8719             1.93905
2.9929             6.75892             7.93537
3.99722              4.7567            -6.60427
9.7931             2.16211             6.07186
-5.10516            -5.25171              3.7365
12.3971            -10.7745             4.30212
-5.46761            -8.24608             9.09436
5.28529            -9.64231             9.04533
-3.95442            -23.7465             1.42785
13.1206            -18.5491             9.52981
-2.44271            -12.8632             5.99363
-5.52368            -3.42081           -0.853399
8.73498            -21.4231            -4.36687
-4.48482            -12.3359             8.52778
-5.72156            -6.82078             7.32221
17.169            -8.24207            -15.8498
-4.86646             4.29174            -5.28137
2.99719               -8.61             4.05056
8.45023            0.877688             6.83345
-9.53942             10.2406          0.00407844
-0.217149             7.10371            -2.33781
1.87865             8.05052            -6.37474
-9.5056             10.2223            -6.69705
-5.97329            -5.25917             3.83494
-1.8824             -4.4453            -2.97886
0.480528             8.97585             11.4048
-0.678228            -3.62913             4.58557
0.333238            -6.61657             6.22259
-1.98866             6.62661            -2.69242
0.781638              9.0072             11.2951
-5.06003            0.346063             10.1322
-4.7958            -7.31768             2.61305
-1.85224            -6.67811            -1.43208
-1.36238             6.44059             -2.3578
3.32895           -0.291426             2.16294
7.29149             4.37736             4.22879
4.11652            -10.6208             1.97656
2.13896             7.24003            -5.59923
4.40406             2.57897            -6.93771
8.92057            -3.89055           0.0548769
-4.88841            -2.36061             2.02767
5.26346            -5.29458            -6.20293
-3.97651            0.459489            -6.01779
4.89161             11.5456             -10.042
-2.80315             4.25518             6.03786
9.90291             3.71307            -1.34942
-6.03372            -7.72467            -3.35327
8.72517            -11.3133            0.753739
-7.03858            -7.54604            -2.17748
8.32071             6.98895            -6.96443
-7.24693           -0.859181            -7.16652
-2.41258            -9.98534             8.48999
3.22414             4.90439           -0.290108
1.75489            -8.40624             1.40367
8.68697             12.1113             11.5954
-1.72136            -1.29699             11.2755
7.31521            -5.47512             4.55409
-4.06802             4.12669             9.67236
-1.66457             7.78517             6.26948
-8.46871            -6.15109             1.35203
9.68984            -7.13597             1.15354
4.33294            -3.61039             8.81491
-3.18157             7.59248            -1.27033
-1.77            -3.37096              1.7559
5.72633              5.2102            -5.20015
-0.627718             6.47994             10.8121
4.36891             3.02054            0.570538
-4.27819             3.43975            0.710914
-0.27741             5.18562             2.54416
2.15102            -4.24295             7.19808
-4.21374             8.88153            -1.49191
-2.8759            -4.37836            -9.04621
6.56808            -7.35133           -0.852018
-4.59006             -2.1646             5.60894
0.97257            -4.50109             5.27766
-4.14515              9.7478           -0.655934
8.48455             8.64067             4.89466
7.56631             4.35067             2.64363
-2.28811            -4.98301              7.9987
-1.38213             -7.4257            0.565699
-8.45539              -1.011            -3.88193
13.2106             2.19973            -9.98048
0.117482            0.778087             3.98013
-4.38652            -3.57337            -7.93344
6.37728             9.30936             5.80275
-3.08752            -6.01519             8.33753
-8.37228             4.04245            -3.58139
-6.45008           -0.793955             4.03487
6.40354             3.16103             2.81092
12.5527             8.43482           -0.995252
-4.22229             2.51138             1.86325
-6.55942            -1.27031             10.8884
5.21033             5.03089            -2.11286
-3.94317            -7.95244             1.73368
4.70805           0.0818145             6.26834
7.99392             9.84002            -7.74194
-6.76906           -0.870351            -7.49625
0.0261987           -0.555113             -3.7457
3.37977             7.95878             7.39307
-9.03766             7.51569            0.535497
0.639532             8.19928            -1.45919
6.6624             5.83857           0.0833601
9.19013             8.97496             2.40895
1.40032             6.94959             7.09366
-7.0372            0.999859             9.26936
-6.21793            -7.90483            -5.63362
-0.149056             7.49022             8.34436
6.19818             13.8662            0.894966
10.6558            -8.39323             4.12093
6.01436            -8.99071             1.88065
3.53827            -5.94551             7.25066
-6.29917             3.00585             1.86469
-3.26112             4.40198            -5.19115
11.4585            -9.83932            -2.92687
6.31965             5.08562             2.99646
5.30178            -6.08816             4.90151
6.64868             2.23537            0.226721
6.65803             -5.5734             2.70606
4.52966             -7.2389            -6.44851
-2.00895             4.15639              7.7907
-1.62281            -2.05224            -2.31834
0.155651             6.54419            -8.68496
-4.77692             8.51022             5.98003
-1.26035             8.52278             4.54766
6.17925             3.58882             7.47233
11.2913            -5.86049           -0.913202
-8.12976            -5.88414             1.88294
0.850617             4.65021             2.26282
3.63259             6.47835             4.74253
4.49602             7.77636             5.47597
-6.66596             8.29565             7.05083
-8.83701            -5.02228            -3.53852
-3.05305            -4.33724             -5.5633
3.65099             2.30901             6.49175
3.3503            -5.29934            -8.21977
8.76869            -10.8629             3.04361
-4.39054            0.682603            0.503034
-4.16626            -2.41366            -5.51472
-4.07006            -7.65073             6.15161
-10.049            0.912513             8.58304
3.07397             6.07551             6.87727
-1.0115            -8.73107             3.62494
0.901749             5.41237             4.15407
5.76172            -1.92419            -9.24118
8.73507             6.74862            -3.02255
7.61771             8.79848            -5.98781
0.732298             5.99376             8.18456
-1.74161            -9.19267             8.60892
1.46228             -4.6059             -4.6408
8.06804            -7.68457            0.652581
2.63048             1.49363             6.04422
11.1678           -0.321685            -11.3593
14.8597            0.951393             12.2427
-5.02432             6.98977             1.56725
-8.73861             2.26427            -8.25026
-2.90379             10.9228           -0.740669
7.04973            -2.64583             7.09608
2.12255             7.54915            -2.68369
-3.6818             7.41732             -1.4283
-6.19239            -3.98072            -1.41366
-1.69632              1.7983             6.76977
9.05052             1.07897            -7.09662
-5.38326             4.84535             4.43955
0.409416            -6.22072             6.63058
1.84904             1.32178           -0.117011
-2.95938             1.94076             8.88924
10.0538             12.6056            0.796122
-2.47331            -1.98225             11.6321
-0.651327            -8.29544          -0.0403913
-6.56214              5.3617             9.89934
-7.52566             3.10938             6.91805
-3.21919            -0.69503             2.71686
4.79699            -2.92089             5.20717
0.370937            -5.92527             5.63781
-0.0157392              3.6621             9.36614
12.5505            -9.06191             12.1523
-0.986391            -10.2247             9.90726
-1.54446            -2.65885            -5.54895
5.91249             4.25014             1.45371
6.5442            -3.21334             3.84508
-5.02371            -1.12324             5.74839
-5.68834            -5.40455             3.86334
8.8921             1.03693             10.4922
-2.01152            -7.49669            -6.98038
1.91271             4.27627             10.6472
-6.43758           -0.039319             1.34489
-5.41766            0.346001             5.98431
-5.47543            -2.76151            -2.86021
7.2709            -5.13561             1.33203
10.0471            -7.53851             7.42961
0.835882            -1.69075            0.133744
-7.17665              7.2038              -7.282
6.58529            -0.55741            -2.93435
4.31715            -1.56884             -8.3488
2.51468            -3.57544            -4.77955
12.7798            -2.08728            -8.90604
-5.20763            -7.82283            -8.54044
-4.975            -8.73413            -2.19191
5.88826             1.60133             2.15096
7.1346            -7.25427             2.50931
7.12904              9.7715             3.69519
-8.39816            -9.16553             -5.3168
-0.917584            -5.57586             1.45418
-1.6774            0.108755            -7.23266
7.92893             7.68622             10.1737
-3.97272            -9.39111            -1.90123
-0.477233            -6.99416           -0.799115
2.8067            -1.35785            -2.33957
2.51547            -8.63466           -0.728582
6.6903            -6.73832            0.490579
1.98638              3.3528            -7.27182
2.81798              6.2061             8.29823
6.68901            -2.09443             5.19355
-5.73904            0.941059            -5.13169
3.76691              7.7517             4.47601
-3.7231            -6.90703             1.32939
2.04893             7.89849            -1.50001
-7.88947             5.05519             7.87424
-7.12062             1.63825             5.53769
6.91398             2.50604             8.55727
-9.5388             5.45349             1.95078
-1.96904             10.5552             2.15752
-6.94547            -5.58894             2.18203
6.76323             -7.1393             -5.1822
0.992075             3.28862            -6.10604
2.24908            -5.07156            -2.03907
6.60271             3.42181            -7.80554
8.15583             3.97041            -8.07633
-7.37924             9.55587             7.16081
6.51534             3.12836             4.01533
6.72884            -4.23214             1.23489
-1.05861            -4.64439            -6.93725
-1.04289             1.46344                4.93
10.4637             8.78241             0.38629
0.396111            -1.92084            0.425247
2.8275            -2.02801             9.01711
1.05833            -3.33685            -4.00657
10.0938             2.08242              8.8182
8.71033             0.24939             8.97983
-2.46593            -7.57338             9.68359
8.72129            -1.73211             3.46287
11.5171             9.28858             12.5423
-2.85552            -1.97879              8.8087
10.0873            -3.81631             9.04648
4.81359             7.94964            -2.20055
-1.74495            -2.61102              4.8699
-8.69058             2.64751            -6.38205
4.01716            -16.3698            -4.31994
9.13053            -6.47191             12.4543
-1.53979            -11.3725             2.45125
4.49987            -6.05869            -1.91348
-2.53536           -0.523944            -2.28188
-4.18881            -9.68796            -1.28749
-8.99337             7.30018             9.08559
-5.4545            -2.86516            -6.08461
-8.24754              4.2471          -0.0893916
3.50854            -3.86753             -4.5018
0.153524            -2.85656            -2.65556
-1.43781            0.147071            -8.34024
0.510355             -7.3422            -7.55075
4.76329             11.1786             10.7844
6.6135             6.15159            -5.37947
-1.58848            -7.59184            -7.64314
-4.54502            -10.4452            -2.91168
1.25981            -1.84625             5.93101
-7.92829             4.30998              1.1231
1.45388            -10.6039            -2.86985
-0.295047            -7.90236             2.15883
0.918043             3.29257             -1.3922
-14.0633            -21.4041             10.4146
4.17869            -20.0652           -0.422182
-1.64315             10.0847            -9.54037
-2.01032             7.52893             -5.2576
7.1971             12.5829              8.9106
-7.36105            -3.52562            -4.07897
-2.30742            -5.22195           0.0676055
5.519            -2.00034             2.77386
-8.07157           -0.669338             5.09022
5.96051            -7.76455            -2.92433
-3.50087            -5.45767             1.56968
-0.296649            -6.79161             2.93001
6.72911              7.3624             4.44313
-3.58498             8.20189              3.8009
-2.8788           -0.941763             6.86532
7.99534            -1.48422             6.29752
3.91771             2.68955            -5.44508
2.04165            0.612698            -5.91121
-5.01245            -6.25605             2.70366
-4.67846            -8.04593            -3.96914
1.28967              5.0588             -1.6601
-2.9053             7.68387            -2.75798
8.35451            -7.26589            -3.27463
3.10467              7.7262             5.20685
-4.56086            -5.42093             10.1173
1.14604            -5.19132           -0.363063
8.89338            -2.97096            -9.09562
5.04017             0.44224          -0.0221666
-8.80236             5.49099            -2.32978
-6.20774             5.90078            -3.93518
-7.98509            -8.92503             4.67901
1.59628             8.39254             7.79162
2.33957            0.193862             5.41476
-5.77279            -6.61457            0.945684
-6.39585             1.09351             6.13095
-4.23213             8.65129              2.7426
5.17149              3.7062            -6.88983
8.17262            -4.39011            -1.72484
-1.6983             4.47141             5.68322
-5.63534            -1.65986             8.47458
-1.60059             1.49335             3.56442
10.2389            -2.30206             -5.9087
-3.16516             1.14129            -6.52602
-6.93818            -6.40505             2.43734
0.499165            -7.78678            -4.71526
-4.60996            -7.95739             7.24668
-5.18757            -5.86227            -7.29441
-5.05205             5.03665            -1.79059
-8.19683             4.19166            -7.43028
-5.6221            -3.58504              2.3794
-5.96569            -4.39971            -1.83343
-0.89202             11.0412             8.30477
3.30883             7.62198             3.68706
-3.32805           -0.196149            -3.16806
5.31406             9.62402            -2.45321
-5.52491            -10.3891             7.12722
-7.61651            -1.32032             8.04584
0.621292             5.51403             2.95835
4.25111             3.09348            -2.43225
-6.34103             6.04396               1.794
-0.478681            -5.33871            -9.29239
-7.89986             3.65495            -1.02392
-5.09513             7.76782            -6.12389
-6.65166            -1.91653            -8.20549
-7.92983             7.82734             5.00378
-2.89655           -0.928539            0.296035
5.99816            -2.44602            -4.23145
1.05148             6.29658            -8.66825
7.00132             2.95989            -3.87749
4.80356             5.75202             8.55372
2.50089             6.41038            -4.38457
5.55081            -3.93064            -3.48274
7.84713            -3.63383            0.238661
6.37539             13.3395              13.583
-4.75942             8.00924             3.23592
6.65148             -1.7599             1.70533
4.86349             7.51929             5.19014
-7.18674             5.29373            -5.74766
5.65973           -0.412732            -7.27898
0.397752             6.94734            -8.55954
-9.4087             3.23229             8.04034
-7.33548            -4.75367            -3.46677
6.96563             -8.8305            0.510282
-2.20643             3.43017            -3.47626
-8.54101             7.56102             10.1284
5.56515            0.889244             -1.4407
3.77538              5.3033             1.19905
-3.09889             1.61595             -7.4198
4.59869          0.00618999           -0.469902
11.9071             6.75097             6.36679
-5.29632              -3.978            -9.13207
-0.29603             1.33144            -1.24431
5.28455              8.6827            -2.75222
7.58351            -2.84393              6.3966
5.84619            -4.94947             7.25925
-5.74511            -6.44592             4.49145
6.61175             9.59178             9.39574
-1.2029             6.44574             3.52123
4.74024             -4.6689            0.355538
2.10797             8.05186          -0.0953615
-0.901861             6.94926             6.77977
4.95805            -1.01291             8.91769
4.39683            -4.74428             -3.4407
0.0279618             7.11239            -9.55754
3.60715            -3.58486            0.834408
4.36506             9.68531             3.74533
-7.86162             3.53082            -7.97953
-6.69092            -3.42244             5.85414
-0.183339            -2.56809             6.54705
3.80983             6.23977             3.22211
4.19604              6.1476             7.34864
-1.13306              3.1569             9.22002
0.87618            -4.79802            -7.06932
7.69667             3.64634              5.8126
3.50897             4.02132            -2.83178
-2.80712             9.25327             2.01478
7.00497            -2.99225            -3.43632
5.07215             4.54336             4.62939
-1.1552            -3.28076             5.08371
4.30385            -6.61722            -4.01316
7.12596            -6.80763            -5.50701
1.10424             5.08396             0.62197
0.272044            -6.83041            -0.97317
0.128783             -3.7528              -7.348
-3.81646           -0.563953            -4.65612
-4.15713            -4.20366            -3.02056
-0.165093             8.22285             1.96838
-3.36014              8.5509            -4.82285
-4.12913            -5.00774             4.60221
2.38021            -8.55646             1.92054
-4.759             1.29011            -8.16242
-5.262           -0.207127             6.55608
7.84956            -6.45169             8.25681
6.71554            -5.18654            -1.88212
2.87042            -9.43713            -3.29958
-5.72336            -5.73189            -6.73277
-4.92313            -7.51549              5.1222
9.353             10.8718            -6.16886
-1.03902            -4.02011               7.276
2.39261             1.87361             7.49487
8.72052           -0.911625            -3.27313
0.00942349            -3.21788             3.83757
-1.07023             10.4341            -2.98757
4.9978            -6.86963             6.87118
3.96589            -6.26211             5.93473
8.23155             3.68285             9.24546
3.77972              4.6048            -5.41116
-6.78234            0.822169             7.37623
-1.31987             4.69087             1.69264
1.24918             -4.7003            -1.11239
-3.03125            -6.66171             9.58533
-3.64731             5.09757             5.22485
7.63138              1.1828            -5.04551
-4.79672             2.40979            -7.54129
-11.1279             12.1459            -4.34394
-7.89603             1.04705           -0.497045
2.35798             7.56234            -4.14431
8.69325            0.871453            0.270468
4.68621             7.99462            -1.64831
-6.38775             9.57648             10.6748
-9.44292             9.27088              11.018
0.759127             3.49775             -4.9886
6.12008            -5.65337            -5.02431
-2.44017            -2.67099             1.82048
-0.724074             2.50679             0.14184
-1.53134              3.0919            -3.97894
8.02141            -4.20931            -6.20355
-2.90131             3.30756             2.85867
-7.39167             4.84597             4.52306
3.64447             4.11916            -10.5363
-8.08619            -6.90651             0.71944
2.97708             2.03484             10.4554
-4.56549            -6.05809            -1.35398
-3.32576            -3.96735            -6.61337
7.42939            -3.78138             2.46307
-3.77325            -8.04803            -1.95058
2.72749            -2.73902              5.1959
6.47069            -5.81125              8.0673
-0.217104             8.78224            -2.30547
-4.92685            -5.99571               1.128
-0.214153            -1.38373            -6.33238
-1.15174             4.93013             4.44617
-3.06555            -6.23002            -8.51901
-5.94155             8.43602            -7.56485
6.38242             1.85679             6.79916
5.09966             2.72482            -6.10595
4.32693             3.33934            -3.33048
0.0618904             8.66536            0.467974
7.94104             5.37222            -1.41032
-6.85915            -4.87964             4.00521
0.911994            -7.06786             7.05162
9.04061             4.44537            -3.62059
-0.889491             5.88008            -3.83391
-2.66655             1.32086             -3.5918
-0.626672             2.29603            -6.14293
4.59976            -5.49206             7.94868
-8.73919            -8.73786             1.81978
-4.75024            -5.50952            -1.82748
1.29256             -4.0364             1.55758
2.85233            -7.54573           -0.044245
-3.35116              6.2851            -6.96918
-4.20619             1.20725             9.53462
2.5747             -5.6721             3.44979
0.0796789            -7.62939           -0.614028
0.216385            -5.41789            -1.83572
-6.89743             7.83058            -6.04092
1.12183             9.27972             3.74639
5.55002             4.42953           -0.837629
-2.50047             1.73337            -2.01118
7.52827             1.04285            -2.41703
6.74151             10.0428             -2.9856
-0.433063            -6.72689             4.92497
-0.878627            -2.93453             1.51305
-2.30876            -1.45808             4.96167
1.22594           -0.847822             3.15436
-2.27958             1.61508            -1.49919
-5.7856             8.15116             4.49566
-3.66245             -4.9386             2.04942
-1.91212            -5.29399             4.25907
-4.1028             2.55277            -3.11947
-8.67715            0.612852            -3.17234
-5.33863             3.85978            -3.48822
-9.0899             6.68801             5.58757
0.125147            -2.82855            -3.66426
-3.89631             2.70856            -6.66034
7.52344             5.11945              4.9997
5.90907            -5.06214             6.24396
0.861176             6.36474             5.25895
8.57902            -7.44318          -0.0868671
1.23911             6.86555            -3.59525
2.16638            -7.23849              10.701
2.1847            -5.34337              9.1638
-2.83814             4.39107            -2.80653
