-4.88941           -0.538988            -8.05325
-3.95367            0.429397            -4.94982
5.10727             -1.7954            0.301829
-3.90698            -6.20137            -3.54045
-3.20813            -1.09839              5.9032
-3.59538            -6.59566            -7.17307
-8.28549            -6.68264           -0.483412
4.51918            -3.84442             3.32713
-2.24497            -9.16901             5.03525
-9.50957            -8.90591           -0.145572
9.48058             3.28501             8.52992
-1.56468             4.91684            -6.19403
-7.2448             7.80114             4.94492
-2.26478            -3.47819              7.0336
-9.63961             2.42958            -5.96087
3.48552           0.0872833             -7.1633
7.0632             3.66344            0.913421
5.15519             8.02606            -6.91702
-9.85627           -0.830713             7.64824
5.62395             8.45821             8.53237
0.993073            -5.31969              -2.931
-6.17267            -9.68077           0.0781283
-9.25994             6.17298           -0.317086
-3.46202            -1.60651            -6.50075
2.63955           -0.348227            -8.07947
-9.61485            -3.92407             9.94812
2.92459            -2.13477             1.22929
5.32823            -9.21051             3.04697
8.03308             9.75341            -1.05716
3.2545            -6.82607             5.14939
-9.48639             4.28968             4.22528
-3.01736            0.939054             9.00051
0.170599            -3.09335             2.53913
-2.01758            -7.76482           0.0802661
-3.15106             2.82571            -5.31815
-3.75591             4.30647            -9.23826
-7.16911             2.77291           0.0521884
4.09864             4.82895            -7.46269
-9.79007            -3.01706             5.02854
-1.95562            -3.16324            -5.95233
6.21632            0.931121             1.06174
0.455949          -0.0784308            -1.30741
1.79846              9.3881             9.64171
-4.18653            -6.52547             -0.9183
0.517289            -7.36503             2.95023
3.6256            -6.85842             3.72387
1.41911            -4.50606            -8.57845
5.81103            -2.41981            -2.70577
-1.40906              1.9245             9.57824
6.7864             6.34938             4.01532
7.20176            -8.34101          -0.0698854
-2.71797            -6.43941             9.76806
-2.84281             9.82177             9.11527
9.01792            -5.54613             3.49712
-3.30061            -9.12748            -2.31788
6.58803            -9.68841            -5.34776
-0.416289            -3.28196             2.82785
7.6867            -3.84808             4.47493
6.28987            -1.66906            -2.32978
7.13462            -5.81408             5.13871
-2.14364            -7.98547            -9.51323
3.89905            0.449845            -6.82058
9.18546             4.02448            -9.62066
9.75372              -1.807             3.63414
3.15104            -7.72698            -5.26019
1.95929             9.72167            0.583822
7.36137            -8.50246            -6.96219
-2.02246             2.25593            0.109563
1.48686            -5.73931            -3.23679
-8.76552             6.76351             -8.0752
-6.0491             7.91986            -5.37339
-7.48161             1.74993            0.168464
7.23167             6.11286             3.17942
-4.08765            0.325329            -3.85967
-4.10567            -3.04422             5.53453
0.139778            -5.11124            -3.79192
-2.09603             3.74951            -5.27878
-7.66258             5.27665            -6.10034
3.73913            -2.16895             2.81503
-8.14203             0.14771            -5.83209
-1.6947              -6.292            -8.14661
4.03882            -1.81219            -7.68181
-0.878048             8.75332             8.10328
-0.0302101              2.6133              9.8822
7.68548            -6.45894             5.55406
1.1179            -3.58806           -0.562455
-5.87423            -8.06543             1.62114
2.04474             8.06208             1.46306
1.95471             8.23237             1.62511
-3.32011            -1.96631             1.78259
9.2227             8.77071             1.92114
-9.89318           -0.282906             1.46703
0.0469988            -5.32731            -9.17539
5.31938            -8.56471             4.57167
-1.99166           -0.393687             7.23959
-3.43241             1.00833             5.78721
6.0152            -5.38438            0.881064
7.28172             -3.2899            -2.99114
5.64501            -2.60201             1.40294
-7.6989           -0.574968             2.08045
-5.88643            -8.32484            -7.97357
7.54418           0.0527988            -3.54869
0.946991            -7.23777             1.47618
8.72097            -4.23139            -9.59624
-1.92909             2.29835            -6.13117
-3.67321              7.3397             2.22389
0.636923              9.0466            -9.33164
-7.55729            -3.77789             3.00577
-4.9077             5.67339            -3.27494
-7.8399             5.84063             -0.3415
5.56169             6.03137            -4.33332
0.992465             9.22544            -6.17847
6.51173             8.49178             -8.9404
7.44743           -0.311592             7.72851
-8.94958            -5.37522             9.32249
-2.33375           -0.161137            -6.83126
-9.15099             1.83996            -9.92126
-6.95333            -7.86645             6.59475
-8.5211            -5.86566             7.09189
0.738246            -1.51036              7.9989
5.29893             8.56594             1.87079
1.81524            -9.87792            -4.57411
-1.11487            -2.76223             9.53276
2.51778            -3.37596             7.25486
-3.57678             3.77819            -1.54484
0.510272            -9.68261            0.363477
-9.52423             6.04267               -6.65
-2.84951             9.65422             9.62675
-3.7605            -8.57356             9.38108
-5.55071            -3.27219            0.395522
-6.22307             7.96442             7.62292
1.33824            -5.10056             -5.1384
7.90368            -5.41948              7.0925
-9.44639             5.16343             9.98474
-3.68086            0.880459             1.10843
-9.86083            -5.54582             6.91824
-9.75953            -8.63674             9.97376
6.54409            -6.62648             7.38396
5.94165            -1.24943             6.96768
-6.1333            0.940276           -0.813317
-9.69239             8.41701            -8.59706
6.68417            -8.46888            -4.18958
1.16154            -0.76815             6.60634
1.44109             5.91998             2.44362
7.26341            -1.81249             -9.5938
-1.60893            -5.55559            0.529498
9.79217           -0.577714             4.11664
5.96393             7.57714            -2.63497
-8.68252            -9.13693           -0.202336
-0.0656124            -5.25376              8.4753
-8.09415             9.46928            -5.40666
0.136726             5.12894             -7.1688
1.30589             -9.2114            -6.27705
2.53548            -6.99423            -2.11402
-1.67183             -2.0307             7.50542
-5.48478             -1.1652             1.78625
-2.37893             1.90008            -8.43684
-1.5305            -5.12924            -7.71904
-8.71366            -7.67723             5.23238
-3.36436            -9.16746             8.38312
4.19752             1.36357             6.04968
-8.39503             2.28279             2.45247
-7.62783            -6.49068            -7.41661
-5.05875             6.98264            -3.33323
2.88797             8.47621            -3.73546
-2.54555             5.37401             5.04624
8.75973            -2.82052            -9.85351
1.65075            0.945159             3.88043
2.98563            -5.83758           0.0750773
-4.09467             1.50334             6.88589
4.87991             2.57057             7.19047
-7.12576           -0.327158             3.53069
5.00168             3.82336            -3.21482
-5.78539            -5.89404             6.94876
-0.126384             5.11734             0.92105
3.12754            -6.81082             2.38899
8.16645            -1.10538             3.05338
5.18357             9.06491             9.02249
-2.09512             5.79424            -5.68621
8.81894             8.66634             3.37443
5.53514            -8.08252             4.69588
-3.061             5.43535              4.6495
6.75924            -9.87915             1.05533
4.27137            -4.32508           -0.249945
3.64544             6.66097            -2.86904
8.90561            0.539264           -0.230413
-0.909788            -4.02478           -0.992765
-0.832236            -5.03464             8.40877
-3.91218            -4.81765            -1.97668
-9.50071            -9.04355             1.72308
-1.80367            -6.06616            -8.17958
6.8981            -1.28391            -4.34828
7.94885             -9.3878             1.49021
-1.50487           -0.749229            -5.38105
-8.70452             9.14609            -5.39018
-2.53822             -2.6838             4.77859
4.00128            -5.51012             1.35716
-3.97839            -6.77572            -7.96014
-6.00546             1.09226             -1.1069
-1.40293             5.99323             1.29093
6.68355             -6.1745            -7.11722
1.78106            -3.10129            -4.83901
2.6252             4.99008            -1.55919
3.35368            0.978424             1.53569
7.20115            0.298778             9.41191
-5.79485            -3.66008             9.48515
-7.35621            -1.87902            -6.37715
6.25447            -8.79055            -2.83822
6.24958              2.7839             7.57897
-0.892664            0.173041            -2.70607
4.85977             1.51952          -0.0439449
-0.358589             2.54799             9.19431
-6.77726             4.97391            -2.01269
7.60613            0.908233             5.12498
1.99378             2.16163             6.34083
-3.73485            -4.81918             7.58263
8.7991            -8.96908             4.98428
-8.41365             -5.5504             -1.3129
-9.15893            -5.25529            -7.96197
-2.16162             1.68127              -4.532
3.44707             4.21797            -4.60402
4.60311             8.37581            -9.02432
6.3509             6.04145            -8.49697
-1.93456             8.05261             8.87782
8.44905            -9.84008            -1.61842
-4.63485             6.91121             1.96082
8.61049             -5.9566              8.9642
9.01944             -3.9787             1.64892
2.21717             1.09867             3.72479
-9.94323            -8.27266             9.51445
-0.551785             7.79289             6.07776
-2.99173            -6.56667             9.02036
-8.74143            -3.48246             7.09281
-9.1229           -0.362567            -1.91442
4.66323             9.55046             4.44777
-9.20072             7.24784              9.2703
0.467544             2.81137             -9.7824
-6.42719            0.123892             4.22834
-3.06285              7.9168             9.88556
-7.5869             9.06308            -9.67742
-1.35381            -4.82406            -6.74184
-5.52202            -6.02681             7.64336
-7.40015             7.31284             6.01642
-1.60649             3.65307             4.30006
7.28874            -2.67006             1.07578
4.43099             6.98293            -1.47069
-6.58896            -5.44511              1.3773
5.68347             2.64382             8.56746
-6.06129             5.75152            -1.27201
-2.60933            -4.87625            -4.31471
-7.06077             1.29642             9.19096
-4.63667             3.11441             1.62786
-4.06753            -8.35047              9.0701
6.08448             -2.8889             7.83288
5.22355             6.49708             7.00247
3.52001            -1.83355            -2.38869
1.94586              1.4777             -7.6623
-1.59978             6.82089            -1.53603
-6.81661             6.01215            -8.36939
-1.30558             7.95526            0.182502
-6.32282            -6.38266            -4.91775
5.70147             1.58056               -2.06
2.84646              -9.082            -3.78674
-6.85446             8.85434             6.00177
-9.85992             -3.1596            -1.30863
-9.70122           0.0430335             5.34623
-6.79281              6.3564             3.04026
0.610067            -8.80034             5.23667
-6.79098             2.89162            -7.23472
6.45924             6.45558             5.17045
2.77169            -4.15448             6.17054
0.452591            -5.14605             7.85547
-6.1333             6.76473            -9.42656
-9.9179             -1.5836            -6.45802
9.34294             1.79357            -5.24125
-5.14817             1.72552            -6.96127
9.76287           -0.591772             1.12156
3.32804            -1.78197            -6.81997
8.64773             2.92032             4.09223
3.83465            -4.14443            -1.66875
-7.53898            -8.18844             5.69567
-7.10593            -9.17844             4.75082
5.57055            -6.78426             8.27143
4.98337            -6.65581             5.23148
6.66921             2.02703            -8.43867
-2.25196             5.15916             7.92169
6.60329            0.389418            -2.32613
3.26365             5.30106            -4.36141
7.49962            -4.62111            -6.16201
0.278634            -4.34309          -0.0119431
-3.10526            -7.46422             -6.6512
7.76422             7.01254            0.679649
2.91666              -9.064             9.32829
5.57665            -1.22898             -9.5114
8.64803             5.18174             1.06754
9.99024             9.35728           -0.230413
3.55175            -2.16651             6.38356
1.16001            -6.71041             8.93063
-5.12436            -4.57564            -7.33451
-5.09048           -0.613727             -2.0014
-5.97308             8.63338             4.98886
3.72997             6.63656             7.86523
-7.32017            -5.58122              7.7691
-4.74227            -4.86892              1.3831
-6.05426             9.70672             -9.8297
-8.99014            -9.61547            -8.33735
0.626243             2.64565            -2.16895
-5.13107             1.82104             9.50987
4.70474             4.72366            -1.69774
-3.15287            -6.24012            -5.86718
-1.58482             1.84088           -0.225225
8.47042            -5.97888              4.4145
-8.1518             9.02097             7.52953
1.57872             6.93106             4.69833
-5.95477            -5.41734             -1.6068
1.48961            -4.93942            -4.93972
9.96094             6.62252             -6.0863
-0.476697           -0.574357           -0.626238
3.98297              -4.738             0.91127
9.33714            -1.43986            -3.33782
6.98264            -1.15238             8.97121
-2.61238            -1.15482             9.85748
-7.57194             -7.5277            -9.66613
8.32423              8.8638            -7.50297
6.41103             -3.4077            -1.66051
2.95511            -4.55885             7.34367
-9.02859            0.376904            -2.56599
-5.96087             4.88998             8.76522
6.14307            -9.02585            -4.24817
5.20615             2.74484            -3.02652
-6.08142             2.43782           -0.140383
-1.71086             2.97922             6.19312
5.62914             4.69161            -6.57735
5.14207            -7.46116             9.42931
-2.85806            -1.24668            -5.02975
-6.90756            -6.37379            -3.33476
9.39574             6.31367            -7.46055
-1.71087           -0.704671            -9.03104
1.50273            -6.61458             4.06324
7.26585             4.30891             8.33949
0.432144             7.61193            -2.66579
1.82226            -4.10535            -4.86923
-4.12946            -3.52275            -3.32865
-6.43269             5.11673            -3.39305
-5.63127            -2.55348            -1.36082
-9.76562             -4.4206             2.79794
-9.79369            -9.95727            -8.41426
-4.00738             5.91235             4.41206
-0.463269           0.0732462            -5.70238
7.19199            -7.33512            -8.84457
-6.16931            0.623494             7.01314
6.47359               3.549             6.92372
5.08011             4.51644             3.25448
4.60402             6.74612             0.10224
-0.623795             2.47871             6.08326
-4.47676              6.5331            -9.07803
-9.02951           -0.241705             6.93259
-0.285652              1.7243              2.5956
-0.371712             3.01492           -0.740682
-4.8912             2.57881             7.72607
6.77206            -3.82336             2.14637
-7.60887             8.33949              4.5555
-6.39973            -7.23624             7.08121
-1.10416            -1.49937             8.50215
-1.18625             2.28492             5.84582
-6.65914            -8.53664            -8.54182
-0.847496            -4.26374             6.11439
-9.96429            -8.11518             5.84643
-7.24845            0.811184            -7.14133
-1.11484            -3.24839            0.850553
-2.53547             9.50835            0.999178
-8.82564            -4.86984             3.90637
-3.07596             8.36482             4.19874
-6.31702            -1.93701            -1.64647
0.321363             3.34391            -4.76729
-1.12796            -8.84121             4.25672
-0.52217             4.65255            -7.09006
-9.46684             5.74633             4.25245
8.97885            -2.22724            0.721459
3.94971            -2.83364              1.3712
2.51015             6.87948            -1.28757
-7.893             6.45497             7.03696
-7.2811             3.19071             2.69936
-5.96972            -5.23942            -1.78565
9.28953             9.72076            -1.49055
6.32008             8.41914             6.34053
2.98166             -7.6574            -7.38517
-9.27732             8.35872            -7.89208
0.808742            -6.95669            0.472733
9.07956             5.69109            -3.86883
4.37544            -5.50493             -5.8626
3.46843            -9.86297            -2.29591
7.38945             8.20673            -2.63436
8.1991             1.49938            -7.00155
3.12754            -5.32487             6.59108
-5.46495             7.09006            -3.68236
-5.88458             9.19462             6.95181
-3.3082             2.28187            -5.44481
-8.06421            -1.80761             6.99729
3.48949             8.86013            0.116277
3.51665            -8.98892             9.00571
4.29945             3.45439             2.67098
-4.60158             6.19739             5.86566
8.64559             4.49721           -0.730001
-6.57857              2.6542             6.78244
2.67861            -9.10886             5.58153
-9.51384            0.745873            -3.71837
2.52449             4.74746            -1.72002
6.18153            -2.74788              9.9295
2.54464             2.82022           -0.826134
-5.71459              3.1138            -3.37077
4.29304            -4.27534             7.60155
-8.24732            -8.10297             7.15659
7.13767             1.75909            -1.22654
-6.74886            -1.64586            -7.85059
-5.68437           -0.433669            -3.65429
9.92065            -3.33414             -1.4701
1.88818            -1.28849            0.727259
5.67828            -7.46513            -7.86614
-7.34122             7.99005           -0.495619
9.59838              7.5045            -7.92413
-9.91058             2.23823             1.32634
8.04834             4.31929             -6.0152
-4.94186             4.49324              6.7214
-2.75796            -5.38652             3.58074
-0.870997             8.04315           -0.410472
-3.62621            -2.12165            -9.91821
8.55037             5.97888            0.549335
0.775172            -9.76317             4.36537
-9.17905             3.92957             -1.9422
6.59444             5.11643             1.46489
-3.62407             7.68822            -6.40644
4.91684             8.19727            -8.50062
-2.42439              5.3441             -9.9295
-8.88943            0.614643            -4.36262
7.12363            -9.49797              7.3922
2.6954            -2.71401            -1.21494
6.01245             -7.8048             7.61834
6.37227            -9.23185            -7.17154
-7.15293            0.742821            -9.55931
8.77865             5.83056           -0.403148
4.92508             5.36607            0.847501
-2.51869               2.566            -4.01562
9.57549            -4.12152             8.95017
7.6336            -1.36784             7.93573
8.54702            -9.88647             8.99869
-9.31699             -9.2584           -0.159319
-0.0390599            -3.36863             7.32199
-0.0964365              3.4901             6.29565
-9.50011            -8.28181            -1.98159
0.0579881            -5.36637             4.63271
4.84848            -4.38948            -7.50206
1.0593            -2.40028             5.24095
2.41432             9.95758             6.69454
-3.71196             9.99298            -7.09433
9.12382             4.53414             4.30952
0.453812            0.135504            -8.16706
3.58165            -1.60008             1.39165
5.56841             2.10639            -1.12186
5.68011             9.70672             1.98187
4.72427             4.89639            -2.86935
-7.42302             1.52349              1.4008
-3.83892             9.49034             1.11637
3.06986             3.99152            -4.04034
-0.976896            -7.34947             6.38569
0.711388           -0.750754            -4.62477
-6.90084              5.7564             5.00382
6.22029            -1.48991             6.53646
0.994295            -7.34092            -8.60744
-0.486158            -3.02255           -0.264594
-0.874658            -6.36738            -9.92889
-8.10663            -5.04837            0.614034
7.29545            -4.45509              4.3495
6.59536           -0.920131             9.20652
-2.22052            -9.59471            -3.12204
5.89832            -1.56896              5.3267
-8.43928           -0.861536            -8.56349
4.80392            0.286571            -9.50133
5.04074            -3.35917             5.13168
0.0177045             8.59218             6.64326
-5.75182             9.88342             -4.3831
1.40843            0.138235             5.38377
7.77947             3.88775             7.60491
-9.54069             1.83203             3.58562
-8.66664            -8.72249             8.69015
5.29039           -0.251791            -3.26151
-9.00082             7.12271            -2.80862
-2.38807             8.36207             7.43156
0.864896            -8.78963            -4.88601
-8.34956             3.61399            -3.11624
-6.94021            -8.82229             7.07572
-3.73699              5.1262             -4.9208
-4.40809             2.06275            -7.55913
-0.254217            -5.92121            -8.75027
-2.50954            -4.29151            -5.36363
1.09287              7.4749            -1.40385
-4.03943             6.92221            -8.73256
8.44539             9.32064             5.31938
-0.449536             3.68023            -9.11496
-9.4589            -7.40501            -4.86923
8.85617            -1.89306           -0.383006
9.33012            -2.57272            -7.59056
-8.31202            -3.78124             4.60555
5.04075             6.19617             -6.7864
-3.52611           -0.737935             2.91788
-1.60619             4.83229             7.35557
-7.96228            -2.27332             3.96924
-0.925318             1.12705            -0.70345
-6.24866             -7.3339             4.29182
-7.65434            -5.22387            -3.44493
-9.28983             5.34257            -6.08478
-3.1666            0.964385            -4.53628
5.63464             3.77025             9.46012
3.92987             5.41063             2.77688
-0.812095             4.61928            -9.51414
-0.721761             9.90539            -7.48527
-3.70586            0.110166            -4.85153
-6.29963             7.33848            -5.87908
-6.86178             4.36842             -4.6791
-7.67235             4.66567            -7.52037
-7.19229             9.24649            -7.54448
1.25645            -3.33964            -5.31846
-6.04022            -4.87319            -7.46422
-1.1655             4.40321            0.368971
4.31654            -5.29345             3.84198
-8.95077            0.791653            0.481278
0.631736            -2.94626             -1.4301
-3.52            -8.15518            -5.94592
9.25749             8.95412             6.92496
-8.97366            -8.51161             7.13767
1.66235             5.50707            0.833462
-1.92419             9.48637             3.16019
1.47283            -8.29251            -8.27845
4.83566             7.07786             5.22813
-9.28678             7.16422            -1.62816
-4.17463              3.0311             -9.0408
-2.078             8.35871             2.57119
8.07032           -0.263678            -3.30973
3.19773             7.73858             2.64809
-3.88256            -2.61791             3.11533
-4.45692             8.09625            0.684227
7.90613             9.77325             3.10221
-2.74453            0.665305             4.14898
-3.59447             5.65996            -2.98044
1.30406             7.97174            0.567327
-7.44224            0.463271            -2.56724
-1.43956             8.21223            -5.90502
9.25901             3.50871            -2.00018
5.27696            -6.76687            0.616781
2.2657            -8.24579            0.960114
5.55407             4.45204            -2.03925
4.47554            -2.44697             5.07157
5.44878            0.966218             5.26109
2.44637            -7.84539            -4.29426
1.47862            -1.92724            -4.78469
7.97327             5.01602            -3.39335
6.75253            -5.18113             7.43858
-3.85052             2.61696             4.64889
1.54271            -2.94168             4.35316
2.74179             6.36219             4.17799
4.59731             -7.0455             7.66045
9.7055             3.59539            -1.76671
2.978             1.41942            -7.11112
-0.264898             5.29008             6.24043
-1.85064             5.02243            -4.34065
-8.35871            -9.97253            0.372022
-9.71465             6.27003             9.23765
8.28822             4.71175             7.40349
-0.370188             2.55867            -5.08377
-8.16278             8.18873            -1.64678
-1.695            -2.18909            -8.06299
-5.55833            -1.17496            -4.65895
4.27351             7.02323            -3.61797
-5.42985             1.82287            -2.30903
1.39897              8.8464            -8.26809
1.97303            -8.16401            -3.01859
-7.134            -6.86941             2.05816
-6.38691             9.47417            -9.72292
2.25624             4.38093            -5.13474
-7.5808             2.85501             3.99396
0.290843            -5.45732            -3.19132
-9.07498            -2.81472             6.48152
8.64956             4.15876            -2.03528
8.86044            -1.01932            -9.64324
-4.45997             4.97238             -2.4665
-6.12598             2.01087            -2.90261
-2.17963           -0.714438             4.34736
-5.72985             9.75463             3.12143
-1.82958            -8.88211             4.38124
4.35621            0.691246            0.869169
3.89233             5.82843             6.98172
-7.7108            -2.73751            -1.67363
-0.837731            -6.36067            -2.94778
2.11341             7.65496            -7.45628
7.14805           -0.663777              7.7102
2.69113            -7.68548             3.00394
-0.807213             7.13004           -0.931118
-0.31617             -7.5045             1.77984
-0.823386            -4.91409            -3.48491
6.72506            0.707725            0.964081
-8.63521           -0.142215            -7.54356
8.12159            -7.39341            -3.50688
-7.53349           -0.885952             1.92938
-8.30378             7.24571            -1.49418
-4.71877             4.55214             9.28129
-9.1586             2.07373            -6.46321
6.55904              3.4669             5.19607
5.53606             4.27473             -4.7557
0.308239             6.40858             3.59782
9.26695             -4.4319            -5.77412
6.17054             1.90252             8.37245
9.67925             3.46904            -4.39161
-3.47239            -9.50926          -0.0915538
1.67577             3.69946            -1.98095
5.03251             4.33515            -9.62554
-3.45072         -0.00946024             9.85595
5.86413             3.85022             -8.9053
-0.56398             8.52993            0.565205
7.37846             1.02725             4.27534
7.56768            -6.72231             2.74453
-7.47612           -0.113527            -1.01535
8.93185             -7.1221            0.321972
-1.64281             7.21915            -9.97711
-3.94177             8.23634             3.06894
-1.57048              3.6253           -0.108644
-1.73192             1.58666            -9.01822
7.23625             1.54759            -5.20676
8.9758             4.85275             6.40736
-6.97287            -6.22364             0.72329
0.188606             8.73379            -9.77141
9.15434           -0.975066             8.23542
-5.39079            0.802027             7.87469
-9.91668              9.4763            -2.34962
-8.24702            -4.47767             6.59292
5.10514            -8.15332             8.77713
-6.03259             6.58925              3.8435
-2.62612             7.68243             4.17585
-7.08792             4.03913              2.5251
-4.84359            -2.17109             9.50224
-8.08008            0.103152             7.35892
-0.824913            -4.09619           -0.163913
8.64834            -5.13962             8.81497
6.40218              8.6166             -9.5999
-1.10843             6.18854             8.18079
7.35771            -8.81252            -9.14731
-4.08032            -6.36646            -8.56013
8.89951            -9.89135              7.5808
7.43401             9.35698            -3.39274
-4.11237             1.74749             9.63256
8.09259             7.90735             3.26579
6.62374            -1.72063             5.50279
8.18171            -9.33439             9.51628
9.43144            -9.15799             3.99915
-5.10452            -6.82851             5.74877
-4.06934            -6.78884             -1.8131
3.51299            -4.12549             2.06275
3.19895            -7.12851             1.77801
8.15851            -4.09894            -7.82678
6.61916            -1.44169             4.98886
0.453813           -0.285958             3.46996
6.79037           -0.474561            -6.70308
6.51814              -5.533            -6.22883
-6.55965            -6.39424            -5.16617
-6.75405             5.08988             5.34959
-0.0717168            0.489519            -7.21549
-2.9017            -3.85235             5.16953
9.11436            -7.37693            -5.94684
4.22071            0.276803            -5.99139
2.64199            -9.97589             5.11582
-6.27613            -4.04462            -9.01791
8.18385             6.66616             3.56577
9.96369            -2.07282            -9.05881
1.49419            -9.00235             2.04778
1.1594             9.21171            -3.50051
6.48366             1.42399             5.61175
-8.98556             7.16269            -4.41206
-2.29591            -9.82024             8.50063
9.36125             9.09452            -8.88211
9.75982            -9.79888            -6.48457
-6.55965             9.31211            -6.99972
-6.46718            -4.37483             5.01755
-5.10483             8.46095             3.55053
-9.77599            0.711692            -1.77801
3.82855            -6.31916            -4.75204
1.2476            -2.85684             0.30183
-9.46348            -7.54265              1.4536
-5.75914            -8.27601             8.77774
5.06424            -1.98431            -1.41636
4.93973            -6.72078            -5.90228
5.05204            -1.71239              1.8189
-8.98587             6.77938             5.25743
-0.0241067            -2.79153            -5.27299
-4.51491             4.61745            -2.16864
6.9097            -2.58736               4.597
0.205393            -7.17429             3.76721
9.84527             -3.9787            -9.66552
-7.77062             4.67422             5.16526
-0.510878            -7.74254            0.064701
-4.57808             1.00559            -3.59233
-9.90692             4.69375            -6.28498
-7.22495             1.55675             9.22758
-2.84371            -1.22806             6.02649
3.82306             2.72012             7.58018
8.10816            -6.91946             7.14712
-7.93878            -1.75908            -4.85216
7.49138            -2.07526             1.04923
0.260631             6.29017              6.0152
1.98889            -7.85424             6.19801
-6.44917            -5.54704            -6.60603
9.65545             2.97434             7.17338
-2.43507            -7.09311            -4.73311
3.13944            0.439467             6.48457
-3.00485             -9.0054           -0.741293
2.05786            -6.32099           -0.528579
7.00888            -4.98093             9.66064
2.32887            -1.71667            -3.83038
4.28968            -4.61714             7.20695
-7.66075             9.80835            -3.30332
-6.61214            -9.48027             4.96842
3.79803             3.70556             2.95328
8.82138             3.81573             5.74053
0.135504             8.76126             5.49455
-8.33796             3.05582            -7.02566
2.14667             6.48824             6.96097
2.21473            -9.94812           -0.730611
-8.03125             7.39433            -9.88342
-2.56935             3.38176             1.34037
-0.257268            -8.18903             6.16169
-4.49415            -5.08408            -4.53627
-3.56273             6.18397             8.66878
-6.82638           -0.550859            -4.68001
1.69195               1.536             -7.1337
-6.6454             9.11313             -3.9497
1.97394            -7.54082            -5.19913
-4.31776           -0.165104            -9.55078
-5.99749            -1.69103            -7.97938
8.5931            -4.56129             9.49247
2.39723             6.97041            -9.24255
1.89093             8.24152            -3.22916
-0.361031              5.0383             0.71383
-5.79089             5.57085             -2.2306
6.16138             1.91045            -9.22239
-7.06046            -8.87082             -8.5348
-6.04816             3.61583             6.71804
6.61336             4.47402            -7.79778
-3.47087            -5.43108             9.87152
-8.80825             0.57039            -8.52351
3.06467             4.88083            -6.19281
7.73461             4.40657             2.30934
-4.41023            -6.98326             8.72707
1.84057             2.26447             2.29805
1.47985            -1.49327            -7.56035
9.68536             1.38951             -9.8648
-5.19333             7.39097            -9.91577
8.98892            -4.82925             4.11878
-2.84432           -0.806298              7.7398
9.7702            -4.32508             6.31306
-5.61205           -0.263382            -8.65779
-1.442            -9.14487            -3.00058
-0.146486             8.75332              9.2404
4.53749             6.33595            -8.97915
8.60744            -7.02598            -4.93362
1.50121              6.5862            -4.98886
9.73968             7.81304            -5.00992
8.9874            -5.89343            -7.03421
7.91223             7.74528              9.7467
7.53685            -2.89529             5.29527
-3.67839            -3.74889            -6.97288
4.70504             1.16672            -2.19644
4.69375            -4.94919             2.42256
5.8446            -1.36723             2.48604
-5.90594            0.801722             9.19798
-4.10809             6.03167            -4.45417
9.14029             -2.6191             2.37983
9.0817               6.292            -1.91046
-0.722677          -0.0293147            -1.63274
2.99295            -1.17894            -2.49214
-7.92535              7.5457            -3.81237
5.97217            -2.58553           -0.551163
6.98111           -0.476417            -5.34196
8.57235             8.75606             3.51665
3.48888             5.23637            -6.71621
-1.96966             -2.5544           -0.489821
6.43727            -7.86463              5.1854
5.1854            -3.98116             2.15888
6.07257            -7.56004             2.70638
5.56536             5.72039             3.17515
-9.70305           -0.490449           -0.878626
4.87381             -2.1705            -3.15073
4.44472             4.31837              9.0524
-9.92706              2.6542             1.67547
8.23145             7.01712             2.36549
5.00717              4.6092             7.45567
6.25752            -5.93035            -9.37498
-4.55702            -8.74813            -3.11014
-5.77624             5.84674           -0.448315
0.146186             1.71025              6.5447
-3.96649             -9.4177            -4.44136
-6.66066            -8.86715             8.44416
-7.75963            0.766014            -8.60775
0.334791            -6.89474            -4.50548
7.25852            -4.87625             1.49571
-6.9042            -8.81985            -1.83019
-1.9898            -2.54524            -6.94998
-2.99966            -9.63256            -2.66854
-7.91589             4.62874            -5.56017
9.25871            -4.57839            -6.69423
9.16288             1.18229             4.22498
0.65737            -1.08096            -6.44429
-8.06512             2.23335             -1.1481
-9.6118             5.19364            0.741602
6.58498             8.48201            -8.84426
-1.60497            0.758692             9.04966
7.73675            -3.54991             7.82556
-2.83669            0.337535             7.08152
3.55999             5.64928             4.84024
5.78784             7.69128             1.82043
-2.68288             -7.0397             8.05414
-3.00668             8.41273             3.64574
-1.86987             5.59618             3.70922
-3.0314            -4.46791             5.79303
8.38496             5.49303            -0.76174
-6.43879             6.16382             8.10419
9.79217            -4.63759            -8.06451
-5.82293              7.6458            -4.24085
-1.18839             6.37135             -9.0704
2.26112            -5.73473            0.447708
-3.08969             3.27128            -8.04651
-3.83129            -2.93802           -0.857568
-2.5077            -2.94564             5.61938
-0.183109          -0.0991838            0.440071
1.4124            0.728781            -6.42599
-2.3545             8.62789            -3.27161
-7.03268            -3.42906             3.93018
-0.164797            -2.81259             2.11829
3.54259             2.98074             3.33293
1.8775            -5.63799             6.57857
-0.874354            0.280467             9.23887
-3.66252            -3.01462             2.53121
9.93012             8.88852            -6.55263
-0.932339             7.70257             6.58468
0.596639            -6.87429             7.23808
-1.14993              1.6242            -6.90542
5.94623            -4.18744            -8.32758
9.44762           0.0704995             7.44041
9.05515             3.71807            -4.17127
5.59191              9.6643            -7.42118
-4.30097            -7.98944             4.59853
-4.77157           -0.183415             3.35795
-8.99685            -1.41301             6.70828
-6.56392             4.65072             7.79382
-0.0558459            -1.49235             7.62597
7.56066            -8.76369             9.10032
-0.34913             2.53578             -5.0441
4.70626             5.98926           -0.839257
6.67196            -3.58531             7.92596
-9.71648             4.74899            -8.92239
-2.13782             9.63531             7.65984
1.19267            -5.30778             1.21739
6.53188            -3.03354             6.46352
-1.56316             2.51351             8.66238
-4.96902             -1.5305             1.17771
1.91107            -2.67342            0.538646
-4.37055             1.93487            -3.03325
-0.44984            -4.81063           -0.660754
5.01938            -5.09751             3.75683
-1.03457            -4.62355            -7.01987
7.05558            0.132756             -1.7719
-7.96563              9.8764             6.20136
5.46495            -4.72884             5.45427
-3.67839             4.94858             -6.8807
-8.14935             -5.2739            -9.73632
7.95587            -6.12964            -5.15702
6.28926            -6.66097            -4.00281
2.32307            -4.17066            -9.66399
-0.697345            -8.19636             9.48363
-2.52693             2.90964             -7.5341
8.40816            0.347608            -9.43296
6.69698            -8.64742             4.67055
6.67562            -8.33949            -1.59642
-8.22779           -0.683613            -6.59352
-3.04819             4.07666            -5.98071
1.80121             5.24369            0.694298
6.53432            -8.86044             8.08466
9.59166            -9.16684             8.24549
-2.31849            -7.00644            -4.71847
-3.76964            -2.50862             6.24561
-7.27714             6.14338             2.60201
-2.23212              6.7864            -6.39973
-1.90618            -4.82131            -5.34593
-8.24457              4.2906             2.44881
2.51564            -3.39274             8.42158
2.67525             9.93652            -8.96023
1.84576             1.18504           -0.577713
-0.962247             6.73391            -5.80798
2.9307             -2.9957          -0.0964507
-7.11813             -5.4506            -4.15115
-6.28529             2.18329             1.56865
5.23362             4.59121             3.01676
0.582601             -7.3397            -9.75524
6.30055            -4.73678             -1.8659
-8.19849             5.93982            -7.80816
-6.00268            -7.78924             5.01297
-5.50706              2.7778            -3.95886
-8.67824             3.00943             9.71801
-9.97436            -4.59914            -9.92706
-5.17929             4.18714            -2.45277
8.03309            -6.42384             2.06488
-9.08322             2.05664             8.48903
5.82293            0.858793              8.8522
7.92719            -9.46196            -9.80437
5.26109           -0.466322             2.03284
-5.06027             9.98108             6.66158
6.93533            -6.23859            -9.74608
4.59517           0.0616479            0.236215
-5.13962            -3.69335            -4.60463
-8.06757             6.34846             8.71517
-5.33463             3.27708              4.1673
-7.98181             0.16358             8.50002
-6.57552             4.90616             -1.8073
1.72704            -6.18671             6.88559
7.35649             8.84121            -8.89401
0.620139            -8.57021             3.98267
9.01792            -7.92077           -0.705586
-4.31348             1.26866            -1.06448
-2.696            0.735193             4.84237
-1.76824            -6.48701            -1.12767
-9.95208            -2.83395             8.34619
7.6693            -2.11768             6.53339
9.95819            -4.80178            -4.52196
8.79452             2.11768            -9.40397
3.74127             3.25053             8.83267
-9.73174            -9.17295             4.21491
-4.64827             4.69192             1.46336
-2.64412            -3.00912          -0.0119005
0.253612             4.15174             8.46614
2.86325            -6.55324            -3.13516
-0.545669              1.5067           0.0558506
2.07923             2.09143             1.51982
6.71072           0.0979649             9.88861
5.16831             6.85537             9.77508
0.388808             5.48296            -9.23307
6.37013             -8.3459             1.60863
-1.19785            -8.45027            -1.16855
-6.98538           -0.426037              4.0083
-6.81692            -6.92007             8.44142
1.13407             8.03797            -7.12027
1.27079            -7.29789           -0.767539
9.74395            -7.54265             6.30726
9.50255            -8.53358            -9.33592
-7.00857              7.4572            -9.59258
6.09791             2.78207            -4.31867
-9.37101            -6.94174            -5.90502
9.41374             6.41896            -1.63152
-5.83788             3.09427            -8.47285
5.57635             5.50157            -4.16272
1.43681             -9.1351              4.6025
-6.14093            -1.81921            -6.55629
4.073            0.201729             9.19155
4.85489           -0.686057             7.57438
-0.22553             7.94428              5.9099
-9.2291            0.879544             6.33442
8.06238            -5.66759             -8.2876
7.70989             1.82806             4.61715
8.92026             8.69961            -4.20301
-9.45128            -4.57686            -3.14646
0.925324            -6.14277             2.77352
7.20054            -2.45949             -1.5659
3.08603             -6.5334             -3.5905
-0.960416             6.01398            -5.99963
-5.69689            -7.36351             5.92517
-7.05038             5.75976            0.831631
-4.64705             3.21085            -1.17466
-0.257574            -7.26432            -8.94223
-4.42549            -5.59923             6.68294
-2.18848            -6.68264            -3.32774
8.53206            -5.93249            -4.39375
-2.91543             -2.9545             9.06614
-7.92047            -7.16788            -4.85885
-1.88757              -6.292            -4.21766
9.18851             6.54561             7.13279
3.98999             2.77261            -7.73095
-5.82781             6.95517            -9.32554
-3.9378             2.99081             -7.9754
9.14548             4.60586            -4.29487
3.06559           0.0909469              3.4492
1.72644            -1.87475             1.38585
-3.29233           -0.332041             -3.7025
-6.8157             2.72195             9.51323
-9.86297             -8.8876             9.86816
-2.93222           -0.209966            0.503848
3.62408            -6.10004            -6.63596
-5.72252             7.62475             5.69688
-1.35136              6.1571             7.28691
-9.69512            -2.76711             4.58754
-5.23087            -2.34718            -6.78426
2.34016             5.39384             3.09671
6.30574            -1.99805             1.14597
-3.48033             6.78732            -2.00629
-7.7224             1.07761            -0.62929
-4.73556             4.28541            -4.57747
8.23725             4.56342            -5.92913
9.01731             -8.5461             7.54052
0.933869              5.2617            -6.83584
9.19706             3.59203             2.78359
-2.64412            -2.06001             7.90918
9.8056              5.5855             9.43877
2.49794             9.86847             1.89642
-7.04153            -1.97638            -8.88912
-9.51597            -8.98801             5.18204
-1.76733            -4.50972            -9.77813
5.51348             -2.6075            -6.66097
8.78109            -3.71654             7.61498
7.02719            -8.80552             -8.4225
-4.73006              5.2858             5.31327
4.75082             9.06583             9.67895
-7.84478             6.29567            -8.20551
7.36259            0.206902           -0.798668
-6.42842             7.98547            -1.00009
4.82956             1.92206            -8.29707
1.03397             7.77978             6.04724
-0.607621             9.20345           -0.487989
8.71456             2.90536            -3.38389
-8.80611            -8.93704             3.44888
7.90796            -7.41692             4.62172
-7.64153            -4.18592            -4.22257
0.662865         -0.00640732            -6.03564
0.607625            -9.39544             9.07132
-6.27888            -7.89669            -2.47627
7.97327             6.17237             5.31266
8.25587             8.60225            -4.23108
-9.75616             3.69518              2.0893
6.01184              2.7076              4.9025
-3.45775             1.41118             4.57808
-5.33891             3.24351             1.05167
1.80639             5.76952             3.90454
8.30775            -7.02935             5.00931
-3.82458             8.53969             7.62536
5.53545             6.72933            -2.09998
2.95389             3.02438            -9.32371
-2.66732            -5.59681              3.8789
4.96475            -7.47856             6.91427
-9.80193            -6.18427             1.01596
2.23335            -3.48828              -3.867
-8.71547             5.97674            -4.48958
5.90594             2.25318             -2.0426
-9.31852            -3.14066            -2.98349
9.75524            -4.85154            -5.39384
5.07615            0.690323             -9.0994
5.41765            -4.92843             6.69607
-8.39808            -3.56212             8.40785
-4.4142            -5.09264            0.981172
2.48726             6.61976            -4.76943
-4.18348            -2.84219             5.68896
-7.10135            -8.74508             3.96068
-9.50895              9.3701             4.99282
3.34117            -5.14023             6.72566
3.47697             6.33137           -0.547538
8.24855             -3.0369            -3.17636
9.70794              2.8721             9.27885
-4.83505            -1.41026            -4.23322
6.27735            -9.12808            -7.06076
8.511             9.31028            -3.78155
-7.80114            -4.31379            -1.44139
7.9281             6.26026             8.68374
1.7658             8.62484             -3.2429
-8.27326            -8.12403             3.95612
4.67513             9.76165            -2.10364
9.28129            -9.11588            -8.57204
9.13877            -8.18506             1.14475
-9.95269             -1.5186             4.70321
-0.946681             1.48076             7.12028
-8.37611             5.39384             -1.0596
1.67242            -8.69808            0.948822
9.46257            -7.37449           -0.523696
-3.69579            -1.48961             5.66698
-6.99637             -6.8102            -4.80514
6.98172            -1.55186           -0.786765
-0.50813            -5.27268            -5.57573
-6.73177             4.50606           -0.147097
3.25877             8.03156             3.75073
-4.40565           -0.228887           -0.718099
-6.40248             9.80377             7.51152
-7.83471            -9.97833              8.8522
-7.38487              8.1167            -6.55598
5.46129             2.69265            -4.30646
9.08628             2.24708             6.17785
1.40447             7.88507             7.31039
1.395           -0.177006             1.36111
8.29951            -1.77007            -6.23008
0.0470015            -6.57308            -9.36704
-9.96002             7.99036                9.27
-9.92034             7.69982            0.572529
2.10425            -5.70665            -9.36552
-2.81747           -0.695211            -2.80373
-2.9197             7.24693            -3.24351
-4.31013           -0.965909             5.35264
-2.36823            -6.08417            -9.78271
1.74261             -8.9172            -6.56392
-6.11011             5.02762            -5.56139
-7.23258              2.0072            -4.50423
-2.98807            -5.29069            -3.08481
6.70645             -6.5041            -5.09812
0.428788           -0.878933            -5.85986
-9.9469             1.53173             7.44133
6.11072            -0.72878           -0.536514
8.50093            -2.32551             3.06406
3.11045            -4.48073            -5.95508
-9.44212            -6.26301             5.92273
-5.67186            -7.94915            -8.41212
-4.52772            0.498063             4.14228
-0.0234963             2.49947             8.02851
-7.62505            0.123297            -4.24787
5.56475             9.89593            -9.00601
9.52147             6.97165            -5.02853
-2.44178            -2.02582             3.06925
9.747            -7.70775            -2.59529
-8.37367              4.4554             6.73849
-0.975065             1.99378             1.79051
6.72689            -5.28001            -5.50646
-4.25489              3.4727             3.19406
5.61235             -7.4926            -7.80057
-3.96618            -4.39161            0.776088
0.355848             5.27451            -4.96902
1.25859             5.09293            -4.01135
-5.40269            -3.56212            -6.76595
5.05997             -8.6053             1.25584
-2.73629            -7.12119            -1.11667
-1.79632            -4.41084              9.6527
8.5342             1.48259            -8.61873
-9.98413            0.415357             1.99713
-4.24329            -4.67147             2.46864
-5.08865             4.42244             4.15174
-8.83755             6.96341             9.62432
-4.75997             2.29804            -8.94589
1.91534             7.17429            -5.17899
-5.97003             5.73657            -5.34501
-8.81435            -9.46837             5.48845
4.98093             4.34614             6.21296
-5.25101            -5.64257             2.68777
-9.68261            0.943939               5.515
6.4565             5.50463           -0.238043
-2.91726               1.695            -7.54784
-0.536512             3.61461             2.18909
-6.21875            0.332959             7.99005
4.19508             5.52751              4.2613
-7.14682            -4.38917            0.487077
-7.14987            -1.99438             8.85525
1.40691              7.3922             4.38978
5.91632            -6.64327            -4.94552
4.38704            -0.62868            0.366515
-4.27228              2.6664            -3.74829
6.91794             7.53411              2.2019
2.98105             8.30073            -8.35265
8.22657             9.33195             6.38631
-1.44963            0.562151             6.36494
-6.38722            -8.47987             7.37907
5.18388             -3.1605             5.36302
-4.43495            -2.94931             6.90939
1.43773               8.876             7.74377
-9.83733             5.74236             1.64007
-7.59483            0.325329           -0.734579
7.54479             -6.4742             6.19129
-8.7698             7.10807            -5.07919
3.58959            -1.64159            -9.17173
9.21354            -3.12265             8.50459
-8.38801            -3.57616            -9.72075
-2.4842            -6.63289             3.77636
7.85058            -1.29673            -2.40516
-4.38032            -8.62392             2.17933
-7.27927            -5.80676           -0.358286
-6.45283             3.46873             7.88415
9.16074             4.02478             1.56804
-2.87759            -1.09042             3.14738
2.52999            -5.80431            -2.46956
-5.739             2.94656             -4.8439
-9.89746             3.58898             7.69006
9.65942            -6.53615             5.74969
8.98343           -0.442823            -6.22883
2.43416              5.9563            -5.49425
2.01148            -5.73198            -3.75286
-0.147403            0.581685            -2.45033
6.25294            -4.85916            -9.28679
-9.3997             1.46733            -5.26659
7.19474             6.43086            -3.67598
-2.03406             6.80898             7.54174
1.36021               3.296            -7.99188
-5.35844             5.00382             7.50756
0.654319            -9.31333             3.81726
9.52178               7.781            -2.82021
-5.45213            -7.70012             5.34715
-9.77416             7.76208             4.87015
-0.69582            -5.67095             6.68356
0.943939             5.93066            -3.67717
9.28648          -0.0100706            -7.89422
0.946687             6.06586            -9.70885
-1.28727             5.50829            -1.53416
-5.70513            -6.50044             9.03012
7.17765             -9.0759            -8.70907
-5.77532            -5.83514             9.41344
9.80377            -3.06345             1.56865
1.46855            -9.71679            -3.54625
-4.08459            -8.14051             8.70083
-4.61348             -1.7658             7.62597
7.13248            -5.23942             2.38075
-7.54082            -4.39283            -5.58458
-5.53178             3.82977             3.39763
9.66186            -5.90319             -7.2692
2.33009             6.38356            -1.37211
-5.38285             0.14527             9.29869
5.04807             2.58156             7.40745
-0.333564            -5.29527            -6.33381
9.01914            -7.85211             2.81106
-2.18787           -0.409557            -4.33851
-8.81649            -5.45335            -3.74341
4.02997            -3.41868            -2.35299
5.70696            -5.79546             8.21893
8.46309            -3.44493             1.58605
2.21259            -7.24815            0.199593
5.76129             5.06088            -6.50929
7.22221            -5.60808            -6.78152
5.55223             -3.5142             8.36421
7.93268            0.891446            -9.96582
5.05661            -9.34416            -3.30393
-9.44822             6.46993            -5.46434
-4.03882              9.4287            -1.55492
0.38179            -3.00394             8.66543
3.59417           -0.584734             6.73544
-4.54695            -4.42823             3.52275
-8.96481             2.64107            -2.06763
-6.02893            -1.59764            -5.01022
1.99103             1.67241             8.91354
8.85922            -7.45018              1.0947
-2.80099             2.08045             9.08872
4.39894            -1.84271             7.25395
-9.1937             9.65209            -2.05664
0.664695            0.883818             6.56331
-2.11341             7.90857            -7.55699
-9.4            0.837123             2.63375
2.89774              8.2046            -9.80468
9.99909            -6.77053            -2.37464
8.85403            -1.39225              7.2985
5.67065             -7.3162            -1.98919
-4.4496             6.70797            -8.78323
7.70013             -5.4387             4.00342
2.22053            -3.07748             7.25791
9.63378            -7.24326            -6.74216
-6.64754           -0.568866              6.3631
-5.89038             2.82296             1.74595
-2.02032            -6.44827            -3.26672
-9.94201            -1.21494           -0.429088
7.89941            -2.50893             5.54583
-7.06473            -1.94189           0.0381499
9.47417            -9.26482            -2.78268
7.01102             4.62172            -1.97302
1.16001             9.49828             2.91635
-3.98205            -1.97424             3.97595
6.39821            -9.76196            -5.03982
-6.31733              -6.498             2.87729
1.09409             5.01877            0.600301
7.5457             3.36955            -7.73186
-8.70662             9.90203           0.0463899
5.15458             8.00439            -5.53575
-7.89727            -1.35014            -8.16278
4.85763             2.43294            -4.55519
-5.16251            -2.86142             4.86862
7.53563             6.47175             4.84298
-1.21585             1.55858            -5.38346
-4.63912             3.81726             3.03903
-7.32536            -6.94785           -0.634478
-6.92556             5.95477           -0.292976
2.60323             5.88336             1.85186
2.19794              4.3669            -9.34721
1.62206            -3.12571            -8.70174
-1.49327            -0.22065            0.752893
9.94537            -2.20405             4.31501
1.13834             6.74246           0.0811815
9.49095            -8.34835            -9.41923
1.57323              9.1229            -9.10062
2.29866            -5.27848             7.71415
-3.99243             6.27063            -5.48571
6.52303            -1.87109            -1.92696
-4.01776             4.28633            -8.91262
-8.57753            -4.43496            0.854826
-8.96878             9.45524            -7.66747
-6.54897             6.74826            -8.42768
-3.13425            -5.04959           -0.390636
-8.52199             4.41298             2.63985
4.99832            -7.58235            -3.52458
1.60344             3.68603             1.36509
-2.89071            0.596943             7.71569
-9.39207             9.03287             9.80773
-2.27271            -3.86305             7.06961
-3.70739             9.45189             6.95853
0.0787403            -9.22117            -5.00992
6.82089            -2.38503            -2.11035
0.452897             -7.5503            0.834073
9.40062            -7.01773             3.51055
-3.12112            0.648214             3.10648
-3.26639             7.22922            -5.87512
-1.74749            -3.46113             1.04435
2.96854            -9.63317             7.94977
6.21113             2.37343             -4.3025
-2.49611             5.28489            -1.87567
1.03489           -0.351598             6.25172
9.30082            -6.00757            -9.02341
-3.47026            -5.93127            -7.29026
3.54656              9.1055             -8.4637
-0.229802            -6.57431             -4.1087
2.3069            -8.79787            0.594808
-2.81655             4.04859             9.44974
-2.59224           -0.220667            -5.88612
9.07346            -6.45832             5.97856
-9.84863              3.5786            -3.47242
-4.22315             4.61379             8.69381
6.1623            -3.23923              2.7369
9.53307             -5.8504             4.06079
1.09989           -0.493788            -9.21171
-2.06122            -2.39753             2.05207
4.14106            0.590534           -0.470288
-6.01031           -0.253912            0.728784
-7.29911             5.76892            -4.32783
6.21327            -4.46882             3.17759
5.99414            -7.60491             6.92221
-8.53084             -4.0022              4.7557
-1.80669             5.27268            -8.35719
-1.63945            0.235298            -5.96911
8.65231             2.60628            -4.76729
-1.11209             3.90332            -4.12854
0.423599            -7.32047             4.20148
1.09501            -2.05512             6.49495
-9.49278            -1.72002             5.86291
2.4955            -5.79913            -0.12726
-7.8991             6.89932             4.19691
0.672631             7.34703            0.401931
2.85715             3.06681             7.40257
1.42827            -7.46666            -2.36335
1.56438             8.51192            0.341199
-2.86904            -8.14661            -8.00439
3.54229           0.0457783           -0.825829
3.68328              6.3094             9.46227
-8.03979             9.81414             2.12104
-6.8572             9.03989             4.23139
5.69964             8.38191             9.42136
-3.00516              5.2678            -5.07708
-3.9378            -3.24747            -0.37144
0.653099             -9.4116             5.63006
-0.582291            -6.63381            -5.55437
-3.16935            -5.39262            -3.92346
-6.51387            -7.84326            0.611287
-4.86434           -0.950346            -1.60283
1.57964            -4.84481             3.46599
-3.34361             8.51314            -7.52006
-5.1912            -8.39106             4.28633
2.70791             6.34297            -2.07312
9.97162             1.02542             8.57265
-3.93444             8.44264             4.32356
9.90631            -4.15967              1.3596
5.98651           0.0982701             8.76278
9.84436             0.15656             9.20744
-5.11307             4.15601             3.94757
-7.20542            -4.35285            -2.69112
1.70812            -7.43828            -2.27149
-5.60503            -5.39964            -1.74138
5.20127            -3.37748            0.148322
0.0332669            -2.49458             5.63402
9.03806             2.19092            -2.14362
0.529499            -6.19983            -5.02212
-1.11087           0.0155662             2.26966
-2.15186            -6.92495             1.29551
-1.26865            -9.62798            -2.11188
9.78393              2.9725             5.06241
-8.01965            -3.88439            -9.83062
-3.12204             9.59807             6.89505
2.5013            -5.17746             7.70226
-6.35487             3.06009            -5.92517
-0.473034              6.1449            -9.94722
-4.79507            0.367443            -1.65476
-3.71563            -4.95651            -8.39106
-3.33018            -7.64397             7.73309
2.10181            -8.90988              2.2718
5.23911            -8.94955             9.66552
7.92719            -9.05515             1.50182
-0.962551             4.30189            -7.74743
-6.13635            -2.44423             1.14139
1.04862            -1.74505             8.16218
9.111             3.51207          -0.0247183
1.95532             4.89792             -5.4503
-3.91125            -8.40235             9.61822
3.97046             5.71887            -4.64553
-4.58235             1.92206             1.55217
3.41167              3.4904             7.56646
-3.54777            -2.53395            -5.11337
-2.77962             6.51143             1.29124
-5.52507            -2.60506            0.511797
8.87662             -3.9494              3.9668
5.99506             5.30564             1.28147
6.35243             -2.9786           0.0802654
5.34776             -2.2837            0.892363
8.91965              1.9657           -0.385752
0.626547             3.86609            -5.87054
8.86288             5.34623             7.08884
0.561849             2.19886             1.64159
3.6842             1.14444            -8.89492
7.57195            -3.79894            -9.21567
3.04972             9.16288            -9.37773
-3.8673             7.60613            -1.92878
-5.85406            -7.86615            -2.06459
-8.97519            -4.09589             3.06649
-2.48543            -2.24128            -2.91547
-4.13068            -6.58864             -8.4582
7.45964            -4.60677                1.76
6.36738             3.79162            -4.43586
-8.78689            -6.77907            -4.97482
2.94687             9.12168            -2.01971
-8.97641            -6.40095            -8.49757
6.33931            -3.69609             -4.1496
4.70351             3.83648             9.43907
2.47017            -2.33161             -5.4683
4.14136           -0.137333             2.30812
-1.70079            -1.66234             -4.7969
-9.02615            -2.37037            -8.45607
4.20149             2.88217           -0.311592
8.93247            -1.37455            -1.04373
-0.319222             4.82589            -7.75963
4.2436          0.00396914            -8.87661
-3.42173            -2.42714             4.10444
-8.14295             8.36299             7.05832
8.81955             7.25456            -4.01227
2.89773            -7.72393            -6.91854
-8.95474            -7.06656             5.82568
-7.99493            -7.96075            -8.20856
3.33232            -6.44673            -8.37824
3.55999             5.68713            -9.48637
-2.95297            -6.74581            -1.43498
-8.22016            -3.13364             4.10749
-4.48622            -7.11539              1.9306
2.38045             2.33375             -5.5919
0.386671             5.53209              6.7928
-2.05603            -6.72353            -3.57007
-8.82107            -5.69139             2.22631
-1.13804            -3.98358              6.3094
-2.93099             8.70907            0.126044
-7.58751            -1.17222            -4.18622
-3.81481             3.99091            -6.05792
7.73126            -7.11142            -6.70308
6.93289            -7.62169            -1.24027
-8.87112             -8.8934             9.96185
-8.71547            -5.47868            -4.41297
-0.0494383            0.482805             -8.1637
-0.146791             8.21833            -9.65026
-0.286261              2.9722            -7.96258
-8.35505               2.566             4.33027
-9.16227            -9.34568            -4.59517
-6.93197             4.21644            -8.82778
-2.54616            -2.88888             9.90051
2.14484            -8.38282             -7.3336
2.75704             8.85251           -0.883814
6.58712           -0.836817             8.74966
-3.80199             4.94614            -9.59746
5.43016            -1.45787            -9.13907
4.77462            -8.91568            -7.09311
4.52468           0.0427264             3.93262
-4.28632             2.09143            -2.26661
5.39781             6.74948           -0.317391
-2.16895             7.67205              6.8154
-0.958583            -3.21726             9.14609
7.92963             2.82418            -6.54805
8.72189            -1.45756            -2.60262
-4.73556             5.74938            -3.12265
-6.80288              2.2245             9.98626
9.38292            -3.86761            -5.23393
3.13303             9.06339           -0.528908
-8.94345            -8.52138           -0.554854
-1.46214            -4.78194            0.501726
9.89288             6.30299            -5.62425
-0.105592           -0.022582            -3.09183
1.70782            -8.53694             6.57613
-2.20649            -5.09018             5.05936
-0.457775             9.84314            -5.44847
0.840481             2.56478             5.11277
-5.04349             5.31511             0.94455
-9.81444            -5.65264            -6.63137
5.71063             4.94278             -5.2916
-2.73903              2.0188            -3.00058
7.53136             4.68948            -6.42994
0.172738            -1.22501             8.69991
6.95639             7.42546             3.46019
8.55281             2.11829            -4.59395
3.54229            -4.88967            -9.31303
-6.52302           -0.830408             -2.9606
7.81396             5.31785            -4.22803
5.39476            -6.71254             7.77246
6.15101            -1.55125             3.11167
-2.03558            -8.77804          -0.0155627
-0.887475            -2.57912            -5.39964
5.80493             5.32823             7.52648
4.67727            -8.83755            -3.96618
7.40929             0.62502            -5.24033
8.91385            -9.41313            -6.12598
8.04865            -1.01291            -6.17084
2.79733             8.86075             1.11851
-3.17209             5.01511             7.01436
-8.81771            -3.84747            0.910667
-7.84692             3.90637             6.39056
8.15485             6.59443            0.932648
-1.38127             7.33512            -9.50499
2.11707            -4.27351            0.748927
8.71426             8.96512            -1.80517
9.41618             2.46009             7.88293
6.40248             6.12445            -7.18558
0.112006             7.62658            -7.32871
3.10282             1.29002             4.74288
1.70385             9.77598            0.953705
9.4586            -8.17713            -3.28379
7.29576              -2.902             1.23631
-1.52989            -7.48924             -5.9038
6.34755            -9.25871             8.88943
-6.63747            -3.27067            -9.33897
1.42735            -4.68856            0.108953
-1.88391            -6.50868            -5.61327
5.88397             7.76177             -2.7253
-5.04318            -4.46516             -8.0636
-3.70189            -6.40919             7.65679
-6.09393            -8.37733              1.3358
-0.256353            -3.44097            -9.04446
6.77816             4.90097            -6.69027
-7.45414             7.95618            -9.50987
6.34785             4.29976             -1.1539
-5.13565              4.5323             2.39143
-5.44633            -7.04245             2.99722
-8.83633            -7.40928             6.81356
-8.05109             6.53127            -7.88598
-8.31202             3.92986           -0.289618
-4.86312              5.2974            -1.19541
-7.90704            -1.52348            -3.51879
1.70934             1.47831            -3.53833
5.08805             6.75497            -9.28621
4.65896            -7.95709            -9.86694
-3.56517             4.67147             8.29921
0.927155            -4.45755             8.77804
8.6169             3.09702             5.47411
-2.46711            -9.38414             9.13968
0.770288            0.932646             7.03452
-8.70327              9.5529             7.10898
6.11316            -3.12021             7.92444
7.37724            -8.39625            -9.29288
3.48705             9.01578             6.80044
9.21751            -3.00792             8.44753
6.88742             6.72231            -8.46553
-4.35011             3.77911             7.96991
1.78747             -4.6959            -7.29575
-7.29301            -3.59204             1.77496
-3.12906            -4.92691            -6.24622
-4.27411            -2.86233            -8.19605
6.55141           -0.463593           -0.652789
-2.72042            -8.37338            -1.56529
-9.38352             5.20707            0.522478
-9.35514             -4.1026             4.38246
0.203865            -7.06718             5.56078
1.63366            -7.34339              7.6632
-1.65624             7.91833            0.106511
-8.52473            -9.60539             8.50795
-6.92343             6.63503             -6.6451
-2.12409             5.32395             3.31248
-2.08716             6.03382            -2.90933
-2.55653              8.5287             3.66008
-0.759908             2.06885             -5.0374
-6.28132            -4.59883            -1.01355
0.122075              5.3679             4.02082
3.57799            -7.30003            -7.13248
-5.103             2.39662             1.07395
5.84338             6.70309           -0.901515
6.13361            -7.47642            -5.76342
8.66024             7.59087            0.255136
-1.93212              8.7637             5.06241
-3.65459             6.81295             1.32969
-8.41456            -2.41645            -8.15332
-2.18146             7.97784             7.15598
4.29213           -0.761742            -7.04916
-8.10419             9.16837             6.35121
9.49065             3.56273            -3.21238
-6.64815           -0.237434            -9.62889
0.426041             7.77642             1.53173
-2.74575            -6.96982            -9.77691
-2.68715             1.65685            -1.56163
6.65487             6.20502            0.308544
-3.01034             5.03769            -8.04773
8.27967             5.18479           -0.509047
-4.88693           -0.285041            -4.74196
5.68194            -6.13605            -1.33305
1.91809            -9.07071             3.57982
9.082            -9.70092             8.82901
6.41499            -9.96978              1.6892
-0.411081             4.51308            0.675987
-3.96344            -2.22388            -7.71843
-1.4774              1.2656             8.32698
3.99365            -3.05948             2.81259
-2.24677            -4.22712             3.35062
-8.04803           -0.969879             6.50928
-5.93463            -7.65007            -3.16906
7.69768             6.61061            -0.10502
0.733058             5.07828              9.6585
9.16044             7.66167            -5.93707
0.374769            -2.46681            -5.38072
-7.85333             5.43962             6.72689
-8.55311            -7.52983            -7.67876
9.66003            0.432143            0.970185
6.78274            -4.09345             1.83691
-2.81472             2.54494             4.49935
2.79519            -7.65191            -2.18329
-1.27994             0.93051             1.11149
-8.30408            -3.12601             5.64806
-3.55876            -9.07468            -2.74636
2.18177             -4.1966             7.16483
6.29658             4.57228             8.39076
9.02127             1.80548            -1.62725
6.03076             1.03427            -6.92251
4.93668            -3.73821            -4.16547
1.2888             2.99966            -8.73531
-3.58897            -3.85754           -0.527968
7.18467            -4.92202            0.459305
6.98691            -4.81735            -3.59386
-1.94006            -3.43638            -2.65633
-8.92453             8.17622            -1.73803
5.64928            -9.47325             8.27906
5.18571            -7.02658            -1.21799
-2.3075             4.62325             6.19251
5.13138             4.79385            -9.11771
-2.96457            -5.70879             5.39751
5.23972            -5.97491             7.02291
-7.0046            -4.02478             -8.0395
-7.85485            -6.57674             9.67039
6.31794              2.4723            -9.06983
9.03287           0.0686671             8.61446
9.729            -5.99109             3.81329
9.24558            -5.07614             9.73296
-8.72402             -9.6408            -7.90338
1.03          -0.0479136             6.36799
-6.57765             5.56566              3.3784
9.72564             3.98023             8.37367
7.58324             6.19831             6.38356
8.45394            -7.21091             2.49733
-7.58385            -7.62566             2.17811
-7.74499             8.59951             2.68319
7.55669             5.36424            -8.24732
-4.91348            -1.26896             1.23966
-4.91378              6.0387             2.50893
-9.71068             4.82559             4.64858
-8.69442            -3.95611             -7.1395
-2.1836            -3.77087            -2.34138
1.16032              2.5309             5.67217
-7.27958            -6.00146            -4.29548
5.7564            -8.17865             7.99494
-9.81048            -8.02515            -5.02945
6.17542             9.94751            0.942108
4.20545              1.1359             8.79147
-9.65972            -3.02743            -7.57896
-7.24021            -1.46947            -4.66292
-5.86962             9.59258             2.28981
9.91943              2.9075            -2.18665
6.99606             7.49413             7.62475
-8.15393            -1.41545             9.24435
-1.42643            -7.34428            -8.79514
2.03925             8.88669             5.49485
8.54915             2.75582             9.00815
1.69622            0.110782             7.98242
2.36244              8.2226             9.69085
-4.99161             4.42183             1.78717
-2.75704             5.54552            0.393385
-0.288092           -0.055238            -9.09451
-1.87231             4.10291             -9.9704
-6.93411           -0.620745            -5.99628
5.05112            -3.88165             9.79034
-8.7054             5.50981             9.03348
-7.89819             -4.2616            -7.50267
2.16651             5.86902             4.11451
-9.01059             7.35161             2.45613
4.11787             -1.1301           -0.327767
8.35506             3.44188             7.58507
1.21739             4.31776             1.47435
0.274974             9.13022            -3.58775
-1.77221              3.6729            0.224618
-3.96038            -7.12546             5.87726
5.79394             9.78698             4.79751
9.14457            -1.92663            -9.23093
6.00574             7.70013             7.31742
-7.0925             8.69869             5.65142
0.782191            -8.51008             7.70074
-2.80862            -5.04471             3.85388
1.27903             1.22837              -8.352
-0.125123             8.20307            0.295116
-0.487379            -9.16898            -4.34797
-3.14524            -4.74105             8.01691
-2.92031             2.25623             -2.3954
-1.67211             -7.3516            -7.00676
1.29795              3.6491           -0.933895
-1.01932             5.07553             4.57564
-2.25715            -2.10608             4.55642
4.17799           -0.505996              2.6191
-7.96289            -6.95578            -9.68627
3.02652            -1.43284             6.86148
5.83667             6.52394             6.44124
1.29399             6.29505            -7.49138
5.67156             9.72595             -5.0734
1.61229             3.91339            -7.26585
-3.41105            0.465713              5.5385
8.47988             9.56755             8.40053
-5.12131             1.77801            -6.91244
-4.51033             2.76803             9.67803
4.38246            -7.51762           -0.715352
5.26078            -8.36238              6.3802
-2.75857           -0.133669           0.0521884
4.43282             3.07718            -4.20423
7.39159             9.87762             6.01642
-2.58614            -5.58855           -0.432446
3.38725            -9.94842             5.33189
4.95407            0.851468            -7.61192
2.73782            -9.84588            -9.94751
3.72174          -0.0976587            -3.06131
7.32444               1.789             1.49053
-3.52153             7.74865            -7.93176
-2.31971             -8.7521             2.43843
2.1131             6.83889            -8.55556
-9.29472             3.70251            -2.72774
-7.53319             6.58864            -6.65944
-6.78304             4.26557            -6.66952
4.66354           -0.782495             9.96642
1.2534             1.49694            -1.59034
-4.42             4.85885             -6.9909
-4.56038            -2.01941             7.94397
-3.85449             4.30372             5.71185
-6.32038            -5.69353             1.88391
-1.66845             8.39503             1.53234
2.49703            -2.48817             6.80471
-7.15445             2.70638             1.74963
6.01337             8.56838            -1.28574
-7.72393             2.42378            -7.91864
2.74423             9.05942            -8.57326
7.14927            -7.58293            0.250559
7.97357            -9.73296             8.35902
-9.70763            -2.15857             5.77868
-5.60716            -8.23176            -6.50197
0.833769            -2.69112           -0.717794
6.36281             3.68694            -3.64116
-8.88943           -0.131228            -3.48826
3.043              7.8808           -0.729085
1.49907             2.03925            -4.48164
-2.12775             7.78192             9.51018
-9.8532             2.45094            -8.14569
-2.48512             4.52773            0.221261
-1.65654            -4.86526               8.511
5.31327            -4.02844             -8.4994
-4.28632            -1.17588            -7.20267
-5.692             5.55132            -9.88922
-0.434581             7.19749             9.48088
6.61123            -3.19498             4.76516
-5.34318            -4.98642            -5.20035
-2.29774            -7.27561           0.0711025
-3.88439             4.68581            -4.02906
-0.341194            -4.62477             -8.3798
-3.50383            -5.34533             4.03455
2.76345            -4.87716            0.563679
-1.63396            -6.39057            -6.14429
-6.039            0.212411            -7.14804
9.8819            0.334164           -0.195622
-0.404063             5.04532             6.39302
-8.32789             4.21339              7.6159
0.847806            -5.98346            -5.62792
-7.9049              3.3555            -7.42057
7.19047            -7.33268            -7.50969
3.28868             7.66167             2.49367
9.90051            -9.70122            -6.04999
9.31669            -8.88028            -8.18781
-3.00424            -5.13535             9.59868
-6.83889             8.63399             1.48503
6.87094             7.95374             0.81271
-5.42985             2.43842            -2.50221
3.04026            -2.24036            -8.18934
6.7214             -5.9093            -7.23136
1.89581            -1.14627            -1.25461
9.57091             7.03512             7.40135
3.03842            -5.87512             3.25419
3.05277            -4.03363             6.40217
-9.04355            -9.84405             2.37617
1.65319             3.17605             5.61907
7.03726             2.19977            -6.48305
-5.25315            -6.28773            -9.54283
0.520953            0.896636             8.21162
0.82034            -4.69833             6.85049
-7.3336             -5.1796             8.41884
9.38109            -6.42201             4.61256
-9.80834             6.78975             7.52983
-7.08732            -7.58751          -0.0497662
1.33671             4.76882            -7.64855
9.32066             8.85433            -5.15366
-0.904261             6.65333            -4.55763
7.92718             3.96832            0.202339
5.00412             5.35508            -9.22758
-0.251472             2.00446             -9.0231
-5.87603            -2.36917            -4.40535
0.7358             8.46431            -8.00531
7.54845           -0.390635            -4.53322
7.84265            -4.46883            -8.63338
-7.89208            -8.21377              7.8927
7.11447             9.10184            -5.89678
7.09922            -4.15387             9.72991
1.60375             8.70724             8.63003
1.93671             7.47184             5.45183
9.90112            -9.95697            -8.87051
2.00995             6.57705             5.03464
-5.8388             1.94128            -1.95044
0.383926            -4.46366            -4.80239
-8.89981            -7.72606             3.51177
7.50023             2.07801             1.97363
6.62892            -8.94864            0.198982
-5.62242            -5.41522             -2.0838
6.23524            -9.41038              3.6961
-2.31025             8.33461            -0.81057
-8.29463            -6.43117             9.27641
-6.92007            -6.61887             1.13071
7.27378             3.29997            -6.38233
-5.07126             5.93433            -5.34258
7.76208            -3.66466            -6.19678
3.71502             3.31157            0.581366
-8.04865           -0.449537             5.94257
5.06272             4.84603            -7.24204
-0.280465             9.09452             8.04041
-2.51625             7.71813             3.50505
-5.12864            -8.82534            0.465409
-7.05679            -8.63979             7.14164
-4.92508             7.58202            -8.96725
-9.61058             9.68627            -9.23704
-8.86227             7.31742              8.4695
4.92874              2.4012             4.64156
3.31858             7.98273            -6.23523
6.7507            -8.36421            -2.10761
5.94043            -1.80517            -9.46043
3.72845            -5.27512              4.4319
-0.0186161             5.74053             1.16367
2.02704            -8.34345             6.75436
-2.21259            0.457474             6.77969
-4.8915            -3.57372            0.715661
7.9989           -0.192266            -5.97064
-3.09763            -8.71731            -4.70076
-1.6953           -0.458997            -6.17206
4.28633            -5.39048            -7.11875
7.66533             1.26682            -2.42927
-4.96872             8.48384             1.89703
2.7073            -3.35246             8.51192
7.77887             2.65328            -4.27686
-2.84768             5.26261             -3.2786
9.51689            -6.73635            -1.89947
-7.07297             1.17954           -0.131227
-4.00494            -1.55919            -2.28554
2.19886             4.39924             2.32368
-8.93399            -1.07303            -4.38736
-3.32866           -0.609454             -9.1809
9.03714             7.32383            -0.20142
9.44395             -9.8233             4.16761
-0.286261            -2.67189            -3.69487
9.87274             7.24632            -1.46153
-2.63313             4.18378             9.78118
-0.910062             2.75918             9.50591
-3.37687             1.45726             7.05374
-8.98984            -7.29575             4.17158
-0.754719             6.59383              5.6444
-3.78643            -3.49345             6.92801
-9.09085            -9.80804             -7.2277
-7.69616            -8.78567              0.9946
4.04249             2.54891            -9.05453
-3.53648            -2.87576             7.16056
0.420547            -8.23115            -9.23002
6.33717             9.52422            -6.97989
-6.93563             4.97635            -7.49626
3.91278            -6.03076            0.686058
3.3549            -1.45329             5.81134
-0.874662            -3.98175             6.63869
-7.12454            -2.12775            -7.24235
8.00531             2.95938            -4.68154
-9.81536             8.35414            -1.40324
-9.80743             6.28987             3.70586
0.0213664            -2.91757            -1.09714
-3.76324             5.72863            -0.20905
9.83246             4.18592            -9.20682
-1.65136            -1.53752            -5.99597
-7.9403             8.13563            -8.50308
-2.42592            -6.92435             5.59923
5.1497            -8.51893               1.113
3.93109             2.55684             3.79559
8.66726            -3.47819            0.196541
3.30149             9.06613            -6.96035
1.43864            -7.34275              5.1442
9.60784            -4.38551             5.22935
3.11838             5.33464             4.60463
-3.33171             9.66308            -1.75939
1.31382             2.76803          -0.0991834
-1.88727            -3.59172            -7.03329
-6.76259            -5.26109            -8.16431
4.87869            -1.60436             6.40248
5.33983            -8.76339            -2.09723
-3.34605            -4.64949             -4.1792
4.50393             4.08887             6.75894
-0.171819             3.56822             3.75622
-3.20841             6.36159             2.70028
-0.308543            0.552387             6.78274
3.70678             1.59276            0.451065
5.85284           -0.137333            -1.55309
-2.28614            -6.78121             3.30699
-8.41823            -9.85442             7.73217
-5.05569             2.66915             8.70876
-6.05487            -6.30909             7.60827
5.70574             5.89252            -5.50249
0.335397            -7.32139            -9.48118
-5.93127            -5.95172            -8.30073
-7.45567            -6.08844             2.79061
7.19993            -8.46736            -2.05389
-1.50456           -0.386973             3.43608
-5.99627             5.80767            -1.06267
-4.73922            -9.85107            -7.69005
-4.86038              5.6563             8.23693
-4.92142            -8.59371            0.379957
-9.67375              3.6491             3.70892
-9.90814           -0.159916             3.90637
-1.00955            -4.12061             8.18262
0.845056            -8.20948            -5.36912
-5.2089             9.50163             6.88315
-3.87616           -0.731833             5.91205
0.372023           -0.266425            -5.93005
2.38685             9.21171            -5.53819
-5.00015              9.7586            -5.63677
-3.78979             8.23115             4.41176
-3.73729             8.01111            -5.87512
-2.91727             6.81631             -4.2558
6.88712            -2.06946            -8.51924
-4.5027            -1.58452             7.14957
9.29472            -3.52306             2.30018
6.22486             4.75112          -0.0625612
1.08127             3.29356             -7.4694
7.65496             8.50612            -8.09107
8.8342            -5.37217             2.67373
5.3682             2.44881             3.83465
2.43263             1.45482             5.69506
-6.78213            -3.91034            0.922881
0.997042             3.52825             4.40687
-1.15482             3.35826             2.60262
-2.71218            -7.64153             5.72863
1.89978             9.91394            -7.80724
-8.76552            -5.64257             9.75494
6.19129            -6.55415            -3.47484
-2.60353              8.7817             4.84511
1.99744            -2.10181            -9.32646
-3.37596            -4.05469             8.54944
5.42863              8.8348            -6.09029
-8.08862             7.23838           0.0329624
-8.87997             1.75481            -6.55629
1.8482            -1.95807            -3.45225
-9.15861            -9.49644             -7.0452
0.913422            -8.15699            -9.70031
0.793787            -8.71792             1.20823
0.314343            -2.16285            -7.41447
-9.38261            -4.97207            -4.73311
7.82892            0.502335             -4.3086
-9.27732            -4.60128            -4.77218
-0.335701             6.89474             8.03095
-5.49913             5.51805             8.02851
8.27998             2.72897             3.12205
-7.6693             1.00436             2.60201
0.394912             2.06672             8.47591
-0.24537             1.14109              7.2573
5.24797            -9.01242            -9.25107
4.71664             2.44301            -3.88104
9.75433            -4.46028            -9.71007
-1.82898            -8.95108           -0.890528
-8.92086            -6.98874            0.191353
1.71758            -8.67183            -3.40281
-6.85934            -5.25315            -3.64147
-3.19071            -9.12534             -6.3982
7.88141            -2.93527            -6.03503
6.63533            -6.08905            -6.10614
-9.4882             8.33613             1.93579
4.33119            -1.67669             8.69808
7.50664            -5.32639              2.5431
-3.62255             -2.9136            0.300608
-8.81893             6.84714            -0.15292
-8.64315             1.20701            -4.64403
-0.257268             2.71004            -1.27567
1.39653             7.81365           -0.522475
-4.61653             6.37044            -1.90741
9.18424            -1.83782            -6.98324
-7.55485             6.83554            -3.95153
8.89615            -6.68447             5.95721
-3.71685            -8.23023             2.73385
-5.83056            -9.50438             6.22669
7.92139             6.97409            -3.24076
-1.66051            -7.25578              5.3621
-8.99991             1.31962             8.34742
9.24345            -3.79925             3.86365
-1.08157             6.36769            -7.16666
-7.37358             6.21998            -4.43708
-1.03885            -5.90655            -6.98691
2.59224             6.55629            -5.36546
2.70852             6.74398            -9.30967
3.99884             8.56716            -6.56758
-9.61424             7.84143            0.525836
-6.96921              9.3582            -6.40797
9.49858             -1.8363             2.00018
8.95535            -3.81268             2.88766
7.27409             -6.6216              4.0437
-1.43071            -7.15873            0.757471
-9.26877             5.84491            -4.68581
2.76254             -8.8113            -2.59712
-2.13782            -5.73473            -8.53664
-3.6079           -0.205388             3.25297
-5.76067            -7.77428            -4.66232
-5.59801            -1.83416            -9.46806
2.12409              8.7283             6.46411
-1.81829            -1.45085            -6.32223
-2.83791            -7.59148             2.35664
0.199591             -7.6107             5.48082
7.78863             9.43541            -4.81582
-4.62081            -1.63762             3.47209
-7.76665            -5.13444              8.3462
-9.55779            -8.00836             7.52861
5.96729            -9.80376             5.38164
8.75027            -9.25108            -8.19025
-8.2638             7.71538             4.30525
-2.82266             8.04743              8.1225
-1.4066             3.75469            -6.91977
1.36387             7.51671             1.69103
3.00547            -7.34794            -5.06454
-7.8814            -1.93579            -6.04114
8.56777            0.517901            -8.90469
-7.54997            -5.64196            -7.94946
0.276805             3.54686             3.97076
-4.02417             8.80917             7.85669
0.794399             5.87482            -1.54607
-9.01791             6.47999            -9.45616
4.45601             2.62642             8.73593
-3.15012              2.8666             6.27919
9.03562              4.7499             1.76367
4.92538             7.80755             2.13386
-5.01602             9.44395            -9.96002
2.94534            -7.58904             6.25263
-7.29941             3.58837            -9.80773
-0.76693            -9.40397             2.85043
-7.73522            -2.51869            -9.52025
-0.469984             8.72433             4.74593
