-8.13087           -0.840001            -7.44081
-6.5975            -6.07996            -7.06657
9.05366            -4.79246            -7.25249
-9.40539             4.85229            -5.66175
7.0292             1.20678           -0.621413
0.246891             -1.3247             -2.5622
-7.63734             4.64015             8.06413
6.63363            0.592843             5.81572
-5.54776            -5.93692            -5.46634
2.08509             7.23952            -8.18308
6.89335            -9.56282             9.71223
-6.31818            -6.13343           -0.707934
1.53958           -0.299476            0.227477
-7.63541             1.02412             6.32133
1.49635            -5.53277             1.84577
1.71265            -9.33699            -8.31919
-1.58842            -9.45531             1.91194
-3.54447              4.3798              1.8839
2.45264            -7.02464             2.75505
7.127              5.1806            -4.73085
8.05591             8.00201             5.70016
3.0097             6.31859             6.50911
-3.20099             3.85465             8.42353
-3.93352             6.48882             6.83003
0.945441              -9.839             3.48965
3.92069            -7.55439             -9.8304
-4.43247            -9.42805             5.73508
5.03029            -8.50864           -0.729231
0.475057            -3.55789            -7.28807
-2.2955            -9.12357            -7.24022
-9.75009            -8.66889             7.72219
-2.85256            -4.85882             8.83116
5.05845             2.05818            -8.70205
7.79764            -3.87297             8.97364
7.05619              7.2593             4.67051
9.61421             -4.4914              2.1691
-2.94967             -1.7464            -9.74019
4.26201            -4.40127            0.195951
-7.23172            -9.44074             9.35931
-5.54906             6.28962           -0.453721
-0.565486            0.978184              -7.271
1.57362              5.7546             -6.5745
-5.49984             6.67886             9.81366
3.97047             2.00799            -7.12638
6.54362             1.92371            -5.15373
-1.73334            -6.29394            -5.44292
7.38448            -4.27462             8.26688
8.96482            -3.51911            -1.29407
-4.69659            -6.15845             6.69767
-5.6569             5.34984            -6.80799
4.69685            -8.23153             9.44169
-3.37976             5.29464             3.97182
3.27062             8.34361             2.32077
-3.83855            0.860824            -3.73273
1.50752             9.27918             6.82453
-4.43662             8.13331            0.786805
-6.66948            -7.60297             -3.9932
7.11203            -5.50601            -8.25738
-7.775             6.78883           -0.152011
-4.52077            -4.95022             8.18133
4.59453             -1.6689            -1.92539
-0.0572607             4.90039              9.8071
-0.159986            -9.09669             2.93498
-2.60198            -4.72816            -5.57669
-5.21219             2.94431             4.61431
4.47736            -6.38461            -3.67647
7.32811            -2.83562            -3.04776
-6.59472             5.30512            0.366107
-8.07374              1.7654            -8.50692
4.86461            -1.10483            -6.98192
-8.92381             8.67446             -4.7257
0.0123398             1.32679            -8.26412
-2.54506            -5.98044             7.29211
2.98563            -9.06784             9.13464
5.81973            -4.85749              6.3659
3.69492             7.87037             5.76401
8.6736             1.68706             8.16647
4.1007             9.34124             3.26422
-1.30074            -6.54906             1.01094
6.97675             6.07302            -7.38302
4.31691            -5.85536             4.59014
1.56722            -4.80465            -6.79585
0.379421             2.94856             -4.5332
-7.75677             1.28373              4.5787
7.37123             -3.0124             2.79038
2.4434            -4.31557            -8.19893
-6.72154             8.96717             8.60413
6.52904            -0.14419             8.57074
-5.99957             8.72075             -1.0551
0.91019           -0.915191             6.56417
4.68265              4.1074            -3.06451
3.57687            -7.18332             -4.1192
-5.5881             2.21561            0.580542
-2.0282            -9.55044             1.60406
-5.6954             5.63059             5.26052
-4.67101            -6.95042            -7.01494
5.75554             9.17574            -5.90185
2.7706            -2.69391            0.932545
6.85548             8.07999           0.0771219
-4.42648             2.70341             1.57957
-5.8981             8.60551            -2.59911
2.55088            -7.31961            -2.87568
-0.649373            -6.42159             9.40158
-2.03517            -7.53549             1.26369
2.95558            -4.02233             3.23223
0.60686             1.66096             9.83968
3.66546            -5.01773            -3.81137
9.50472            -8.87844             8.66044
9.03576             -3.2927            -5.85147
2.2804            -5.12251            -2.18643
3.41582            -9.55054             -5.7257
-6.46002            -2.30295              8.0439
3.54168            -6.90095             8.27989
1.33805           0.0421113            -7.23798
0.916829             4.16218             6.53486
-1.9962            -5.55372             6.84874
7.05543             9.49376            -2.29807
-0.678934             8.26809            -2.43718
8.58119            -0.89906            -7.22371
7.207             8.89381             8.61144
-1.26876             4.08046             9.44454
8.52893            -1.59551             8.88287
-0.162674             3.76227            -4.70162
9.07853             2.38152             4.57104
-2.95511            -3.92653            -4.39721
2.12618            -8.79825            -2.74648
-3.48052             4.52314              3.4962
-9.98078            -6.40696            -6.08346
5.47282            -1.68267            -6.82068
-6.60559             8.46982             1.53168
-1.66122             2.32217            -5.27384
-2.458             6.09058             5.02004
-6.37343             9.76702            -6.73397
0.687751             0.48302            -3.06105
4.21784             4.61581            -5.11651
-3.81518             5.79672             -4.2732
-4.66117            -3.84884            -6.86916
6.60168             4.60666            -3.00341
3.48688            -1.09486             8.22209
-0.831954            -4.27058            -5.69809
-5.54841            -0.61523             4.02097
-6.55198            0.252204           0.0789897
7.80579             8.43924            -4.48586
8.52562             6.55895            -7.57322
-6.94451             2.96319            -4.19972
-2.80148            -5.05517            -3.84348
6.94029            -7.64918             5.66138
3.11664            -4.59862             8.80205
-5.56004             5.49057            -5.11099
3.39124             5.99509             4.35034
-0.915925           -0.900053             -2.7519
-3.81793             9.78476             2.15568
6.22259             9.92534             -7.9277
1.0116            -1.85508             9.70039
8.35511            -1.02278            -6.87736
3.07882            -1.76546             3.27847
-2.86739             5.94101            -3.68602
7.02511         -0.00616774            -8.73444
-4.64946             9.80598            -3.11208
9.73299            -7.02761            -8.49036
-4.76448             -6.5955            -5.91442
-7.74876             5.98205            -6.22082
-6.90092             -7.8165            -9.47457
-5.32816            -9.03907            -7.69368
6.03172             3.24734            -4.68379
5.4587             9.55222            -8.06895
-5.47356             2.95946            0.240556
-7.84704             6.06581             4.99548
2.2738             9.23656             4.07831
-0.913872             5.55222            -3.27407
-8.88535             9.67072            -7.12563
-2.45917            -7.11663             4.59903
-2.64837             7.76608            -7.38859
0.0842766             2.91891             -9.9682
2.67018             6.19188              6.0656
-4.40332             2.41414             3.06697
0.773057             2.95801            -2.95417
1.63172            0.354744             2.33693
-8.0517            -1.99411            -3.75217
-3.37286            -8.93459             6.37657
2.7364             9.09265            -4.52756
-8.08823             -2.1934             7.05889
-1.75003             2.59932            -1.79442
4.10336             7.30207            -3.24874
-6.12112             7.79238            -9.43457
7.25568             2.60612             3.78411
2.32868             3.90492             2.96622
-2.95782            0.675719            -1.84428
-8.02708            -7.57465             7.77567
-6.25109            -2.12258            -0.28614
-4.41728             3.27021            -6.09757
-5.32876            -1.80363             2.68949
-5.62981            -5.86476            -6.02168
5.74672              -4.015            -6.01483
6.74846             9.49795               5.167
-3.04216             9.01689            -4.30507
7.93964            -7.22136            -9.29549
-5.82936             5.08768            -3.73122
4.50499            -9.01378             9.62729
-6.9812            -7.38364             3.84616
-1.83235             9.36629             4.74409
-1.36624            -8.67349             5.59921
2.61817           -0.217431            -9.71075
4.43347            -4.99077            0.841509
1.33215             9.40892             9.88715
8.76068            -2.72518            0.337017
0.278406             3.43994             5.71224
-5.85145             2.24022            -4.46594
-2.68465            -1.15729             9.07816
1.27649             3.02116            -9.32645
3.01054            -8.59664              3.8151
0.470155            -3.16886             -3.3377
4.91872            -8.64307            -2.91974
5.19773             3.24663              9.0948
3.0922             7.45709            -7.51492
5.97011            -4.97639            -8.79473
7.92014              4.5435            0.894788
3.89265              1.3771              6.2526
-4.30711             3.29536             7.86685
-1.48738             8.43708             9.71991
-7.70008             8.61315             5.01287
-2.2041             5.56869             3.51782
2.07873             4.60672             1.02613
8.70234             2.80134          -0.0663898
1.59617             6.09451             -3.7058
8.01021            -7.84104             2.28825
4.37103             5.20466             6.53142
-0.874766            -7.79248              7.4362
-1.74252           -0.176894             2.46876
-3.60802             9.25105            -1.21561
5.29278             8.09817             4.74305
-4.32555            -7.70379            -4.11806
-1.05277              8.9026             2.84778
-3.49841             4.66657            -5.18192
-6.337             4.97369             6.68786
-2.13903            -9.12323             7.75688
9.09561            0.453047             4.37852
1.35511           -0.940554             4.87444
6.9337            -8.81727            -5.32454
-4.77924            -7.82207             4.47989
-2.04425             7.22955            -1.67068
-3.07657             6.68125             1.03499
9.5121             1.67285           -0.988706
7.3151            -5.95059             1.06171
5.06126             2.90622            -1.70949
7.92912            -7.03515            -4.24063
0.98756            -4.70735               9.664
-7.77134             5.45059             8.47595
0.00733632             -2.3224            -3.27381
5.46378            -2.12221             2.49967
5.64193             2.82846             -8.0714
6.63681             8.49015            -4.07124
-7.7201            -9.00874             2.86943
-9.9773            -2.40834            -9.73451
-0.945688            -1.23373             3.01072
1.9138            -1.15635            -4.73242
