-8.09011           -0.788177            -7.41514
-6.59039             -6.0729            -7.03087
9.05962            -4.78333            -7.23791
-9.40244             4.86092            -5.64952
7.02725             1.20501            -0.62553
0.24234             -1.3268            -2.56608
-7.60644             4.63645             8.06218
6.63387            0.592091             5.81473
-5.5198            -5.92358            -5.46611
2.09383             7.23588            -8.18336
6.89385             -9.5622              9.7103
-6.31433            -6.12749           -0.709076
1.53387           -0.288048            0.224309
-7.6373             1.03179             6.31768
1.50932            -5.51822             1.84728
1.71143            -9.31589            -8.31292
-1.57688            -9.45811             1.90782
-3.54144             4.38063             1.87844
2.45756            -7.02265              2.7514
7.12808             5.18114            -4.72899
8.05864             8.00107             5.69861
3.00538             6.31616             6.50765
-3.17355             3.85408             8.42134
-3.92546             6.48732             6.82609
0.961781            -9.84411              3.4873
3.92377            -7.55572             -9.8316
-4.39668            -9.42615             5.73295
5.03027            -8.51209           -0.731692
0.488548            -3.56149            -7.29104
-2.28989            -9.12506             -7.2423
-9.73222            -8.66806             7.72094
-2.85108             -4.8617             8.83685
5.06467             2.05422            -8.68871
7.79594            -3.87414             8.97772
7.0549             7.25827             4.66981
9.60984            -4.49163             2.16875
-2.94056            -1.74671             -9.7395
4.26316             -4.4008             0.19403
-7.21213             -9.4382             9.35455
-5.53245             6.28936           -0.455682
-0.557625            0.978421            -7.27367
1.58214             5.75252            -6.57525
-5.4584             6.67695             9.81062
3.97756             2.00763            -7.12807
6.55901             1.92209            -5.15757
-1.72692            -6.29779            -5.44566
7.37976            -4.27731             8.26827
8.95955            -3.51671            -1.29496
-4.68443            -6.15903             6.69313
-5.65167             5.35958            -6.79081
4.70248            -8.22826             9.44366
-3.37776             5.29323             3.97264
3.26761             8.34233             2.31593
-3.84367            0.866852             -3.7377
1.5204             9.28189             6.82451
-4.43834             8.13194            0.784511
-6.663            -7.60543            -3.99391
7.11281            -5.50579             -8.2592
-7.76137             6.79078           -0.153536
-4.5077            -4.95296             8.17964
4.61123            -1.67194            -1.92939
-0.0591266             4.90988             9.80576
-0.15207             -9.0912             2.94208
-2.59866            -4.72756            -5.57574
-5.21833             2.95389             4.63174
4.47823            -6.38479            -3.64676
7.32408            -2.83663            -3.04109
-6.59717             5.30629            0.369781
-8.07653             1.77382            -8.50971
4.86089              -1.107            -6.98559
-8.9303             8.67193            -4.72478
0.0107328              1.3274            -8.26419
-2.55023            -5.96636             7.29094
2.9854            -9.06332             9.13113
5.8163            -4.84707             6.36268
3.6931             7.87533             5.76096
8.67041             1.69818             8.16319
4.09833             9.33642             3.25996
-1.30341            -6.54465             1.01565
6.97455             6.07402            -7.38384
4.31223            -5.85853             4.61126
1.566             -4.8042            -6.78126
0.374194             2.94889            -4.53079
-7.76018              1.2822             4.58219
7.37084            -3.01568             2.78915
2.43897            -4.31747            -8.20232
-6.72943             8.96611             8.60274
6.5249           -0.145019             8.56857
-6.00454             8.71881            -1.05809
0.908776           -0.917424             6.56081
4.67785             4.10532            -3.06714
3.573            -7.18432            -4.12134
-5.59192             2.21412            0.577605
-2.03081            -9.55146             1.60049
-5.69922             5.62962             5.25989
-4.67539            -6.95003              -7.017
5.75187             9.17115            -5.88272
2.77016             -2.6955            0.937749
6.85073             8.07804           0.0797619
-4.42964             2.70176             1.58602
-5.90472             8.60473            -2.60432
2.54725            -7.32132            -2.87729
-0.65533            -6.42108             9.39973
-2.03855            -7.53566             1.26221
2.95239            -4.02608             3.23018
0.60405             1.65935             9.83611
3.66118            -5.01906            -3.81448
9.50017            -8.88038             8.65705
9.03484            -3.29556            -5.85598
2.27679            -5.12539             -2.1891
3.41282            -9.55356            -5.72321
-6.46731            -2.30187              8.0446
3.53787            -6.90482             8.28539
1.33674           0.0432368            -7.22717
0.914418             4.16335             6.53816
-1.9999            -5.55655             6.84734
7.0545             9.49198            -2.30279
-0.682498             8.27476            -2.44164
8.57984            -0.89842            -7.22549
7.20153             8.89361             8.60861
-1.27349             4.07716             9.44317
8.52409             -1.5948              8.8799
-0.166572             3.76461            -4.70638
9.07372              2.3807             4.56747
-2.95816             -3.9289            -4.39989
2.12202            -8.79868            -2.75035
-3.48508             4.52485             3.49673
-9.98559            -6.40588            -6.08462
5.46934            -1.65863            -6.79077
-6.60609             8.47464             1.53385
-1.66514             2.32766            -5.26379
-2.45805             6.09651             5.02238
-6.3782             9.77325            -6.73923
0.686434            0.479001            -3.06256
4.21426             4.61449            -5.11852
-3.81804             5.79756            -4.27575
-4.66318            -3.84721            -6.86921
6.59815             4.60659            -3.00425
3.48193            -1.09418             8.22013
-0.833516            -4.25019            -5.69764
-5.55073           -0.599532             4.01861
-6.55338            0.260494           0.0740474
7.80293             8.44708            -4.48738
8.5214             6.56979            -7.57231
-6.94853             2.95937            -4.19725
-2.80164            -5.05673            -3.81503
6.9364            -7.64872             5.67345
3.11207            -4.59983             8.80594
-5.56283             5.49029            -5.11645
3.38901             5.99237              4.3456
-0.920061           -0.899233            -2.75444
-3.81987             9.78443             2.15285
6.22044             9.92248            -7.93286
1.0103            -1.85738             9.69574
8.35161            -1.02333            -6.88161
3.07478             -1.7683              3.2755
-2.87052             5.93711            -3.68925
7.02012         -0.00783476            -8.73506
-4.65223             9.80308            -3.11188
9.72672             -7.0272            -8.48493
-4.76758            -6.60027            -5.90407
-7.74675             5.98037            -6.20501
-6.90557            -7.81607             -9.4628
-5.33022            -9.04014            -7.67711
6.03051             3.24606              -4.689
5.45607             9.54864            -8.06903
-5.47783             2.96018            0.238144
-7.84977             6.06509             4.99231
2.27152             9.23494             4.07585
-0.917002             5.54886            -3.27592
-8.89085             9.66986            -7.12879
-2.46252            -7.11974             4.59723
-2.65134             7.76588            -7.39302
0.0808098             2.91477             -9.9689
2.66925             6.18896             6.06717
-4.40886             2.41511             3.06857
0.770665             2.95383            -2.93715
1.63086            0.355841             2.34678
-8.0539             -1.9931            -3.73382
-3.37437             -8.9368             6.38683
2.73446             9.09058            -4.53314
-8.08981            -2.19351             7.05551
-1.75184             2.60078            -1.79621
4.09911             7.30171            -3.25161
-6.12543               7.791            -9.43798
7.25139             2.61552             3.78368
2.3262               3.908             2.96427
-2.96181            0.674243            -1.84595
-8.03127            -7.57892             7.77336
-6.25342            -2.11857           -0.290567
-4.41849             3.27166            -6.09874
-5.33477            -1.80547             2.69047
-5.63301            -5.84277            -6.00122
5.74979            -4.00093            -5.99286
6.74226             9.49658             5.17044
-3.04258             9.03135            -4.28645
7.93661            -7.21465            -9.29669
-5.82835             5.08906            -3.73524
4.50098            -9.01188              9.6251
-6.97885             -7.3695             3.84461
-1.83679             9.38451             4.74129
-1.36398            -8.66267             5.59564
2.61617           -0.215049              -9.714
4.43825              -4.984            0.840049
1.32718             9.41293             9.88472
8.76036            -2.72068            0.334391
0.275586             3.44476             5.71917
-5.85303             2.25934            -4.46523
-2.68893            -1.16275             9.09684
1.28137              3.0206             -9.3172
3.0061            -8.59665             3.81934
0.468897            -3.16991            -3.33121
4.91751            -8.64865            -2.92433
5.20168             3.24566             9.09113
3.08827             7.45467            -7.51659
5.97162            -4.97925            -8.79767
7.91727             4.54086            0.893611
3.89593              1.3763             6.25106
-4.31471             3.29531             7.86499
-1.48684              8.4368             9.71766
-7.70543             8.61351             5.01125
-2.2009             5.56443             3.51412
2.07593             4.60365             1.02596
8.70316             2.80491          -0.0659099
1.59259             6.09066            -3.69058
8.01136            -7.84004              2.2914
4.36619               5.205             6.53435
-0.873792            -7.79347             7.44551
-1.74548           -0.179523             2.46546
-3.60616             9.24736            -1.21647
5.28758             8.09699             4.73986
-4.32421            -7.70664            -4.12054
-1.05623             8.90155              2.8457
-3.49493             4.66372            -5.18391
-6.34199             4.97288              6.6865
-2.1377            -9.12666             7.75504
9.09416            0.448356             4.37354
1.35725           -0.942952             4.86954
6.93158            -8.82041            -5.32488
-4.7832            -7.82464             4.48026
-2.0472             7.22547            -1.65474
-3.07425             6.68319             1.06571
9.51116             1.67609           -0.977352
7.3156            -5.95334             1.06233
5.05869             2.90148            -1.71418
7.92697            -7.03449            -4.24215
0.983949             -4.7044             9.66214
-7.77143             5.44781             8.47419
0.00514754            -2.32549            -3.27821
5.4676            -2.11987             2.49713
5.63885             2.83078            -8.07506
6.63938             8.48993             -4.0756
-7.72392            -9.01352             2.86728
-9.97687            -2.40792            -9.74041
-0.947012            -1.23376             3.01193
1.91259            -1.15519             -4.7339
