-8.21629           -0.960058            -7.49533
-6.61483            -6.09585            -7.14278
9.04171            -4.81436            -7.28897
-9.40971             4.83264            -5.68864
7.03268             1.21072           -0.612916
0.257303            -1.32121            -2.55383
-7.70487             4.65001             8.07014
6.63643            0.595721             5.81758
-5.61093             -5.9621            -5.46891
2.06938             7.25283            -8.18398
6.89656            -9.56111             9.71694
-6.32572            -6.13545           -0.706368
1.55174           -0.326241            0.234719
-7.63256             1.01018             6.33035
1.46316            -5.56828             1.84233
1.71905            -9.38482            -8.33144
-1.60772            -9.45009             1.92039
-3.54851             4.37827             1.89566
2.44346            -7.02985             2.76286
7.12641              5.1782             -4.7328
8.05328             8.00284             5.70377
3.01834             6.32464             6.51206
-3.25913             3.85697             8.42936
-3.94872              6.4938             6.84059
0.904864            -9.82713              3.4957
3.91426            -7.55159            -9.82801
-4.51273            -9.43469             5.74112
5.03283            -8.50073           -0.724026
0.438459            -3.55054            -7.28073
-2.31002            -9.12149             -7.2358
-9.78275            -8.67313             7.72704
-2.85559            -4.85169              8.8195
5.04438             2.06738            -8.72459
7.80175             -3.8706             8.96534
7.05911             7.26194             4.67568
9.62352            -4.49157             2.17433
-2.96628            -1.74767            -9.74294
4.26228            -4.40573            0.200454
-7.27055            -9.44964             9.37267
-5.58556             6.28958           -0.449053
-0.577914            0.975212            -7.26347
1.557             5.75945            -6.57407
-5.60072             6.68448             9.82211
3.96453             2.00855            -7.12372
6.51464             1.92644            -5.14556
-1.74947            -6.28417            -5.43755
7.39447            -4.26784             8.26261
8.98117            -3.52559             -1.2925
-4.72204            -6.15823             6.70764
-5.66877             5.33029            -6.83069
4.69302            -8.24027             9.44591
-3.38316             5.29757             3.97348
3.28211             8.34442             2.33314
-3.82606            0.849275            -3.72158
1.4667             9.27153              6.8227
-4.43037             8.13674            0.792785
-6.67889            -7.59883            -3.99198
7.11808            -5.50503            -8.25187
-7.7977             6.78539           -0.150345
-4.54602            -4.94341              8.1844
4.55266             -1.6618             -1.9145
-0.0504924             4.87967             9.80778
-0.177322            -9.10533             2.92163
-2.61084            -4.72913            -5.57439
-5.1992             2.92679             4.57848
4.47578            -6.38538             -3.7378
7.33681            -2.83392            -3.05747
-6.58835             5.30176             0.35798
-8.06849             1.74592            -8.50122
4.87405             -1.1013            -6.97506
-8.90969             8.68035             -4.7303
0.0148915             1.32538            -8.26471
-2.53461            -6.00682             7.29577
2.98483            -9.07843              9.1436
5.82635            -4.87684              6.3733
3.69955              7.8603             5.77128
8.67997             1.66805             8.17413
4.10653             9.35282             3.27434
-1.29496            -6.55738              1.0034
6.98223             6.06999            -7.38067
4.32643            -5.84859             4.55232
1.57105            -4.80579             -6.8175
0.391649             2.94754            -4.53733
-7.74961             1.28824             4.57869
7.36987            -3.00447             2.79165
2.4547             -4.3121            -8.19279
-6.70275             8.97001             8.60584
6.53791           -0.142388             8.57516
-5.98611              8.7218            -1.04832
0.911927           -0.910736             6.57222
4.69093             4.11344            -3.05879
3.58455            -7.18082            -4.11502
-5.57851             2.21756            0.586712
-2.02216            -9.54996             1.61151
-5.68679             5.63153              5.2613
-4.66261            -6.95004            -7.00814
5.76608             9.18637            -5.94782
2.77299            -2.69009             0.91723
6.86638             8.08611            0.072869
-4.41985             2.70799             1.56983
-5.88161             8.60518            -2.58739
2.55972            -7.31636            -2.87278
-0.636987            -6.42372             9.40446
-2.02888            -7.53559             1.26574
2.9609            -4.01283             3.23622
0.61338             1.66347             9.84905
3.67202            -5.01423            -3.80402
9.51502            -8.87302             8.66924
9.03599            -3.28612            -5.84081
2.28949            -5.11611            -2.18117
3.42299            -9.54341            -5.72816
-6.44235            -2.30618             8.04078
3.54847            -6.89158             8.27845
1.34143           0.0403297            -7.25551
0.921955             4.15893             6.53516
-1.98794            -5.54581             6.85585
7.05567             9.49664            -2.28558
-0.671286             8.25418            -2.42784
8.58281           -0.899548            -7.21937
7.22094             8.89362             8.61885
-1.25857               4.087             9.44653
8.54029             -1.5974             8.88977
-0.156127             3.75716             -4.6898
9.08973             2.38251             4.58001
-2.94801            -3.92222             -4.3918
2.13574            -8.79713             -2.7377
-3.4698             4.51818              3.4943
-9.97083            -6.40869            -6.08106
5.4796            -1.72597            -6.87925
-6.60536             8.46043              1.5273
-1.65344               2.312            -5.29466
-2.45858             6.08033             5.01728
-6.36218             9.75179            -6.72284
0.690248            0.491949             -3.0588
4.22474             4.61761            -5.11191
-3.80931              5.7945            -4.26833
-4.65727            -3.84504            -6.87039
6.61056             4.60918            -3.00244
3.49914            -1.09315             8.22671
-0.829243            -4.30921            -5.70183
-5.54349           -0.646352             4.02568
-6.54997            0.237913           0.0920571
7.81107             8.42664             -4.4812
8.53583             6.53931            -7.57583
-6.93647             2.97011            -4.20006
-2.80158            -5.05151            -3.89845
6.94841            -7.65092             5.64175
3.12688            -4.59546             8.79998
-5.55371             5.48822            -5.09822
3.39591             6.00102             4.36049
-0.907169           -0.903569            -2.74622
-3.81623             9.78476             2.16235
6.22698             9.92985            -7.91353
1.013            -1.85021             9.71289
8.36156             -1.0216            -6.86619
3.0871            -1.75948             3.28528
-2.85991             5.94831            -3.67963
7.03895         -0.00343536            -8.73688
-4.64287             9.81252            -3.11182
9.74784            -7.02704            -8.50086
-4.75712            -6.58472             -5.9359
-7.75662              5.9868            -6.24956
-6.89041            -7.81745            -9.50033
-5.32498            -9.03611            -7.72793
6.03299             3.24873            -4.67238
5.46447             9.56174             -8.0743
-5.46467             2.95652            0.245611
-7.84291             6.06738             5.00295
2.27828             9.23919             4.08366
-0.906586             5.56016            -3.27069
-8.87151              9.6721            -7.11789
-2.4528            -7.10737             4.60212
-2.6408             7.76417            -7.37787
0.0932632             2.92956            -9.97006
2.67118             6.19896             6.05992
-4.39216             2.41223             3.06249
0.777434             2.96758            -2.98927
1.63371             0.35273              2.3141
-8.04728            -1.99587            -3.79157
-3.37176            -8.92802             6.35476
2.74018             9.09656            -4.51449
-8.08633            -2.19333             7.06726
-1.74699              2.5962            -1.79024
4.11244              7.3018            -3.24205
-6.10905             7.79242             -9.4256
7.26494             2.58543             3.78364
2.33494             3.89854                2.97
-2.94976            0.678565            -1.84164
-8.01621              -7.565             7.77919
-6.24797            -2.12703           -0.276342
-4.41504             3.26615            -6.09414
-5.31585            -1.79792             2.68572
-5.6234            -5.90277            -6.06251
5.73965            -4.04855            -6.05705
6.76363             9.50673             5.16802
-3.04119             8.98797             -4.3453
7.94536             -7.2327            -9.29481
-5.83116              5.0875            -3.72118
4.51341            -9.01571               9.632
-6.98684            -7.41347             3.84969
-1.8217             9.32393             4.75205
-1.37094            -8.69731             5.60823
2.62034           -0.219102            -9.70231
4.42219            -5.00061            0.844516
1.34465             9.41203             9.89109
8.76204            -2.73478            0.341692
0.285342             3.42909             5.69786
-5.84665             2.20185            -4.46636
-2.67489            -1.14529             9.04354
1.26472             3.02355             -9.3389
3.01952            -8.59637              3.8122
0.474062              -3.166            -3.34735
4.91911            -8.62947            -2.90733
5.18748             3.24845             9.10295
3.0995             7.46451            -7.51222
5.9657            -4.96975            -8.78794
7.92599             4.54918            0.895887
3.88568             1.37817             6.25514
-4.28803             3.29478             7.86959
-1.48979             8.43571              9.7246
-7.68552             8.60949             5.01439
-2.2119             5.58007             3.52564
2.08391             4.61502             1.02627
8.6978              2.7914          -0.0683312
1.60355             6.10264            -3.73592
8.00808            -7.84312             2.27885
4.38196             5.20406             6.53161
-0.878459             -7.7901             7.41943
-1.73677           -0.170899             2.47416
-3.61138              9.2594            -1.21459
5.30399             8.10168             4.75105
-4.32697            -7.69476             -4.1123
-1.04567             8.90341             2.85166
-3.5054             4.67279            -5.17767
-6.32639             4.97568             6.68945
-2.14182            -9.11318              7.7593
9.09691            0.465725             4.39089
1.34968           -0.935453             4.88594
6.93629            -8.80979            -5.32342
-4.76847            -7.81408             4.47805
-2.03905             7.23791            -1.70276
-3.08163             6.67648            0.965048
9.51209             1.66506            -1.01276
7.31305              -5.943             1.06295
5.06601             2.91764             -1.6996
7.93448            -7.03561            -4.23738
0.99701            -4.71469             9.66657
-7.77047             5.45675                8.48
0.0101078            -2.31576            -3.26192
5.45385            -2.12831             2.50619
5.6482             2.82342            -8.06209
6.62983               8.489            -4.06057
-7.71114            -8.99657             2.87296
-9.97721            -2.40906            -9.71978
-0.943385            -1.23404              3.0063
1.91526            -1.15845            -4.72906
