-8.26192             -1.0292            -7.52489
-6.62511            -6.10459             -7.1845
9.03594            -4.82727             -7.3112
-9.41085             4.82138            -5.70337
7.03423             1.21289           -0.608512
0.263232            -1.31979             -2.5493
-7.7427             4.65635             8.07424
6.63919            0.597814             5.81844
-5.64886            -5.97473            -5.47145
2.0621              7.2623            -8.18519
6.90017            -9.55884             9.71981
-6.32937            -6.13232           -0.705868
1.55822            -0.34167            0.238817
-7.63156             1.00366             6.33584
1.44248            -5.58956             1.84031
1.72422            -9.41206            -8.33774
-1.61562            -9.44763             1.92473
-3.5496             4.37753             1.90199
2.43921            -7.03308             2.76705
7.12698              5.1764            -4.73303
8.05338             8.00278             5.70595
3.02271             6.32829             6.51357
-3.29001             3.85884             8.43305
-3.95581             6.49766              6.8475
0.879751            -9.82026             3.49951
3.91133            -7.54996            -9.82669
-4.55857            -9.43953             5.74507
5.03532            -8.49627            -0.72125
0.414589             -3.5468            -7.27627
-2.31899            -9.12089             -7.2334
-9.79882            -8.67668             7.73079
-2.85711            -4.84741             8.81352
5.0366             2.07281            -8.73435
7.80419            -3.86941             8.96117
7.06081             7.26359             4.67989
9.62868            -4.49202             2.17909
-2.97398            -1.74923            -9.74507
4.26384             -4.4098            0.203077
-7.2909            -9.45607             9.38148
-5.60571             6.28924           -0.446295
-0.582569            0.972463             -7.2583
1.54897              5.7622            -6.57445
-5.66161              6.6883             9.82769
3.96521             2.00881            -7.12273
6.50064             1.92765            -5.14128
-1.75923            -6.27816            -5.43492
7.39975            -4.26356             8.25958
8.99203            -3.52974            -1.29178
-4.73541            -6.15859             6.71314
-5.67535             5.32039            -6.83698
4.69461            -8.24602             9.45194
-3.38439             5.29904             3.97588
3.29013             8.34393             2.34081
-3.81851            0.843837            -3.71526
1.43673             9.26637             6.82061
-4.42603             8.13894            0.796632
-6.68229            -7.59709            -3.99136
7.12464            -5.50379              -8.248
-7.80752             6.78399           -0.150178
-4.55877             -4.9393             8.18593
4.52652            -1.65764            -1.90741
-0.0457955             4.86806             9.80682
-0.186894            -9.10875             2.91536
-2.61634             -4.7295            -5.57146
-5.19233             2.91887             4.56006
4.47508             -6.3863            -3.76972
7.34168            -2.83328            -3.06074
-6.5843             5.29946            0.353557
-8.06602             1.73485            -8.49826
4.8799            -1.09997            -6.97178
-8.90192             8.68379              -4.734
0.0158882             1.32455            -8.26536
-2.52931            -6.01925             7.29838
2.98387            -9.08443             9.14921
5.82967            -4.88593             6.37745
3.70242             7.85507             5.77562
8.6833             1.65963             8.17866
4.11001             9.35978              3.2804
-1.29188            -6.56121              1.0006
6.98558             6.06794            -7.37909
4.33138              -5.845             4.53546
1.57376            -4.80645            -6.82507
0.398738             2.94677            -4.53904
-7.74585             1.29134             4.58212
7.36814            -2.99975             2.79173
2.46159            -4.31048            -8.18989
-6.69158             8.97189             8.60614
6.54276           -0.141424             8.57747
-5.97744             8.72084            -1.04454
0.912234           -0.908489             6.57695
4.69441             4.11748            -3.05567
3.58838            -7.17929            -4.11295
-5.57267             2.21799            0.589987
-2.01859            -9.55052              1.6154
-5.6818             5.63134             5.26149
-4.65856            -6.94909            -7.00318
5.77317             9.19252            -5.97533
2.77507            -2.68783            0.906815
6.87269             8.09054           0.0711132
-4.4163             2.71097              1.5664
-5.87155             8.60402             -2.5808
2.56494            -7.31468            -2.87137
-0.630417            -6.42528             9.40541
-2.02591             -7.5358             1.26633
2.96311            -4.00698             3.23823
0.617224              1.6644             9.85513
3.67428            -5.01205            -3.79971
9.52097            -8.86951             8.67493
9.03532            -3.28235             -5.8346
2.29508             -5.1126            -2.17857
3.42725            -9.53923            -5.72844
-6.43161            -2.30835             8.03817
3.55154            -6.88592             8.28146
1.34348           0.0396308            -7.26275
0.924728             4.15683             6.53835
-1.9833            -5.54061             6.86132
7.05499             9.49788            -2.27774
-0.667202             8.24691            -2.42291
8.5831           -0.899393            -7.21667
7.22986             8.89339             8.62384
-1.25306             4.09024             9.44727
8.54705            -1.59867             8.89374
-0.153413             3.75433             -4.6826
9.09632             2.38257             4.58554
-2.94392            -3.92025            -4.38898
2.14114            -8.79638            -2.73269
-3.46354             4.51489             3.49302
-9.9656            -6.40929            -6.07981
5.4829            -1.74529            -6.90794
-6.60562             8.45588             1.52519
-1.6496             2.30728             -5.3055
-2.45921             6.07607             5.01691
-6.35557             9.74265            -6.71694
0.691444            0.497006            -3.05801
4.2281             4.61806            -5.10935
-3.80626             5.79311            -4.26599
-4.65529            -3.84013            -6.87168
6.61601             4.61127             -3.0023
3.50652            -1.09092             8.22945
-0.828067            -4.32816            -5.70512
-5.54091           -0.661753              4.0281
-6.54928            0.231851            0.100419
7.81345              8.4219              -4.478
8.54204             6.53052            -7.57764
-6.93231             2.97314            -4.19833
-2.8018             -5.0494            -3.92532
6.95275            -7.65237             5.63412
3.13266             -4.5935             8.80121
-5.5501             5.48542            -5.09074
3.39842             6.00422             4.36593
-0.902458           -0.906313            -2.74299
-3.81641             9.78435             2.16633
6.2293             9.93164            -7.90435
1.01306            -1.84754              9.7209
8.36447            -1.02087            -6.85912
3.09136            -1.75632             3.28915
-2.85548              5.9517            -3.67647
7.0481         -0.00232588            -8.74016
-4.63895             9.81619            -3.11124
9.75695            -7.02611            -8.50619
-4.7528            -6.57862            -5.94696
-7.76252             5.98994            -6.26324
-6.88442            -7.81791             -9.5142
-5.32374            -9.03411            -7.74582
6.03308             3.24887             -4.6662
5.46765             9.56803            -8.07998
-5.46006             2.95434            0.248279
-7.84149             6.06823              5.0073
2.28047              9.2403             4.08664
-0.902416             5.56472            -3.26911
-8.86277              9.6724            -7.11313
-2.44966            -7.10114             4.60341
-2.63586             7.76214            -7.37137
0.0990411             2.93614            -9.97271
2.67118             6.20331             6.05569
-4.3865             2.41129             3.05964
0.779446             2.97304            -3.00738
1.63485            0.351789             2.30109
-8.04503            -1.99666            -3.81265
-3.37217            -8.92326             6.34294
2.74213             9.09859            -4.50688
-8.08582            -2.19331             7.07239
-1.74573             2.59454            -1.78778
4.11736             7.30115            -3.23813
-6.10084             7.79094             -9.4197
7.27001             2.57408             3.78271
2.33875              3.8952             2.97193
-2.94569            0.679967            -1.84064
-8.00945            -7.55961             7.78043
-6.24706            -2.12775           -0.270962
-4.41398             3.26351            -6.09183
-5.30883            -1.79396             2.68285
-5.62016            -5.91943            -6.08349
5.73557             -4.0687            -6.07769
6.77285             9.51395             5.17224
-3.04063             8.97348            -4.36707
7.94805            -7.23761            -9.29535
-5.832             5.08897            -3.71502
4.51797            -9.01616             9.63468
-6.99018            -7.42915             3.85164
-1.81535             9.29973              4.7575
-1.3734            -8.71023              5.6138
2.62052           -0.218232            -9.69683
4.41551            -5.00372            0.846101
1.35252             9.41843             9.89264
8.76301            -2.73984             0.34381
0.289562             3.42304              5.6905
-5.84336             2.18226            -4.46596
-2.66941            -1.13868             9.02747
1.25755             3.02555            -9.34235
3.02409            -8.59609             3.81331
0.476815             -3.1641            -3.35064
4.91822            -8.62108            -2.89929
5.1811             3.24948             9.10764
3.1031             7.46967            -7.51117
5.96271            -4.96575            -8.78405
7.929             4.55221            0.895842
3.88195             1.37854             6.25625
-4.27626             3.29415             7.87026
-1.49178             8.43404             9.72709
-7.67593             8.60624             5.01412
-2.21658             5.58738             3.52972
2.08638             4.62033             1.02624
8.69385             2.78473          -0.0698067
1.60745             6.10697            -3.75109
8.00707            -7.84425             2.27258
4.38829              5.2039             6.53426
-0.881254            -7.78869             7.41181
-1.73392           -0.167406             2.47623
-3.61287             9.26418            -1.21439
5.31017             8.10417             4.75606
-4.32693            -7.68831            -4.10881
-1.04203             8.90322             2.85347
-3.50901             4.67616             -5.1752
-6.32056             4.97693             6.68965
-2.14332            -9.10655             7.75994
9.09674             0.47388             4.39844
1.34633           -0.932692             4.89262
6.93679            -8.80536            -5.32251
-4.76149            -7.80843             4.47647
-2.03676              7.2423            -1.71904
-3.08443             6.67359             0.92546
9.51123              1.6605            -1.02552
7.31147            -5.93813             1.06472
5.06817              2.9244            -1.69438
7.93765            -7.03542            -4.23563
1.00297            -4.71924             9.66738
-7.76971             5.46021             8.48236
0.0105834            -2.31217            -3.25421
5.44766            -2.13217             2.51026
5.65151             2.82065            -8.05632
6.62533             8.48764            -4.05411
-7.70597            -8.98906             2.87454
-9.97672            -2.40936            -9.71084
-0.942389            -1.23436             3.00302
1.91549            -1.15939            -4.72718
