-8.04997           -0.741263            -7.39002
-6.58429            -6.06645            -6.99597
9.06543            -4.77535            -7.22562
-9.39909             4.86888            -5.63805
7.02516             1.20336           -0.629576
0.238181            -1.32917            -2.56978
-7.57669             4.63348             8.06089
6.63539            0.591823             5.81367
-5.49266            -5.90923            -5.46649
2.1034             7.23442            -8.18413
6.89582            -9.56053             9.70858
-6.31047            -6.11765           -0.710515
1.52841            -0.27786            0.221426
-7.63953             1.04011             6.31453
1.52013            -5.50563             1.84869
1.71154            -9.29636             -8.3064
-1.56401            -9.46103             1.90377
-3.53767             4.38151             1.87326
2.46269            -7.02106             2.74789
7.12961             5.18123            -4.72641
8.06232             7.99974             5.69713
3.00103             6.31412             6.50619
-3.14707             3.85384             8.41958
-3.91712             6.48625             6.82287
0.976015            -9.84873             3.48532
3.92657            -7.55708            -9.83288
-4.36292            -9.42515             5.73141
5.0311            -8.51522            -0.73408
0.499275            -3.56504            -7.29359
-2.28536            -9.12686            -7.24433
-9.71241            -8.66803             7.72041
-2.84965            -4.86415             8.84243
5.07027             2.05058            -8.67356
7.79446             -3.8753              8.9817
7.05369             7.25741             4.67058
9.60551            -4.49205             2.16999
-2.93081            -1.74768            -9.73924
4.26508            -4.40145            0.192301
-7.19159            -9.43693             9.35094
-5.51676             6.28892           -0.457432
-0.548598            0.977801            -7.27578
1.59077             5.75068            -6.57631
-5.42206             6.67559             9.80827
3.98773             2.00717               -7.13
6.57534             1.92023            -5.16122
-1.72158              -6.301            -5.44842
7.37521            -4.27966             8.26926
8.95642            -3.51487            -1.29594
-4.67261             -6.1599             6.68884
-5.64698             5.36935            -6.76913
4.71083            -8.22553             9.44852
-3.37566             5.29191             3.97461
3.2668             8.34045             2.31193
-3.84815            0.873001            -3.74236
1.52937               9.284             6.82398
-4.43895             8.13069            0.782586
-6.65497             -7.6082            -3.99475
7.11631            -5.50512             -8.2605
-7.7457             6.79283           -0.155552
-4.49395            -4.95526             8.17776
4.62566            -1.67473            -1.93252
-0.0598211             4.91898             9.80391
-0.144548            -9.08474              2.9495
-2.59611            -4.72687            -5.57315
-5.22424             2.96401             4.64886
4.47915            -6.38535            -3.61745
7.32014             -2.8377            -3.03304
-6.59919             5.30716            0.373179
-8.07946             1.78138            -8.51248
4.85776            -1.10942            -6.98948
-8.93652             8.66964             -4.7248
0.0088677             1.32796            -8.26448
-2.55538            -5.95162             7.29013
2.9847            -9.05937             9.12816
5.81271            -4.83605             6.35981
3.69157             7.88031             5.75823
8.6671             1.71077             8.16015
4.09632             9.33212             3.25613
-1.30594            -6.54013             1.02099
6.97265             6.07469            -7.38445
4.30755            -5.86156             4.63397
1.56517            -4.80385            -6.76377
0.369502             2.94912            -4.52815
-7.76347             1.28106             4.58807
7.36969            -3.01854             2.78751
2.43538            -4.31951            -8.20601
-6.73647             8.96523             8.60101
6.52089            -0.14579             8.56637
-6.00841             8.71593            -1.06081
0.907003           -0.919677             6.55789
4.6726             4.10384            -3.06963
3.56911            -7.18517            -4.12353
-5.59511              2.2123            0.574737
-2.03325            -9.55299             1.59703
-5.70285             5.62841             5.25907
-4.6799            -6.94935            -7.01831
5.74913             9.16698            -5.86576
2.77014            -2.69691            0.941504
6.84634             8.07668           0.0828262
-4.43275             2.70052             1.59363
-5.91037             8.60334            -2.60914
2.54415            -7.32321            -2.87912
-0.661225              -6.421             9.39767
-2.04213              -7.536             1.26041
2.94878            -4.02922             3.22805
0.60147             1.65748             9.83313
3.65623            -5.02012            -3.81724
9.49591             -8.8818             8.65417
9.03337            -3.29817            -5.85999
2.27374            -5.12804            -2.19181
3.41012            -9.55627            -5.71967
-6.47382            -2.30115             8.04483
3.53372            -6.90823             8.29486
1.33567           0.0445512            -7.21459
0.912071             4.16424              6.5441
-2.00336            -5.55869             6.84756
7.05302             9.48985            -2.30655
-0.685889             8.28126            -2.44602
8.57812           -0.897511             -7.2271
7.19678             8.89309             8.60611
-1.27802             4.07386             9.44147
8.51967             -1.5942             8.87721
-0.170931             3.76686            -4.71045
9.06931             2.37972             4.56444
-2.9609            -3.93143            -4.40259
2.11827            -8.79906            -2.75396
-3.48918             4.52607             3.49695
-9.99035            -6.40468            -6.08577
5.4658            -1.63294            -6.76043
-6.60685             8.47952             1.53592
-1.66907             2.33344            -5.25395
-2.45834             6.10293             5.02532
-6.38247             9.77867            -6.74429
0.685059            0.475187            -3.06437
4.21054             4.61289            -5.12033
-3.82086             5.79826            -4.27839
-4.66527             -3.8428             -6.8697
6.59514             4.60757            -3.00533
3.47772            -1.09233             8.21838
-0.835234            -4.22861            -5.69815
-5.55292           -0.583766             4.01623
-6.5551            0.269595           0.0700267
7.79995             8.45595            -4.48841
8.51768             6.58132            -7.57159
-6.95267             2.95535            -4.19295
-2.80197            -5.05813            -3.78571
6.93253            -7.64843             5.68708
3.10779            -4.60081             8.81216
-5.5654             5.48916            -5.12139
3.38678             5.98982             4.34105
-0.924094           -0.899013            -2.75685
-3.82258             9.78393             2.15028
6.21826             9.91912            -7.93684
1.0086            -1.85965             9.69207
8.34793            -1.02389            -6.88505
3.07078            -1.77106              3.2728
-2.8733             5.93305            -3.69251
7.01627         -0.00973641             -8.7368
-4.65476              9.8004            -3.11152
9.72089            -7.02626            -8.47922
-4.77034            -6.60468            -5.89401
-7.746             5.97912             -6.1877
-6.9099            -7.81572            -9.45186
-5.33266            -9.04101            -7.66078
6.02887             3.24438            -4.69384
5.45358             9.54565            -8.07082
-5.48198             2.96036            0.235787
-7.85298             6.06439              4.9895
2.26922             9.23308             4.07349
-0.919799             5.54591            -3.27793
-8.89561             9.66901            -7.13156
-2.46606            -7.12187             4.59523
-2.65395             7.76486            -7.39694
0.0778772             2.91138            -9.97066
2.66809             6.18636             6.06796
-4.41441             2.41608             3.06974
0.768119             2.95003            -2.92048
1.63008            0.357018             2.35558
-8.05613            -1.99197            -3.71636
-3.37651            -8.93848             6.39676
2.7324             9.08828            -4.53816
-8.09195             -2.1937             7.05259
-1.75383             2.60219            -1.79784
4.09501             7.30102            -3.25423
-6.12883             7.78882            -9.44087
7.24727             2.62432             3.78282
2.32413             3.91102             2.96221
-2.96579             0.67271            -1.84786
-8.03469             -7.5828             7.77066
-6.25636            -2.11313           -0.294679
-4.4198             3.27273            -6.09955
-5.34057            -1.80669              2.6909
-5.63624            -5.81829            -5.98027
5.7526            -3.98821            -5.97006
6.73683             9.49742             5.17679
-3.04296             9.04583            -4.26873
7.93348            -7.20705            -9.29847
-5.82723             5.09115            -3.73867
4.49699            -9.00906             9.62291
-6.97679            -7.35587             3.84321
-1.84073             9.40082             4.73909
-1.36177            -8.65264             5.59261
2.61354           -0.211727            -9.71679
4.44259            -4.97596            0.838593
1.32284              9.4212             9.88196
8.76033            -2.71644            0.331525
0.273133             3.44917             5.72587
-5.8541             2.27865            -4.46424
-2.69281            -1.16792             9.11651
1.28574             3.02037            -9.30576
3.00167            -8.59659              3.8256
0.46804            -3.17077            -3.32354
4.91566            -8.65361            -2.92796
5.20488             3.24455             9.08761
3.08401             7.45299             -7.5185
5.9727            -4.98195            -8.80034
7.91443             4.53834            0.891994
3.89907             1.37526             6.24926
-4.32117             3.29501              7.8629
-1.48668             8.43591             9.71541
-7.70968             8.61285             5.00914
-2.19815               5.561             3.51057
2.07295             4.60123             1.02572
8.70314             2.80771          -0.0657531
1.58903             6.08691            -3.67508
8.01257            -7.83906             2.29354
4.3616             5.20531             6.53968
-0.873359            -7.79432             7.45554
-1.74855           -0.181984             2.46175
-3.60419             9.24392            -1.21756
5.28253             8.09607             4.73709
-4.32251            -7.70854            -4.12288
-1.05963             8.90002             2.84353
-3.49136             4.66108            -5.18595
-6.3469             4.97214             6.68476
-2.13639              -9.129             7.75272
9.09217            0.444664             4.36928
1.35904           -0.945289             4.86517
6.92888            -8.82319            -5.32518
-4.78632            -7.82638             4.48032
-2.05041             7.22141            -1.63876
-3.07202             6.68487              1.0938
9.50952              1.6789           -0.966409
7.31576            -5.95544             1.06384
5.05602             2.89734            -1.71871
7.92519            -7.03357            -4.24364
0.981018            -4.70182             9.65982
-7.7713             5.44519             8.47255
0.00248536            -2.32845            -3.28171
5.47073            -2.11797             2.49504
5.63572             2.83301            -8.07814
6.64142             8.48916            -4.07942
-7.72733            -9.01748             2.86474
-9.9761            -2.40747            -9.74537
-0.94846             -1.2339             3.01251
1.91107            -1.15397            -4.73525
