-8.00989           -0.698876            -7.36503
-6.57918            -6.06067            -6.96127
9.07102            -4.76852            -7.21549
-9.39543             4.87625            -5.62731
7.02292             1.20182           -0.633564
0.234382            -1.33183            -2.57332
-7.54753             4.63118             8.06024
6.63839            0.592059             5.81256
-5.46526            -5.89343            -5.46739
2.11402             7.23533            -8.18537
6.89932            -9.55779             9.70702
-6.30665             -6.1034           -0.712302
1.52318           -0.268868            0.218818
-7.64214             1.04923             6.31184
1.52898            -5.49486             1.85003
1.713            -9.27824            -8.29951
-1.54973            -9.46409             1.89978
-3.53313             4.38246             1.86834
2.46803            -7.01987             2.74453
7.13157             5.18082            -4.72304
8.06696             7.99799             5.69567
2.99661             6.31245             6.50472
-3.12143             3.85388             8.41823
-3.90851             6.48549             6.82028
0.988494             -9.8529             3.48369
3.92895            -7.55852            -9.83428
-4.33058            -9.42503             5.73046
5.03281            -8.51802           -0.736411
0.507522            -3.56853            -7.29575
-2.28187              -9.129            -7.24631
-9.68993            -8.66878             7.72057
-2.84829            -4.86618             8.84793
5.07523             2.04718            -8.65627
7.79321            -3.87646             8.98556
7.05252             7.25669             4.67299
9.60112            -4.49263             2.17292
-2.92032            -1.74932            -9.73937
4.26771            -4.40321            0.190741
-7.16941            -9.43693             9.34843
-5.50188             6.28834           -0.458998
-0.538347            0.976287            -7.27744
1.59947             5.74908            -6.57765
-5.39018              6.6747             9.80651
4.00128             2.00659            -7.13218
6.59291             1.91809            -5.16465
-1.71728             -6.3036            -5.45122
7.37083            -4.28175             8.26991
8.95566             -3.5136            -1.29704
-4.66109            -6.16108             6.68477
-5.64287             5.37919            -6.74246
4.72213            -8.22321             9.45647
-3.37352             5.29069             3.97778
3.26853             8.33796             2.30873
-3.85205            0.879238            -3.74676
1.53508             9.28556             6.82302
-4.43831             8.12952            0.780969
-6.6451            -7.61132            -3.99579
7.12271            -5.50401            -8.26136
-7.72759             6.79495           -0.158086
-4.4792            -4.95712              8.1756
4.6382             -1.6773            -1.93487
-0.0592058             4.92782             9.80163
-0.137334            -9.07712             2.95724
-2.59438             -4.7261            -5.56871
-5.22996             2.97464             4.66567
4.48012             -6.3863            -3.58837
7.3162            -2.83883            -3.02347
-6.60085             5.30778            0.376293
-8.08252             1.78808            -8.51527
4.85519            -1.11209            -6.99362
-8.94253             8.66756            -4.72579
0.0067143             1.32847            -8.26502
-2.5605            -5.93616             7.28965
2.98349            -9.05606             9.12564
5.80889            -4.82437             6.35731
3.6903             7.88537             5.75579
8.66359             1.72521             8.15729
4.09467             9.32829             3.25266
-1.30833            -6.53554             1.02695
6.97104             6.07501            -7.38487
4.30281            -5.86444             4.65834
1.56468            -4.80361            -6.74307
0.365307             2.94931            -4.52528
-7.76666             1.28025             4.59639
7.36778            -3.02103             2.78542
2.43263            -4.32173            -8.21009
-6.74276             8.96451              8.5989
6.51692           -0.146489              8.5641
-6.01123             8.71212            -1.06326
0.904874           -0.921964             6.55538
4.66689             4.10291            -3.07199
3.56517            -7.18589             -4.1258
-5.5977             2.21015            0.571917
-2.03558            -9.55504             1.59368
-5.70635               5.627             5.25803
-4.68459            -6.94845            -7.01895
5.74725             9.16318             -5.8507
2.77047            -2.69814            0.943938
6.84225             8.07581           0.0863673
-4.43586             2.69967             1.60253
-5.9151             8.60134             -2.6136
2.54158            -7.32536            -2.88125
-0.667134             -6.4214             9.39543
-2.04596            -7.53655             1.25828
2.94473             -4.0318             3.22581
0.599079             1.65532             9.83062
3.65062            -5.02091             -3.8197
9.49187            -8.88272             8.65169
9.03134            -3.30058            -5.86352
2.27119            -5.13047            -2.19459
3.4077             -9.5587             -5.7149
-6.47969            -2.30079             8.04468
3.52916            -6.91122             8.30897
1.33488           0.0460825            -7.19993
0.909757             4.16486             6.55293
-2.00659            -5.56017             6.84957
7.051             9.48729            -2.30934
-0.689108             8.28761            -2.45033
8.57601           -0.896329            -7.22861
7.1926             8.89218             8.60378
-1.28239             4.07056             9.43938
8.51558            -1.59368             8.87478
-0.175786             3.76904            -4.71389
9.06522             2.37861             4.56191
-2.96335            -3.93414            -4.40535
2.11493             -8.7994            -2.75735
-3.49284             4.52681             3.49681
-9.99512            -6.40339            -6.08692
5.4622            -1.60558            -6.72964
-6.60787             8.48445             1.53783
-1.67302             2.33955             -5.2443
-2.45888             6.10981             5.02884
-6.3863             9.78332            -6.74917
0.683615            0.471511             -3.0665
4.20667             4.61104            -5.12192
-3.82366             5.79882            -4.28114
-4.6675            -3.83526            -6.87063
6.59261             4.60982            -3.00668
3.47423            -1.08921              8.2168
-0.837123            -4.20545            -5.69964
-5.55498           -0.567951             4.01379
-6.55721            0.279549           0.0668358
7.79687             8.46583            -4.48897
8.51436             6.59352            -7.57103
-6.957             2.95114            -4.18653
-2.80251            -5.05936             -3.7553
6.92862            -7.64824             5.70238
3.10373            -4.60158             8.82107
-5.5678             5.48723            -5.12589
3.3845             5.98743             4.33668
-0.928067            -0.89938            -2.75918
-3.82611             9.78332             2.14789
6.21601             9.91516             -7.9397
1.0065            -1.86193             9.68932
8.34407            -1.02451            -6.88772
3.06681            -1.77374             3.27036
-2.87576             5.92883            -3.69579
7.01346           -0.011902            -8.73959
-4.65712             9.79797            -3.11106
9.71526            -7.02475            -8.47316
-4.77279            -6.60878            -5.88427
-7.74651             5.97827             -6.1684
-6.91397            -7.81549            -9.44182
-5.33555            -9.04172            -7.64458
6.0268             3.24229            -4.69832
5.45122             9.54314            -8.07428
-5.48601             2.95999            0.233467
-7.85668             6.06372             4.98703
2.26692             9.23093             4.07117
-0.922269             5.54338            -3.28013
-8.89981             9.66826            -7.13401
-2.46986            -7.12302             4.59304
-2.65633             7.76299            -7.40043
0.0753809             2.90872            -9.97345
2.66671             6.18397               6.068
-4.42             2.41707             3.07047
0.765405             2.94656            -2.90414
1.62938            0.358287             2.36335
-8.05841            -1.99072            -3.69976
-3.37931            -8.93979             6.40645
2.73019             9.08567            -4.54268
-8.09473            -2.19398             7.05008
-1.75603             2.60353            -1.79937
4.09101             7.30003            -3.25663
-6.13147             7.78588            -9.44334
7.24326             2.63253             3.78155
2.32246               3.914             2.95999
-2.96976            0.671102            -1.85003
-8.03735            -7.58629             7.76757
-6.25996            -2.10608           -0.298471
-4.42122             3.27342            -6.10004
-5.34623            -1.80731             2.69082
-5.63951            -5.79089            -5.95844
5.75518            -3.97656            -5.94623
6.73208             9.50072             5.18632
-3.04331             9.06033            -4.25184
7.93024             -7.1984            -9.30082
-5.82598             5.09384            -3.74157
4.49294             -9.0051             9.62066
-6.97501            -7.34275             3.84198
-1.84423             9.41526             4.73739
-1.3596            -8.64345             5.59008
2.61025           -0.207526            -9.71923
4.44655            -4.96658            0.837123
1.31901             9.43419             9.87884
8.76064            -2.71249            0.328379
0.271005             3.45317             5.73229
-5.85467             2.29835            -4.46303
-2.69631            -1.17283             9.13724
1.28971             3.02042            -9.29197
2.99722            -8.59645             3.83404
0.467544            -3.17148            -3.31462
4.91318             -8.6581            -2.93069
5.20737              3.2432             9.08414
3.07932             7.45201            -7.52068
5.97339            -4.98459            -8.80276
7.91162             4.53597             0.88992
3.9021             1.37394             6.24714
-4.32661             3.29447             7.86065
-1.48686              8.4344             9.71313
-7.71294              8.6111             5.00656
-2.19581             5.55834             3.50719
2.06977             4.59944             1.02542
8.70235             2.80984          -0.0659199
1.58544             6.08325            -3.65917
8.01386            -7.83807             2.29469
4.35713             5.20554             6.54775
-0.87344            -7.79504             7.46635
-1.75176           -0.184332             2.45766
-3.6021              9.2407            -1.21891
5.27757             8.09534             4.73464
-4.32051            -7.70959            -4.12519
-1.06296             8.89798             2.84127
-3.48766             4.65865            -5.18815
-6.35182             4.97147             6.68264
-2.13507            -9.13022             7.74987
9.08963            0.441908             4.36567
1.36052           -0.947599             4.86129
6.92557            -8.82565            -5.32548
-4.78866            -7.82739             4.48012
-2.0539             7.21732            -1.62267
-3.06986              6.6863             1.11942
9.50713             1.68126            -0.95584
7.31559            -5.95691             1.06632
5.05326             2.89377            -1.72307
7.92383            -7.03238            -4.24512
0.978729            -4.69955             9.65697
-7.77093             5.44267             8.47102
-0.000610065            -2.33131             -3.2844
5.47319            -2.11646             2.49336
5.6325             2.83517            -8.08069
6.64296             8.48781            -4.08277
-7.73034            -9.02066             2.86172
-9.97497            -2.40699            -9.74944
-0.950041            -1.23417             3.01248
1.90924            -1.15268            -4.73647
