-8.17276           -0.897149            -7.46742
-6.60564            -6.08762            -7.10367
9.04766            -4.80278            -7.26946
-9.40785              4.8429            -5.67478
7.03101             1.20868           -0.617212
0.251868            -1.32284            -2.55812
-7.66995             4.64465             8.06678
6.63454            0.594059             5.81667
-5.57771            -5.94963            -5.46724
2.07699             7.24521            -8.18328
6.89428            -9.56245             9.71443
-6.32198            -6.13594           -0.707045
1.54553           -0.312192            0.230943
-7.63384             1.01696             6.32554
1.48104            -5.54941             1.84414
1.7152            -9.35989            -8.32531
-1.59867            -9.45264             1.91613
-3.54681             4.37902             1.88963
2.44794            -7.02704             2.75886
7.12643             5.17961             -4.7321
8.05412             8.00259             5.70186
3.01401             6.32141             6.51058
-3.22949             3.85559              8.4262
-3.94128             6.49092             6.83482
0.926608            -9.83336             3.49243
3.91746            -7.55303            -9.82922
-4.47093            -9.43089             5.73779
5.03115            -8.50485            -0.72668
0.458481            -3.55424            -7.28464
-2.3022            -9.12238            -7.23806
-9.76672            -8.67056              7.7242
-2.85407            -4.85549             8.82538
5.05168             2.06254            -8.71392
7.79957            -3.87179             8.96951
7.05759             7.26051             4.67252
9.61873            -4.49138             2.17098
-2.95821            -1.74672            -9.74133
4.26169             -4.4029            0.198085
-7.251            -9.44455             9.36532
-5.56672              6.2897            -0.45152
-0.572233            0.977114            -7.26765
1.56523             5.75691             -6.5741
-5.54705             6.68135             9.81746
3.96621             2.00829            -7.12493
6.52891             1.92514            -5.14972
-1.74084            -6.28941            -5.44022
7.38938            -4.27149             8.26502
8.97207            -3.52206            -1.29326
-4.70911            -6.15819              6.7025
-5.66261             5.34009            -6.82115
4.69374            -8.23549             9.44248
-3.38158             5.29609             3.97212
3.27553             8.34431             2.32649
-3.8327            0.854951            -3.72738
1.48993             9.27576             6.82396
-4.43393             8.13489            0.789537
-6.6747            -7.60078            -3.99257
7.11384            -5.50576            -8.25497
-7.78699             6.78702           -0.150952
-4.53345            -4.94704             8.18289
4.57516            -1.66553            -1.92046
-0.0543464             4.89038             9.80782
-0.168377            -9.10136             2.92816
-2.60605            -4.72868            -5.57619
-5.20582             2.93527             4.59656
4.47654            -6.38481            -3.70677
7.33232            -2.83471            -3.05318
-6.59181             5.30363            0.362169
-8.07106              1.7561             -8.5041
4.86898            -1.10293            -6.97843
-8.91696             8.67725            -4.72754
0.0137171             1.32612             -8.2643
-2.53986            -5.99391              7.2937
2.98543            -9.07289             9.13878
5.82305            -4.86739             6.36945
3.69706             7.86538             5.76743
8.67676             1.67711             8.17009
4.10343             9.34667             3.26898
-1.29792            -6.55332             1.00685
6.9793             6.07168            -7.38197
4.32162            -5.85204             4.57052
1.56888            -4.80518            -6.80784
0.385225             2.94813            -4.53538
-7.75325             1.28572             4.57754
7.37091            -3.00868             2.79121
2.44864            -4.31379            -8.19578
-6.71269             8.96845             8.60516
6.53335           -0.143311             8.57293
-5.99346             8.72176            -1.05184
0.911243           -0.912966             6.56796
4.68701             4.11009            -3.06173
3.58072            -7.18216             -4.1171
-5.58365             2.21676            0.583571
-2.02534            -9.54994             1.60773
-5.69129             5.63125             5.26098
-4.66676            -6.95045            -7.01202
5.76024             9.18079            -5.92345
2.77152            -2.69211            0.925754
6.86068             8.08264           0.0748466
-4.42323             2.70548              1.5742
-5.89043             8.60567            -2.59348
2.55504            -7.31798             -2.8742
-0.643283            -6.42248             9.40317
-2.03196            -7.53548             1.26486
2.9584            -4.01793             3.23423
0.60995             1.66233             9.84395
3.66908            -5.01612             -3.8079
9.50964            -8.87599             8.66446
9.03614            -3.28957            -5.84642
2.28462            -5.11941            -2.18379
3.4192            -9.54717             -5.7273
-6.45176            -2.30438             8.04265
3.54519            -6.89656             8.27776
1.33962           0.0411498            -7.24733
0.919332             4.16071             6.53393
-1.99223            -5.55016             6.85162
7.05582             9.49529            -2.29234
-0.675197             8.26123            -2.43259
8.58217           -0.899436             -7.2217
7.2134             8.89378             8.61479
-1.2638             4.08374             9.44564
8.53429            -1.59636             8.88615
-0.159204              3.7598            -4.69612
9.08384             2.38214              4.5752
-2.95173            -3.92431            -4.39453
2.13075            -8.79774            -2.74228
-3.47544             4.52092             3.49538
-9.97588            -6.40791            -6.08228
5.47624            -1.70511            -6.85017
-6.60535             8.46508             1.52948
-1.65732             2.31696            -5.28412
-2.45818             6.08518             5.01833
-6.36811             9.75989            -6.72851
0.689019            0.487312            -3.05981
4.22133             4.61685             -5.1143
-3.81228              5.7957            -4.27074
-4.65921            -3.84802            -6.86955
6.6058             4.60759            -3.00281
3.49261            -1.09449             8.22427
-0.830534            -4.29013            -5.69948
-5.54599           -0.630841             4.02331
-6.55086            0.244688           0.0849554
7.80851             8.43242            -4.48381
8.53039             6.54878            -7.57437
-6.94051             2.96678            -4.20058
-2.80147            -5.05343            -3.87122
6.94428            -7.64988             5.65083
3.12156            -4.59716             8.80017
-5.55701              5.4899            -5.10494
3.39353             5.99797              4.3553
-0.911643           -0.901491            -2.74918
-3.81673             9.78489             2.15882
6.22476             9.92777            -7.92128
1.01251            -1.85271             9.70608
8.35843            -1.02222            -6.87224
3.08293            -1.76252             3.28173
-2.86386             5.94475            -3.68282
7.03134         -0.00470908            -8.73501
-4.64636             9.80913            -3.11208
9.73994            -7.02755            -8.49563
-4.761            -6.59033            -5.92504
-7.75205             5.98418            -6.23554
-6.89589            -7.81698             -9.4871
-5.32643            -9.03774            -7.71059
6.03254             3.24823            -4.67825
5.4615             9.55653            -8.07067
-5.46918             2.95823            0.243041
-7.84475             6.06657             4.99902
2.27605             9.23796              4.0809
-0.910402             5.55599            -3.27234
-8.87897             9.67151            -7.12203
-2.45595            -7.11251             4.60066
-2.64491              7.7655            -7.38358
0.0883871             2.92383            -9.96858
2.67083             6.19518              6.0632
-4.39776             2.41318             3.06493
0.775308             2.96258            -2.97154
1.63267            0.353711             2.32604
-8.0495            -1.99503            -3.77141
-3.37199            -8.93173             6.36592
2.73829             9.09461            -4.52136
-8.0871            -2.19335             7.06279
-1.74842             2.59779            -1.79244
4.10779              7.3021            -3.24557
-6.11573             7.79287            -9.43049
7.26018              2.5961             3.78411
2.33159             3.90178             2.96812
-2.9538            0.677155            -1.84285
-8.02207            -7.57002             7.77761
-6.24929            -2.12535           -0.281399
-4.41614             3.26838            -6.09605
-5.32247            -1.80112             2.68792
-5.62661            -5.88465            -6.04201
5.74335            -4.03077            -6.03616
6.75554             9.50138             5.16624
-3.0417             9.00244            -4.32466
7.94255            -7.22733            -9.29486
-5.83029             5.08712            -3.72655
4.50911            -9.01499             9.62956
-6.98386             -7.3983             3.84785
-1.82735              9.3461             4.74763
-1.36856            -8.68505             5.60338
2.61955           -0.218807             -9.7069
4.42815             -4.9963            0.842992
1.33792             9.40874             9.88927
8.76125            -2.72988            0.339439
0.281642             3.43472             5.70512
-5.84933             2.22111            -4.46633
-2.67997            -1.15148             9.06042
1.27099             3.02212            -9.33364
3.01501            -8.59655             3.81276
0.47186            -3.16757            -3.34306
4.91926            -8.63673             -2.9141
5.19301             3.24753             9.09871
3.09591             7.46034            -7.51346
5.96815            -4.97325             -8.7915
7.92304             4.54628            0.895541
3.88924             1.37771             6.25394
-4.29827             3.29519             7.86841
-1.48834             8.43672             9.72222
-7.6935              8.6118             5.01394
-2.20775             5.57387             3.52167
2.08137              4.6105             1.02624
8.70059             2.79688          -0.0671951
1.59981             6.09849            -3.72087
8.00912            -7.84206             2.28407
4.37624             5.20433             6.53059
-0.876309            -7.79136             7.42753
-1.73963            -0.17404             2.47167
-3.60976             9.25504            -1.21499
5.29822             8.09971             4.74674
-4.32649            -7.69988            -4.11534
-1.04925             8.90321             2.84977
-3.50188             4.66959            -5.17987
-6.33184             4.97461             6.68884
-2.1404            -9.11874             7.75829
9.09653             0.45881             4.38427
1.3526           -0.938064             4.87989
6.93526            -8.81375            -5.32407
-4.77436            -7.81859             4.47917
-2.04154             7.23368            -1.68666
-3.07902             6.67902              1.0015
9.51239             1.66917             -1.0005
7.31425            -5.94715             1.06194
5.0637              2.9116            -1.70463
7.93163            -7.03552            -4.23904
0.991895            -4.71076             9.66546
-7.77102             5.45356             8.47788
0.00900659            -2.31916            -3.26841
5.45921              -2.125             2.50267
5.64502             2.82602             -8.0671
6.63364             8.48983            -4.06625
-7.71584            -9.00311             2.87129
-9.97741            -2.40872            -9.72765
-0.944482            -1.23383             3.00885
1.9147            -1.15743            -4.73081
