Number of particles: 256
dt = 5.08585e-008
Number of timesteps: 100001
0     12558
1000   12558.4
2000   12558.8
3000   12559.2
4000   12559.6
5000     12560
6000   12560.4
7000   12560.8
8000   12561.2
9000   12561.6
10000     12562
11000   12562.4
12000   12562.8
13000   12563.2
14000   12563.6
15000     12564
16000   12564.4
17000   12564.9
18000   12565.3
19000   12565.7
20000   12566.1
21000   12566.5
22000   12566.9
23000   12567.3
24000   12567.7
25000   12568.2
26000   12568.6
27000     12569
28000   12569.4
29000   12569.9
30000   12570.3
31000   12570.7
32000   12571.2
33000   12571.6
34000     12572
35000   12572.5
36000   12572.9
37000   12573.3
38000   12573.8
39000   12574.2
40000   12574.7
41000   12575.1
42000   12575.6
43000   12576.1
44000   12576.5
45000     12577
46000   12577.5
47000   12577.9
48000   12578.4
49000   12578.9
50000   12579.4
51000   12579.8
52000   12580.3
53000   12580.8
54000   12581.3
55000   12581.8
56000   12582.3
57000   12582.8
58000   12583.3
59000   12583.8
60000   12584.4
61000   12584.9
62000   12585.4
63000   12585.9
64000   12586.5
65000     12587
66000   12587.5
67000   12588.1
68000   12588.6
69000   12589.2
70000   12589.8
71000   12590.3
72000   12590.9
73000   12591.5
74000   12592.1
75000   12592.7
76000   12593.2
77000   12593.8
78000   12594.4
79000   12595.1
80000   12595.7
81000   12596.3
82000   12596.9
83000   12597.6
84000   12598.2
